1.4336712209376627  ::  0.014962  ::  [-4.649745464324951, 9.947647049557418e-05, 0.05546633526682854]
1.4336611890973192  ::  0.030904  ::  [-4.649744987487793, 9.947326907422394e-05, 0.0554664209485054]
1.4395022814981495  ::  0.046864  ::  [-4.650137424468994, 0.0001099656947189942, 0.05610053241252899]
1.5106770147962079  ::  0.062793  ::  [-4.6446309089660645, -4.581123357638717e-05, 0.05666888505220413]
1.4715446198853834  ::  0.078753  ::  [-4.634397029876709, -0.00031340852729044855, 0.05605284869670868]
1.4715446198853834  ::  0.094536  ::  [-4.617422103881836, -0.0005999039858579636, 0.05551978200674057]
1.4753963129687417  ::  0.110494  ::  [-4.616090774536133, -0.0006344887660816312, 0.05588369816541672]
1.4753963129687417  ::  0.125642  ::  [-4.610110282897949, -0.0007835013675503433, 0.05593755096197128]
1.4358547470379512  ::  0.141598  ::  [-4.597044467926025, -0.0010117844212800264, 0.05555342882871628]
1.4478577372871908  ::  0.157556  ::  [-4.587012767791748, -0.0012573660351336002, 0.05548720434308052]
1.447884524435342  ::  0.173641  ::  [-4.580604076385498, -0.0014183090534061193, 0.055470578372478485]
1.447868409457769  ::  0.189546  ::  [-4.574316024780273, -0.0015779174864292145, 0.05546489730477333]
1.4468081293108301  ::  0.205538  ::  [-4.5648980140686035, -0.0018141126492992043, 0.05546782165765762]
1.4460457094447274  ::  0.221671  ::  [-4.55860710144043, -0.0019711689092218876, 0.05547112971544266]
1.4449032535843371  ::  0.237628  ::  [-4.549183368682861, -0.0022091458085924387, 0.05546737462282181]
1.4439074333476904  ::  0.25359  ::  [-4.542899131774902, -0.00236703222617507, 0.05546821281313896]
1.442724956847632  ::  0.269539  ::  [-4.536605358123779, -0.002526279538869858, 0.05546538904309273]
1.442325924389715  ::  0.284675  ::  [-4.530332565307617, -0.0026867289561778307, 0.055468179285526276]
1.442501268152314  ::  0.300424  ::  [-4.520901679992676, -0.0029242688324302435, 0.05546097457408905]
1.442501268152314  ::  0.316466  ::  [-4.517768383026123, -0.0030024144798517227, 0.05546357110142708]
1.4430623041596071  ::  0.332409  ::  [-4.511477947235107, -0.0031627356074750423, 0.05546557158231735]
1.4450697394453562  ::  0.348463  ::  [-4.5051960945129395, -0.003323609009385109, 0.055465053766965866]
1.4464862566461933  ::  0.364041  ::  [-4.495766639709473, -0.003560152603313327, 0.05546601861715317]
1.44748890707201  ::  0.379335  ::  [-4.486347675323486, -0.003798391204327345, 0.05546589568257332]
1.44748890707201  ::  0.394763  ::  [-4.480062484741211, -0.003957678098231554, 0.055466122925281525]
1.4489689236877872  ::  0.41072  ::  [-4.470633029937744, -0.004195006564259529, 0.05546671897172928]
1.4490795940966825  ::  0.426677  ::  [-4.464349269866943, -0.004352663643658161, 0.055467359721660614]
1.448403085203734  ::  0.442634  ::  [-4.458064079284668, -0.0045106904581189156, 0.055467639118433]
1.448403085203734  ::  0.458591  ::  [-4.448636054992676, -0.004748200997710228, 0.055468957871198654]
1.4461311935310586  ::  0.473551  ::  [-4.44234561920166, -0.004906474146991968, 0.05546785145998001]
1.4461311935310586  ::  0.489138  ::  [-4.432921886444092, -0.005143384914845228, 0.05547070875763893]
1.4433173690364247  ::  0.505076  ::  [-4.426640033721924, -0.005300705321133137, 0.05546707659959793]
1.4429817292717422  ::  0.521032  ::  [-4.417206764221191, -0.005540081299841404, 0.05546799302101135]
1.4429817292717422  ::  0.536158  ::  [-4.414063453674316, -0.005621056538075209, 0.05547002702951431]
1.4426381921008316  ::  0.552177  ::  [-4.40778112411499, -0.00577970314770937, 0.055468250066041946]
1.4417588052451924  ::  0.568111  ::  [-4.398347854614258, -0.006015778053551912, 0.055465806275606155]
1.442359648448742  ::  0.58401  ::  [-4.392074108123779, -0.006175086833536625, 0.05546431988477707]
1.442479390202629  ::  0.599233  ::  [-4.385785102844238, -0.006333725992590189, 0.05546685308218002]
1.442479390202629  ::  0.615227  ::  [-4.37949275970459, -0.0064934613183140755, 0.05546553432941437]
1.4457253308839717  ::  0.630419  ::  [-4.3700642585754395, -0.006731660105288029, 0.055464040488004684]
1.4457253308839717  ::  0.64621  ::  [-4.360644817352295, -0.006969512905925512, 0.055467791855335236]
1.4463206245588205  ::  0.661608  ::  [-4.35435676574707, -0.007129100617021322, 0.05546495318412781]
1.4486888859318168  ::  0.677609  ::  [-4.344939708709717, -0.007366650737822056, 0.05546731874346733]
1.4486888859318168  ::  0.693567  ::  [-4.33551025390625, -0.007602960802614689, 0.05546839162707329]
1.449357710861949  ::  0.709524  ::  [-4.329224586486816, -0.007760395761579275, 0.05546755716204643]
1.449147255658148  ::  0.725517  ::  [-4.319796085357666, -0.007998292334377766, 0.05546734109520912]
1.447818463699463  ::  0.741439  ::  [-4.310361385345459, -0.008236462250351906, 0.05546937137842178]
1.447818463699463  ::  0.757397  ::  [-4.304086208343506, -0.008396311663091183, 0.05546704679727554]
1.444847651575625  ::  0.773354  ::  [-4.29465389251709, -0.00863408762961626, 0.055470820516347885]
1.444847651575625  ::  0.789414  ::  [-4.285227298736572, -0.008872076869010925, 0.05547033250331879]
1.4437723236681712  ::  0.804947  ::  [-4.275795936584473, -0.009109726175665855, 0.0554710254073143]
1.4428101207688455  ::  0.820869  ::  [-4.266368389129639, -0.009346216917037964, 0.05546604469418526]
1.4432277228035684  ::  0.836398  ::  [-4.256942272186279, -0.009587454609572887, 0.055466677993535995]
1.4440050837084804  ::  0.852332  ::  [-4.250662803649902, -0.00974438525736332, 0.05546710267663002]
1.445017125644406  ::  0.868292  ::  [-4.241241455078125, -0.009983993135392666, 0.05546430125832558]
1.4461720679443728  ::  0.884249  ::  [-4.2349395751953125, -0.010141309350728989, 0.05546407774090767]
1.4461720679443728  ::  0.9002  ::  [-4.2286696434021, -0.010300367139279842, 0.055467188358306885]
1.4471625520957303  ::  0.916154  ::  [-4.222387790679932, -0.010459639132022858, 0.05546605587005615]
1.4492487480003462  ::  0.932114  ::  [-4.21294641494751, -0.010700466111302376, 0.055463697761297226]
1.4498870505226251  ::  0.947999  ::  [-4.200388431549072, -0.011013445444405079, 0.05546679347753525]
1.4501451036072046  ::  0.964289  ::  [-4.197248458862305, -0.01109401136636734, 0.055466122925281525]
1.4504664426633125  ::  0.996384  ::  [-4.194091796875, -0.011173255741596222, 0.05546548217535019]
1.4504664426633125  ::  1.011342  ::  [-4.194091796875, -0.011173255741596222, 0.05546548217535019]
1.4504664426633125  ::  1.029294  ::  [-4.194091796875, -0.011173255741596222, 0.05546548217535019]
1.4504664426633125  ::  1.045252  ::  [-4.194091796875, -0.011173255741596222, 0.05546548217535019]
1.4504664426633125  ::  1.060212  ::  [-4.194091796875, -0.011173255741596222, 0.05546548217535019]
1.4503434992582522  ::  1.075171  ::  [-4.194091796875, -0.011173255741596222, 0.05546548217535019]
1.4503434992582522  ::  1.090131  ::  [-4.190953731536865, -0.011253261007368565, 0.0554710254073143]
1.4494743576863682  ::  1.106088  ::  [-4.187816143035889, -0.011331810615956783, 0.05546904355287552]
1.4494743576863682  ::  1.122047  ::  [-4.181521415710449, -0.011491316370666027, 0.05547091364860535]
1.4475370385613175  ::  1.138005  ::  [-4.175242900848389, -0.011651253327727318, 0.05546989291906357]
1.4475370385613175  ::  1.153962  ::  [-4.168951034545898, -0.011807268485426903, 0.0554656907916069]
1.4457166864258033  ::  1.16992  ::  [-4.1626739501953125, -0.011965865269303322, 0.05546976998448372]
1.4444339982440162  ::  1.185877  ::  [-4.159516334533691, -0.012044806964695454, 0.05546753108501434]
1.443280123161107  ::  1.202833  ::  [-4.143820285797119, -0.012442159466445446, 0.05546906962990761]
1.443280123161107  ::  1.218789  ::  [-4.143820285797119, -0.012442159466445446, 0.05546906962990761]
1.4431340211458923  ::  1.232751  ::  [-4.137528896331787, -0.012601522728800774, 0.0554686039686203]
1.4428215399913642  ::  1.24871  ::  [-4.137528896331787, -0.012601522728800774, 0.0554686039686203]
1.4428215399913642  ::  1.264667  ::  [-4.13439416885376, -0.01268177479505539, 0.055465348064899445]
1.4428423507239916  ::  1.280625  ::  [-4.128111839294434, -0.012838172726333141, 0.05546534061431885]
1.443437324233723  ::  1.296581  ::  [-4.121819972991943, -0.012998315505683422, 0.05546913295984268]
1.4440906745165172  ::  1.311542  ::  [-4.115538597106934, -0.013158273883163929, 0.05546598508954048]
1.4440906745165172  ::  1.327498  ::  [-4.112398624420166, -0.013236762955784798, 0.055463097989559174]
1.4462035508475783  ::  1.343456  ::  [-4.106114864349365, -0.013393836095929146, 0.05546553432941437]
1.4468036469991874  ::  1.359414  ::  [-4.099834442138672, -0.013552042655646801, 0.05546069145202637]
1.4479867638294805  ::  1.37537  ::  [-4.093550682067871, -0.01371203362941742, 0.05546526238322258]
1.4492969862113594  ::  1.391327  ::  [-4.087264060974121, -0.01387025136500597, 0.05546601489186287]
1.4498174679704554  ::  1.406289  ::  [-4.080978870391846, -0.014030491933226585, 0.055466923862695694]
1.449999428478813  ::  1.422245  ::  [-4.074683666229248, -0.014189559035003185, 0.055466342717409134]
1.4502486236618126  ::  1.438202  ::  [-4.068410873413086, -0.014349604956805706, 0.055466920137405396]
1.4504279161275253  ::  1.453827  ::  [-4.065253257751465, -0.014428852126002312, 0.05546579137444496]
1.4504279161275253  ::  1.468787  ::  [-4.058980941772461, -0.014587201178073883, 0.05546944960951805]
1.4491805528303519  ::  1.484744  ::  [-4.052682399749756, -0.014744862914085388, 0.055468037724494934]
1.4483708552485879  ::  1.500447  ::  [-4.046411037445068, -0.014903982169926167, 0.05547000840306282]
1.4483708552485879  ::  1.516402  ::  [-4.0401225090026855, -0.015061797574162483, 0.05547033250331879]
1.447776095182268  ::  1.53168  ::  [-4.0369873046875, -0.015139983966946602, 0.05546853691339493]
1.446455627516634  ::  1.547667  ::  [-4.030703544616699, -0.015297849662601948, 0.05546829476952553]
1.4464399394258842  ::  1.563175  ::  [-4.024415016174316, -0.015457428991794586, 0.05546743422746658]
1.4453298202423455  ::  1.578556  ::  [-4.008697032928467, -0.015858137980103493, 0.05547046661376953]
1.4443683643949605  ::  1.59551  ::  [-4.002417087554932, -0.016017187386751175, 0.055468033999204636]
1.4443545972949148  ::  1.610103  ::  [-4.002417087554932, -0.016017187386751175, 0.055468033999204636]
1.44511189451914  ::  1.626055  ::  [-3.9929912090301514, -0.016254469752311707, 0.05546516925096512]
1.4456775195597815  ::  1.641984  ::  [-3.9867043495178223, -0.0164149422198534, 0.055467043071985245]
1.4468821941746426  ::  1.657974  ::  [-3.9804177284240723, -0.016574019566178322, 0.055467639118433]
1.4468821941746426  ::  1.672932  ::  [-3.97098708152771, -0.016812782734632492, 0.05546409636735916]
1.449725367138366  ::  1.68889  ::  [-3.9615671634674072, -0.017052283510565758, 0.05546480417251587]
1.449725367138366  ::  1.704889  ::  [-3.955289125442505, -0.017207281664013863, 0.055465005338191986]
1.4516417688090837  ::  1.720834  ::  [-3.9458513259887695, -0.01744438335299492, 0.05546453222632408]
1.4516417688090837  ::  1.736792  ::  [-3.939570903778076, -0.017604511231184006, 0.05546688288450241]
1.4512859586420082  ::  1.752312  ::  [-3.930142879486084, -0.01784241758286953, 0.05547023564577103]
1.4512859586420082  ::  1.768268  ::  [-3.9238598346710205, -0.018001781776547432, 0.0554678775370121]
1.4509972764278694  ::  1.784207  ::  [-3.920715570449829, -0.018080420792102814, 0.05547056347131729]
1.4493293228882111  ::  1.800165  ::  [-3.9112801551818848, -0.018317492678761482, 0.05546323210000992]
1.4493293228882111  ::  1.815317  ::  [-3.9050045013427734, -0.018474778160452843, 0.05546947196125984]
1.4480834536949185  ::  1.831279  ::  [-3.895578622817993, -0.018714992329478264, 0.05546645447611809]
1.4471288280367034  ::  1.847248  ::  [-3.886150598526001, -0.01895308680832386, 0.055468615144491196]
1.4466279830714712  ::  1.863197  ::  [-3.876720905303955, -0.01919448934495449, 0.05546623840928078]
1.4464765449709673  ::  1.879157  ::  [-3.857863426208496, -0.019670870155096054, 0.05546792224049568]
1.4470838981985694  ::  1.895247  ::  [-3.851583480834961, -0.01982935145497322, 0.055464524775743484]
1.4483984961703853  ::  1.910647  ::  [-3.851583480834961, -0.01982935145497322, 0.055464524775743484]
1.4483984961703853  ::  1.926632  ::  [-3.842160940170288, -0.02006729319691658, 0.055465564131736755]
1.4496027438984231  ::  1.942591  ::  [-3.832733154296875, -0.020306404680013657, 0.05546339973807335]
1.4521863696736863  ::  1.958539  ::  [-3.8264524936676025, -0.02046470157802105, 0.05546505004167557]
1.4521863696736863  ::  1.973502  ::  [-3.8170199394226074, -0.02070728689432144, 0.05546421930193901]
1.4533526244744661  ::  1.988462  ::  [-3.807594060897827, -0.0209435373544693, 0.055465780198574066]
1.452808130331569  ::  2.00442  ::  [-3.7981629371643066, -0.021181384101510048, 0.055469710379838943]
1.4513354775134908  ::  2.020353  ::  [-3.7918765544891357, -0.021340999752283096, 0.05546998232603073]
1.4513354775134908  ::  2.036334  ::  [-3.782454013824463, -0.021579502150416374, 0.0554669089615345]
1.450182562925934  ::  2.052328  ::  [-3.7761685848236084, -0.021738408133387566, 0.05546869710087776]
1.4475636122660571  ::  2.068284  ::  [-3.7667384147644043, -0.02197432890534401, 0.05547059699892998]
1.4465040791710588  ::  2.084002  ::  [-3.7604453563690186, -0.022132614627480507, 0.055467214435338974]
1.4465040791710588  ::  2.09953  ::  [-3.7541680335998535, -0.02229289710521698, 0.05546770617365837]
1.4459027023589803  ::  2.115463  ::  [-3.7478771209716797, -0.022453218698501587, 0.05546347051858902]
1.4458319458680473  ::  2.131441  ::  [-3.7384605407714844, -0.02269185706973076, 0.05546422302722931]
1.4469533775523988  ::  2.147221  ::  [-3.729032039642334, -0.022928887978196144, 0.05546706169843674]
1.4483732031261152  ::  2.16251  ::  [-3.7227401733398438, -0.0230898205190897, 0.05546707659959793]
1.4483732031261152  ::  2.178131  ::  [-3.713325262069702, -0.02332901582121849, 0.05546524375677109]
1.451296844255998  ::  2.194088  ::  [-3.6944735050201416, -0.023806221783161163, 0.05546245723962784]
1.451296844255998  ::  2.209311  ::  [-3.6944735050201416, -0.023806221783161163, 0.05546245723962784]
1.4523414363121867  ::  2.225269  ::  [-3.6881754398345947, -0.023965569213032722, 0.055463165044784546]
1.4523414363121867  ::  2.241242  ::  [-3.6787612438201904, -0.024202778935432434, 0.05546536296606064]
1.4526454864519582  ::  2.256188  ::  [-3.6693289279937744, -0.024440666660666466, 0.05546903237700462]
1.4525231833771326  ::  2.272115  ::  [-3.6630353927612305, -0.02460048720240593, 0.05546862632036209]
1.450250331209105  ::  2.288072  ::  [-3.653604030609131, -0.02484002895653248, 0.05546756833791733]
1.4495541855222926  ::  2.304058  ::  [-3.644193410873413, -0.0250753965228796, 0.05546743422746658]
1.4480084283357542  ::  2.320015  ::  [-3.637911319732666, -0.025236299261450768, 0.05546693876385689]
1.4474232732229544  ::  2.335973  ::  [-3.628480911254883, -0.025470156222581863, 0.05546560138463974]
1.4465002371896507  ::  2.351703  ::  [-3.6253318786621094, -0.025553664192557335, 0.05546727776527405]
1.4465002371896507  ::  2.367635  ::  [-3.6190552711486816, -0.025710199028253555, 0.05546487867832184]
1.445641661066639  ::  2.383593  ::  [-3.6159043312072754, -0.025790264829993248, 0.055468276143074036]
1.445641661066639  ::  2.399576  ::  [-3.6096277236938477, -0.02595016360282898, 0.05546668916940689]
1.445467384521098  ::  2.415506  ::  [-3.603343963623047, -0.026108164340257645, 0.055467404425144196]
1.4460307684059182  ::  2.431491  ::  [-3.5970559120178223, -0.02627045288681984, 0.05546736717224121]
1.448588674250088  ::  2.447467  ::  [-3.5876317024230957, -0.026508754119277, 0.05546598136425018]
1.448588674250088  ::  2.463411  ::  [-3.5782089233398438, -0.02674739621579647, 0.0554635189473629]
1.4516155152694614  ::  2.479369  ::  [-3.5687782764434814, -0.026985054835677147, 0.055464744567871094]
1.4521766579984603  ::  2.495354  ::  [-3.5593624114990234, -0.027225125581026077, 0.055465102195739746]
1.4523827376123242  ::  2.511125  ::  [-3.5530710220336914, -0.02738572657108307, 0.055464792996644974]
1.4523827376123242  ::  2.526807  ::  [-3.543639659881592, -0.02762145921587944, 0.05546879023313522]
1.452065880867859  ::  2.542744  ::  [-3.5342164039611816, -0.027860168367624283, 0.055466219782829285]
1.4510984486049503  ::  2.558611  ::  [-3.5279297828674316, -0.028017202392220497, 0.05546889826655388]
1.450533677337955  ::  2.574569  ::  [-3.5185000896453857, -0.028257880359888077, 0.05546903237700462]
1.4490932544750226  ::  2.590544  ::  [-3.512216806411743, -0.02841542288661003, 0.0554664321243763]
1.4490932544750226  ::  2.605521  ::  [-3.5027878284454346, -0.028651276603341103, 0.0554669126868248]
1.448009495552812  ::  2.621479  ::  [-3.4965028762817383, -0.028811002150177956, 0.0554647222161293]
1.4463976776303948  ::  2.637435  ::  [-3.487064838409424, -0.02905156835913658, 0.05546543002128601]
1.4463976776303948  ::  2.653423  ::  [-3.4776506423950195, -0.029287198558449745, 0.0554664209485054]
1.4461047265480247  ::  2.669381  ::  [-3.468222141265869, -0.029527705162763596, 0.055465519428253174]
1.4466400426242245  ::  2.685342  ::  [-3.461939811706543, -0.029688799753785133, 0.05546650290489197]
1.4474593451595086  ::  2.701291  ::  [-3.4525153636932373, -0.029926490038633347, 0.05546296387910843]
1.4501834166995802  ::  2.717253  ::  [-3.4430909156799316, -0.03016655147075653, 0.05546315759420395]
1.4501834166995802  ::  2.73319  ::  [-3.433664321899414, -0.03040539287030697, 0.055462680757045746]
1.4526438856263715  ::  2.748677  ::  [-3.4242398738861084, -0.030646201223134995, 0.055463217198848724]
1.4526438856263715  ::  2.764635  ::  [-3.41794490814209, -0.03080044314265251, 0.05546342581510544]
1.452760212285673  ::  2.780304  ::  [-3.4085195064544678, -0.03104061260819435, 0.055469829589128494]
1.4525455949353467  ::  2.796261  ::  [-3.3990893363952637, -0.031280212104320526, 0.05546610802412033]
1.4507032581284416  ::  2.812049  ::  [-3.3896708488464355, -0.031515754759311676, 0.05546724423766136]
1.4507032581284416  ::  2.828041  ::  [-3.3802452087402344, -0.0317554697394371, 0.05546478182077408]
1.4478674489624168  ::  2.843965  ::  [-3.3739569187164307, -0.031914763152599335, 0.05546912923455238]
1.4478674489624168  ::  2.859962  ::  [-3.3645267486572266, -0.032150037586688995, 0.05546870082616806]
1.4467424954617747  ::  2.875919  ::  [-3.3613898754119873, -0.032233159989118576, 0.055468834936618805]
1.4467424954617747  ::  2.891291  ::  [-3.358236074447632, -0.03230947628617287, 0.05546724423766136]
1.4460824217115162  ::  2.907282  ::  [-3.3519644737243652, -0.0324711836874485, 0.055465083569288254]
1.4456224511595983  ::  2.922254  ::  [-3.342539072036743, -0.032706331461668015, 0.05546524375677109]
1.4468290467651634  ::  2.938197  ::  [-3.3331046104431152, -0.03294961899518967, 0.055467285215854645]
1.4468290467651634  ::  2.954186  ::  [-3.3268258571624756, -0.03310655429959297, 0.05546239763498306]
1.4490000864258754  ::  2.970148  ::  [-3.3174054622650146, -0.03334847837686539, 0.05546168237924576]
1.451385636715208  ::  2.986098  ::  [-3.307973861694336, -0.03358405455946922, 0.05546555295586586]
1.451385636715208  ::  3.002098  ::  [-3.298553705215454, -0.033823832869529724, 0.055464308708906174]
1.4518625760183455  ::  3.018055  ::  [-3.2954049110412598, -0.03390209376811981, 0.05546353757381439]
1.4526179522518665  ::  3.033524  ::  [-3.2859840393066406, -0.034139253199100494, 0.05546446889638901]
1.4527873195989416  ::  3.049113  ::  [-3.276556968688965, -0.034378618001937866, 0.055466391146183014]
1.4518750624579218  ::  3.065065  ::  [-3.270271062850952, -0.03453976660966873, 0.05546609312295914]
1.4509146738275946  ::  3.081025  ::  [-3.2608470916748047, -0.034776050597429276, 0.055466488003730774]
1.4485814171740947  ::  3.096987  ::  [-3.254558801651001, -0.034932807087898254, 0.055467311292886734]
1.4485814171740947  ::  3.113085  ::  [-3.245129108428955, -0.03517427667975426, 0.05546625703573227]
1.4467869984130854  ::  3.129066  ::  [-3.2357068061828613, -0.03540866822004318, 0.055466294288635254]
1.4452927878104393  ::  3.145172  ::  [-3.232550621032715, -0.03548842668533325, 0.05546412616968155]
1.4451632276596207  ::  3.160987  ::  [-3.2231392860412598, -0.03572580963373184, 0.0554669126868248]
1.4449578950976971  ::  3.176974  ::  [-3.213710069656372, -0.03596433624625206, 0.05546395108103752]
1.4449578950976971  ::  3.192931  ::  [-3.20741868019104, -0.036125265061855316, 0.05546657741069794]
1.4448141409600097  ::  3.208974  ::  [-3.2011396884918213, -0.0362841822206974, 0.055467117577791214]
1.4472616965604013  ::  3.224537  ::  [-3.1948604583740234, -0.036442264914512634, 0.05546397343277931]
1.4472616965604013  ::  3.240518  ::  [-3.185429573059082, -0.03668162599205971, 0.05546462908387184]
1.448120379405119  ::  3.256451  ::  [-3.1791536808013916, -0.0368431881070137, 0.05546082928776741]
1.449717149567021  ::  3.272462  ::  [-3.1697232723236084, -0.03708028420805931, 0.05546486750245094]
1.4523401556517175  ::  3.28842  ::  [-3.1602985858917236, -0.0373200997710228, 0.0554657056927681]
1.4523401556517175  ::  3.303896  ::  [-3.1508734226226807, -0.03755885735154152, 0.05546216294169426]
1.4522000300520264  ::  3.319856  ::  [-3.1445794105529785, -0.0377170667052269, 0.0554661825299263]
1.4517634315536745  ::  3.335982  ::  [-3.135143756866455, -0.03795721381902695, 0.055465806275606155]
1.4517634315536745  ::  3.351418  ::  [-3.128878593444824, -0.038112107664346695, 0.05546427145600319]
1.450466656106724  ::  3.367402  ::  [-3.119441509246826, -0.03835253044962883, 0.05547020211815834]
1.4495155522647998  ::  3.383364  ::  [-3.1100144386291504, -0.038590896874666214, 0.05546989291906357]
1.4481859065324687  ::  3.399183  ::  [-3.100592851638794, -0.038826834410429, 0.05546828359365463]
1.44720278617881  ::  3.414674  ::  [-3.0943031311035156, -0.038986559957265854, 0.055469635874032974]
1.4462431446004231  ::  3.430113  ::  [-3.084876537322998, -0.03922591730952263, 0.055468007922172546]
1.446034717109032  ::  3.446054  ::  [-3.0754568576812744, -0.03946373611688614, 0.055464811623096466]
1.4472528386588215  ::  3.46202  ::  [-3.056602954864502, -0.03994129225611687, 0.05546220764517784]
1.4482940156204254  ::  3.477973  ::  [-3.056602954864502, -0.03994129225611687, 0.05546220764517784]
1.4500327256510166  ::  3.493929  ::  [-3.040898323059082, -0.04034074768424034, 0.05545937269926071]
1.451604949820589  ::  3.509916  ::  [-3.040898323059082, -0.04034074768424034, 0.05545937269926071]
1.4526537040233034  ::  3.525875  ::  [-3.0314714908599854, -0.04057687893509865, 0.05546349287033081]
1.453134378586143  ::  3.541832  ::  [-3.022042751312256, -0.04081586003303528, 0.05546531081199646]
1.453134378586143  ::  3.557788  ::  [-3.0157558917999268, -0.04097718745470047, 0.055467020720243454]
1.4528976698427196  ::  3.573746  ::  [-3.0094566345214844, -0.041135095059871674, 0.05546792596578598]
1.4511938578099188  ::  3.588705  ::  [-3.0000429153442383, -0.0413726307451725, 0.05546770244836807]
1.4503408312156076  ::  3.603912  ::  [-2.990602493286133, -0.04161103814840317, 0.0554652065038681]
1.4503408312156076  ::  3.61987  ::  [-2.9843344688415527, -0.04176843538880348, 0.05546551197767258]
1.447371726639062  ::  3.634829  ::  [-2.9749014377593994, -0.04200807213783264, 0.05546656996011734]
1.4461486958908065  ::  3.650081  ::  [-2.9654722213745117, -0.042246393859386444, 0.05546821281313896]
1.4461486958908065  ::  3.666039  ::  [-2.956047773361206, -0.04248376935720444, 0.05546659603714943]
1.4460163609756376  ::  3.681995  ::  [-2.949758768081665, -0.04264139384031296, 0.05546727031469345]
1.446618805004774  ::  3.697949  ::  [-2.9403374195098877, -0.04288313537836075, 0.05546676367521286]
1.4470889141187413  ::  3.713883  ::  [-2.92777156829834, -0.043201010674238205, 0.0554620586335659]
1.448690166592286  ::  3.729885  ::  [-2.92777156829834, -0.043201010674238205, 0.0554620586335659]
1.4497858783455442  ::  3.745797  ::  [-2.9183509349823, -0.04343848675489426, 0.0554620698094368]
1.45117763611064  ::  3.761784  ::  [-2.912062406539917, -0.043600574135780334, 0.05546393617987633]
1.45117763611064  ::  3.777712  ::  [-2.9026379585266113, -0.04383916035294533, 0.055462565273046494]
1.4523225465702634  ::  3.793748  ::  [-2.883775472640991, -0.04431813582777977, 0.0554656982421875]
1.4529661851778315  ::  3.80969  ::  [-2.883775472640991, -0.04431813582777977, 0.0554656982421875]
1.452787212877236  ::  3.825644  ::  [-2.8775014877319336, -0.04447535425424576, 0.05546499043703079]
1.452787212877236  ::  3.840601  ::  [-2.8680737018585205, -0.04471100494265556, 0.05546659976243973]
1.4517174344984827  ::  3.855599  ::  [-2.8586435317993164, -0.04495171085000038, 0.05546882748603821]
1.451117658511991  ::  3.870551  ::  [-2.8555028438568115, -0.04502948001027107, 0.05546683818101883]
1.4500607934596372  ::  3.885516  ::  [-2.8492157459259033, -0.04518881067633629, 0.055468346923589706]
1.448409915392904  ::  3.901587  ::  [-2.839784860610962, -0.045428287237882614, 0.05546579509973526]
1.4473203934985812  ::  3.917466  ::  [-2.830352306365967, -0.04566633328795433, 0.055467382073402405]
1.4468255249488726  ::  3.933328  ::  [-2.820934534072876, -0.045905616134405136, 0.05546511337161064]
1.4467054630298684  ::  3.948466  ::  [-2.814652681350708, -0.04606298357248306, 0.055464573204517365]
1.4469520968919294  ::  3.964428  ::  [-2.8052265644073486, -0.04630357772111893, 0.055465035140514374]
1.447826361105691  ::  3.980384  ::  [-2.79580020904541, -0.046543024480342865, 0.05546291172504425]
1.4509821219456485  ::  3.995666  ::  [-2.786375045776367, -0.046779803931713104, 0.05546511709690094]
1.451766099596319  ::  4.012272  ::  [-2.7706615924835205, -0.047178637236356735, 0.055463533848524094]
1.4531438768179574  ::  4.027282  ::  [-2.7706615924835205, -0.047178637236356735, 0.055463533848524094]
1.4531438768179574  ::  4.042242  ::  [-2.761227607727051, -0.04741920903325081, 0.05546131357550621]
1.45369733558414  ::  4.057767  ::  [-2.7518112659454346, -0.04765765741467476, 0.055466167628765106]
1.4535054499571451  ::  4.073748  ::  [-2.7423810958862305, -0.047891341149806976, 0.055467452853918076]
1.451582965149198  ::  4.089681  ::  [-2.7360973358154297, -0.0480511412024498, 0.05546563118696213]
1.451582965149198  ::  4.105569  ::  [-2.7266685962677, -0.048290617763996124, 0.05547009035944939]
1.4500409432223618  ::  4.121538  ::  [-2.7172420024871826, -0.04852931946516037, 0.055466245859861374]
1.448178969621593  ::  4.137485  ::  [-2.707796812057495, -0.04876803606748581, 0.0554654560983181]
1.4446976008572963  ::  4.153435  ::  [-2.7015275955200195, -0.04892376810312271, 0.055467016994953156]
1.4434543997066482  ::  4.1694  ::  [-2.6921048164367676, -0.04916132986545563, 0.055465176701545715]
1.4429899468430873  ::  4.185354  ::  [-2.682677745819092, -0.04939922317862511, 0.055465031415224075]
1.4431814055832592  ::  4.201339  ::  [-2.6732497215270996, -0.049637120217084885, 0.055464811623096466]
1.4443299445808793  ::  4.217273  ::  [-2.6638293266296387, -0.04988035559654236, 0.055463291704654694]
1.4466591458095592  ::  4.232944  ::  [-2.6575417518615723, -0.050036944448947906, 0.05546562001109123]
1.4479014931865613  ::  4.248903  ::  [-2.6481165885925293, -0.050274498760700226, 0.05546393245458603]
1.4479014931865613  ::  4.264859  ::  [-2.6386919021606445, -0.05051073804497719, 0.05546414479613304]
1.448446520937987  ::  4.279986  ::  [-2.6355481147766113, -0.05059099197387695, 0.055463485419750214]
1.4499763765903642  ::  4.295915  ::  [-2.622979164123535, -0.05090942233800888, 0.0554664246737957]
1.4501574833250752  ::  4.311873  ::  [-2.622979164123535, -0.05090942233800888, 0.0554664246737957]
1.4501574833250752  ::  4.32783  ::  [-2.6135470867156982, -0.051146190613508224, 0.055469535291194916]
1.4489520616582738  ::  4.343787  ::  [-2.5978379249572754, -0.051540978252887726, 0.055467620491981506]
1.4474295698035955  ::  4.359744  ::  [-2.5978379249572754, -0.051540978252887726, 0.055467620491981506]
1.4474295698035955  ::  4.37573  ::  [-2.588413953781128, -0.051780615001916885, 0.05546491965651512]
1.4467088781244535  ::  4.391659  ::  [-2.582127571105957, -0.0519387349486351, 0.05546746775507927]
1.4442060406804669  ::  4.407617  ::  [-2.5727016925811768, -0.052174996584653854, 0.05546474829316139]
1.4435973000706894  ::  4.423574  ::  [-2.56640625, -0.052335284650325775, 0.055466920137405396]
1.4434340158608439  ::  4.439139  ::  [-2.5601346492767334, -0.05249301344156265, 0.05546609312295914]
1.4434340158608439  ::  4.454914  ::  [-2.550703525543213, -0.05273215472698212, 0.05546710267663002]
1.4437680547999399  ::  4.470869  ::  [-2.5412778854370117, -0.05297277867794037, 0.055464185774326324]
1.4449295071239594  ::  4.48616  ::  [-2.5318539142608643, -0.05321304127573967, 0.05546429008245468]
1.4474315975160055  ::  4.502093  ::  [-2.5192792415618896, -0.053528014570474625, 0.05546203628182411]
1.4474315975160055  ::  4.517765  ::  [-2.5192792415618896, -0.053528014570474625, 0.05546203628182411]
1.448318134725932  ::  4.533725  ::  [-2.513002395629883, -0.05368519201874733, 0.05546509101986885]
1.4504418966709827  ::  4.549681  ::  [-2.5035767555236816, -0.05392435938119888, 0.055461984127759933]
1.4504418966709827  ::  4.565011  ::  [-2.497282028198242, -0.054083678871393204, 0.05546208843588829]
1.4509905529604052  ::  4.580996  ::  [-2.491011381149292, -0.054242733865976334, 0.05546550825238228]
1.4509905529604052  ::  4.59695  ::  [-2.481579542160034, -0.054479606449604034, 0.05546312779188156]
1.4507829792426603  ::  4.612905  ::  [-2.4752917289733887, -0.05464131385087967, 0.055468566715717316]
1.4497520475648116  ::  4.628864  ::  [-2.465867042541504, -0.054876215755939484, 0.05546820908784866]
1.4486761860488286  ::  4.644821  ::  [-2.4595823287963867, -0.055035509169101715, 0.055468201637268066]
1.4472986222706017  ::  4.659781  ::  [-2.4564318656921387, -0.05511515587568283, 0.05546896904706955]
1.4463270278611675  ::  4.675737  ::  [-2.4501535892486572, -0.05527404695749283, 0.055468108505010605]
1.445330140407463  ::  4.691696  ::  [-2.4438648223876953, -0.05543337017297745, 0.05546978488564491]
1.4449571480457568  ::  4.707652  ::  [-2.437586784362793, -0.055589888244867325, 0.05546730384230614]
1.4449571480457568  ::  4.723609  ::  [-2.434446334838867, -0.05567135661840439, 0.05546457692980766]
1.4439225878299113  ::  4.739566  ::  [-2.4281578063964844, -0.05583086609840393, 0.05546584352850914]
1.4443406167514574  ::  4.755163  ::  [-2.4218742847442627, -0.05598895251750946, 0.05546640604734421]
1.4445523526157278  ::  4.771122  ::  [-2.412447929382324, -0.05622991546988487, 0.055464763194322586]
1.4456610844170912  ::  4.787078  ::  [-2.4030239582061768, -0.056463222950696945, 0.05546335503458977]
1.4461444270225754  ::  4.803038  ::  [-2.3967411518096924, -0.05662449449300766, 0.05546342954039574]
1.4474577443339218  ::  4.818993  ::  [-2.393589496612549, -0.05670113489031792, 0.05546380206942558]
1.4482840905017877  ::  4.83495  ::  [-2.3873143196105957, -0.056862495839595795, 0.0554637536406517]
1.4482840905017877  ::  4.850908  ::  [-2.3810172080993652, -0.0570218488574028, 0.05546687915921211]
1.4501505464141995  ::  4.866133  ::  [-2.3747434616088867, -0.05718020349740982, 0.055465105921030045]
1.4511137098088769  ::  4.88209  ::  [-2.3716039657592773, -0.057259682565927505, 0.0554656907916069]
1.4511137098088769  ::  4.897591  ::  [-2.365318775177002, -0.057419564574956894, 0.05546704679727554]
1.4511932174796842  ::  4.913537  ::  [-2.3558895587921143, -0.05765674263238907, 0.05546852573752403]
1.4511932174796842  ::  4.929115  ::  [-2.346461772918701, -0.057893313467502594, 0.05546526610851288]
1.450309988642637  ::  4.945073  ::  [-2.3370344638824463, -0.058131955564022064, 0.05546724423766136]
1.4478584843391313  ::  4.961031  ::  [-2.3307502269744873, -0.05829053372144699, 0.0554666668176651]
1.446644098049044  ::  4.977026  ::  [-2.321320056915283, -0.05853080004453659, 0.05546905845403671]
1.4454133833379725  ::  4.992944  ::  [-2.3150367736816406, -0.0586884543299675, 0.05546794459223747]
1.4446095554500267  ::  5.008902  ::  [-2.308748960494995, -0.058847576379776, 0.05546727403998375]
1.443993024155727  ::  5.024861  ::  [-2.302460193634033, -0.05900609865784645, 0.05546658858656883]
1.4442017718122357  ::  5.040818  ::  [-2.293031930923462, -0.05924367159605026, 0.05546288192272186]
1.4444695365720412  ::  5.055778  ::  [-2.286756753921509, -0.05940551310777664, 0.05546418949961662]
1.4444695365720412  ::  5.071735  ::  [-2.280473232269287, -0.05956316739320755, 0.05546441674232483]
1.4447578986210627  ::  5.087691  ::  [-2.2773361206054688, -0.059644587337970734, 0.05546281486749649]
1.4451022895656196  ::  5.10365  ::  [-2.2741920948028564, -0.059722576290369034, 0.05546148493885994]
1.4451022895656196  ::  5.119606  ::  [-2.271048069000244, -0.059799037873744965, 0.05546199530363083]
1.447278024981386  ::  5.135563  ::  [-2.264766216278076, -0.059959884732961655, 0.055463533848524094]
1.4491411725209185  ::  5.150736  ::  [-2.258481502532959, -0.06011711433529854, 0.05546148866415024]
1.4491411725209185  ::  5.166693  ::  [-2.249056816101074, -0.0603555291891098, 0.05546184629201889]
1.451330995201848  ::  5.182011  ::  [-2.242771625518799, -0.06051764637231827, 0.055465392768383026]
1.451330995201848  ::  5.197843  ::  [-2.2333459854125977, -0.06075575202703476, 0.05546432361006737]
1.4519025966580135  ::  5.213817  ::  [-2.2239134311676025, -0.06099238991737366, 0.05546896532177925]
1.4492056324312104  ::  5.229771  ::  [-2.2144877910614014, -0.061230529099702835, 0.05546971410512924]
1.448689632983757  ::  5.245707  ::  [-2.20505690574646, -0.06146789342164993, 0.05546855181455612]
1.447358066260722  ::  5.261664  ::  [-2.192491054534912, -0.06178617104887962, 0.05546898394823074]
1.4466989530058159  ::  5.277625  ::  [-2.192491054534912, -0.06178617104887962, 0.05546898394823074]
1.4466989530058159  ::  5.293603  ::  [-2.186204195022583, -0.06194441393017769, 0.05546598136425018]
1.4450883090221622  ::  5.308274  ::  [-2.1767659187316895, -0.06218324601650238, 0.05546789616346359]
1.4450883090221622  ::  5.324249  ::  [-2.1736345291137695, -0.06226098909974098, 0.05546518787741661]
1.4446412517966436  ::  5.340215  ::  [-2.1642069816589355, -0.06249900907278061, 0.05546577647328377]
1.4442695400954069  ::  5.356177  ::  [-2.1547811031341553, -0.0627385675907135, 0.05546602979302406]
1.4456530802891576  ::  5.372137  ::  [-2.1453561782836914, -0.06297539174556732, 0.055465903133153915]
1.446399491899393  ::  5.388088  ::  [-2.1390724182128906, -0.06313633173704147, 0.05546676740050316]
1.446399491899393  ::  5.404046  ::  [-2.13278865814209, -0.06329560279846191, 0.055464956909418106]
1.4486000934726064  ::  5.420048  ::  [-2.1265127658843994, -0.0634545385837555, 0.05546168237924576]
1.4492446925755265  ::  5.436001  ::  [-2.117084503173828, -0.06369344145059586, 0.055460818111896515]
1.4501366725924478  ::  5.450969  ::  [-2.1107990741729736, -0.06384915113449097, 0.055464811623096466]
1.4501366725924478  ::  5.466918  ::  [-2.1013734340667725, -0.06408876925706863, 0.05546584352850914]
1.4503349615217898  ::  5.481881  ::  [-2.0982344150543213, -0.06416822969913483, 0.055464111268520355]
1.4503349615217898  ::  5.497877  ::  [-2.09509015083313, -0.06425123661756516, 0.05546260625123978]
1.450429090066289  ::  5.512829  ::  [-2.088803768157959, -0.0644085481762886, 0.055464498698711395]
1.450429090066289  ::  5.528786  ::  [-2.0793673992156982, -0.06464537978172302, 0.05546805262565613]
1.449069135369516  ::  5.545745  ::  [-2.0699427127838135, -0.0648827999830246, 0.0554683692753315]
1.449069135369516  ::  5.56021  ::  [-2.0699427127838135, -0.0648827999830246, 0.0554683692753315]
1.4466947908592902  ::  5.576167  ::  [-2.0636630058288574, -0.06504009664058685, 0.05546656250953674]
1.4454383562171254  ::  5.592288  ::  [-2.0573742389678955, -0.06519809365272522, 0.05546854808926582]
1.4449381515821276  ::  5.608245  ::  [-2.047945499420166, -0.06543730199337006, 0.055466435849666595]
1.4439335801656068  ::  5.6242  ::  [-2.041661500930786, -0.06559610366821289, 0.05546850711107254]
1.4435613348558411  ::  5.64012  ::  [-2.0322349071502686, -0.06583675742149353, 0.05546090006828308]
1.4435613348558411  ::  5.656099  ::  [-2.0228090286254883, -0.06607503443956375, 0.05546531826257706]
1.4438718950196652  ::  5.672074  ::  [-2.0165250301361084, -0.06623279303312302, 0.05546504259109497]
1.4445928001422188  ::  5.687529  ::  [-2.010242223739624, -0.06639216840267181, 0.05546391382813454]
1.4452893727158544  ::  5.702804  ::  [-2.003960609436035, -0.06655152887105942, 0.055464327335357666]
1.4481531429687937  ::  5.718786  ::  [-1.994536280632019, -0.06678786128759384, 0.055464353412389755]
1.4481531429687937  ::  5.734745  ::  [-1.985107421875, -0.0670270025730133, 0.05546566843986511]
1.4491754301884743  ::  5.750533  ::  [-1.9788174629211426, -0.0671871155500412, 0.055464256554841995]
1.4503024114015264  ::  5.765902  ::  [-1.9725428819656372, -0.06734630465507507, 0.055464182049036026]
1.4502340027881204  ::  5.781864  ::  [-1.9631104469299316, -0.06758156418800354, 0.055467359721660614]
1.449873923752814  ::  5.796837  ::  [-1.9536863565444946, -0.06782031059265137, 0.05546395480632782]
1.4494473570948054  ::  5.812754  ::  [-1.9473992586135864, -0.06797972321510315, 0.05546627566218376]
1.4494473570948054  ::  5.828709  ::  [-1.9442541599273682, -0.06805954873561859, 0.05546720325946808]
1.448613967294358  ::  5.844666  ::  [-1.937970757484436, -0.06821857392787933, 0.05546700954437256]
1.4465747289402862  ::  5.860625  ::  [-1.931684970855713, -0.06837183982133865, 0.055467743426561356]
1.4459096392698563  ::  5.876607  ::  [-1.925397276878357, -0.06853076815605164, 0.05546979606151581]
1.4444646273735753  ::  5.892538  ::  [-1.919116735458374, -0.06869270652532578, 0.05546502023935318]
1.443444154422893  ::  5.908782  ::  [-1.9128161668777466, -0.06885136663913727, 0.055464159697294235]
1.443444154422893  ::  5.924872  ::  [-1.903407335281372, -0.06908953189849854, 0.05546746030449867]
1.4431127835264417  ::  5.940826  ::  [-1.8939781188964844, -0.06932620704174042, 0.05546671524643898]
1.4432446915547876  ::  5.956807  ::  [-1.884542465209961, -0.06956668198108673, 0.05546584352850914]
1.4457696203918708  ::  5.972779  ::  [-1.8751293420791626, -0.0698016881942749, 0.05546506494283676]
1.4470209323921583  ::  5.988696  ::  [-1.8657004833221436, -0.07004355639219284, 0.05546463280916214]
1.4470209323921583  ::  6.004676  ::  [-1.8594200611114502, -0.07020160555839539, 0.05546027049422264]
1.4474946700441222  ::  6.019792  ::  [-1.8562806844711304, -0.07027917355298996, 0.055461984127759933]
1.450320660813215  ::  6.035747  ::  [-1.8468523025512695, -0.07051843404769897, 0.05546430125832558]
1.450320660813215  ::  6.051707  ::  [-1.837418556213379, -0.07075800001621246, 0.05546451732516289]
1.4500030570168094  ::  6.067639  ::  [-1.8342798948287964, -0.07083524763584137, 0.0554649755358696]
1.4500556708177597  ::  6.083621  ::  [-1.827986478805542, -0.07099537551403046, 0.055465810000896454]
1.4500556708177597  ::  6.098578  ::  [-1.8217101097106934, -0.07115159928798676, 0.05546377971768379]
1.4491617698101342  ::  6.113813  ::  [-1.8122782707214355, -0.07139173895120621, 0.055468011647462845]
1.4478731052128233  ::  6.129081  ::  [-1.8028572797775269, -0.07162821292877197, 0.05546686425805092]
1.4451825442883672  ::  6.144704  ::  [-1.7934268712997437, -0.07186518609523773, 0.0554671436548233]
1.4451825442883672  ::  6.160096  ::  [-1.787136197090149, -0.07202473282814026, 0.05546984821557999]
1.4443195925754184  ::  6.176053  ::  [-1.7777118682861328, -0.07226037979125977, 0.05546701326966286]
1.4428486473046327  ::  6.192013  ::  [-1.7682886123657227, -0.07249991595745087, 0.055465929210186005]
1.4428486473046327  ::  6.207969  ::  [-1.7588579654693604, -0.0727369487285614, 0.05546805262565613]
1.4430580352913758  ::  6.223354  ::  [-1.7557134628295898, -0.07281874120235443, 0.055465977638959885]
1.4437296349858586  ::  6.239312  ::  [-1.7494349479675293, -0.07297603040933609, 0.05546576529741287]
1.4445535265544913  ::  6.255269  ::  [-1.7431530952453613, -0.07313650101423264, 0.05546119064092636]
1.4477472803217069  ::  6.271227  ::  [-1.7337214946746826, -0.07337270677089691, 0.055460937321186066]
1.4488175923089892  ::  6.287184  ::  [-1.7243059873580933, -0.07360933721065521, 0.05546269938349724]
1.4488175923089892  ::  6.303265  ::  [-1.7148770093917847, -0.07385136187076569, 0.05546330288052559]
1.449808930233993  ::  6.319253  ::  [-1.705449104309082, -0.07408689707517624, 0.055464792996644974]
1.4502284532594198  ::  6.335205  ::  [-1.6960216760635376, -0.07432407140731812, 0.05546436458826065]
1.4502284532594198  ::  6.350462  ::  [-1.686596393585205, -0.07456327974796295, 0.05546775832772255]
1.4491932527133398  ::  6.366477  ::  [-1.6771618127822876, -0.07479991018772125, 0.05546833574771881]
1.447880575732228  ::  6.382434  ::  [-1.6677353382110596, -0.07503938674926758, 0.055469971150159836]
1.4453157329771824  ::  6.398391  ::  [-1.6614547967910767, -0.0751962959766388, 0.05546785145998001]
1.4440010282836608  ::  6.413353  ::  [-1.6520174741744995, -0.07543565332889557, 0.055470000952482224]
1.4439988938495452  ::  6.428476  ::  [-1.642598271369934, -0.0756743848323822, 0.055466003715991974]
1.4433487452179246  ::  6.444407  ::  [-1.6394455432891846, -0.07575198262929916, 0.05546332150697708]
1.4416088612485696  ::  6.460365  ::  [-1.6331713199615479, -0.07591210305690765, 0.055464282631874084]
1.4416088612485696  ::  6.476351  ::  [-1.623739242553711, -0.07614916563034058, 0.05546802654862404]
1.4434828944020919  ::  6.492304  ::  [-1.6143192052841187, -0.07638801634311676, 0.05546312779188156]
1.4434828944020919  ::  6.508261  ::  [-1.604896068572998, -0.07662971317768097, 0.05546237528324127]
1.4459441103808235  ::  6.524223  ::  [-1.5954707860946655, -0.07686447352170944, 0.05546299368143082]
1.4459441103808235  ::  6.54015  ::  [-1.5891858339309692, -0.07702060788869858, 0.05546029657125473]
1.4471606311050262  ::  6.555139  ::  [-1.5797526836395264, -0.07725956290960312, 0.055467575788497925]
1.4482086382558002  ::  6.571096  ::  [-1.5703306198120117, -0.07749749720096588, 0.05546700209379196]
1.448266267976922  ::  6.587054  ::  [-1.5609025955200195, -0.0777343362569809, 0.05546499788761139]
1.4464827348299025  ::  6.602728  ::  [-1.5546144247055054, -0.07789406925439835, 0.05546579509973526]
1.444884790729237  ::  6.618442  ::  [-1.545185923576355, -0.0781286433339119, 0.05546920374035835]
1.4437870512635689  ::  6.634412  ::  [-1.5357626676559448, -0.07836776971817017, 0.05546564236283302]
1.4428849326845983  ::  6.650388  ::  [-1.5263234376907349, -0.07860816270112991, 0.0554683655500412]
1.4416683052386898  ::  6.666341  ::  [-1.5200417041778564, -0.07876615226268768, 0.05546858534216881]
1.4416683052386898  ::  6.682303  ::  [-1.5106152296066284, -0.07900236546993256, 0.055468834936618805]
1.4412163388147055  ::  6.697275  ::  [-1.5011935234069824, -0.07924176752567291, 0.05546538531780243]
1.4412298924713396  ::  6.71322  ::  [-1.4886231422424316, -0.07955774664878845, 0.05546564608812332]
1.4415248712661195  ::  6.728473  ::  [-1.4886231422424316, -0.07955774664878845, 0.05546564608812332]
1.4429157752575692  ::  6.744137  ::  [-1.4823423624038696, -0.07971517741680145, 0.055465470999479294]
1.4429157752575692  ::  6.760124  ::  [-1.4729187488555908, -0.07995699346065521, 0.05546294525265694]
1.4445720961312973  ::  6.77608  ::  [-1.4634922742843628, -0.08019354939460754, 0.0554608516395092]
1.4470659689519982  ::  6.792034  ::  [-1.4540635347366333, -0.08043207228183746, 0.055463675409555435]
1.4476643575563148  ::  6.80739  ::  [-1.4446258544921875, -0.08066427707672119, 0.05546053871512413]
1.4477564583884042  ::  6.82332  ::  [-1.4352078437805176, -0.08090552687644958, 0.05546599626541138]
1.4477564583884042  ::  6.838303  ::  [-1.428924798965454, -0.08106395602226257, 0.055466074496507645]
1.4472578545789931  ::  6.853877  ::  [-1.4194910526275635, -0.08130120486021042, 0.05547008663415909]
1.4462819913013276  ::  6.869834  ::  [-1.4100627899169922, -0.08153758943080902, 0.055471230298280716]
1.4439063661306326  ::  6.885791  ::  [-1.4006273746490479, -0.08177559077739716, 0.05547121539711952]
1.4439063661306326  ::  6.901157  ::  [-1.3943469524383545, -0.08193381875753403, 0.05547184497117996]
1.4421671224915122  ::  6.916112  ::  [-1.38492751121521, -0.08217313885688782, 0.055467233061790466]
1.4413470729042877  ::  6.932075  ::  [-1.378638744354248, -0.08232954889535904, 0.055467844009399414]
1.4410210380931254  ::  6.948007  ::  [-1.3692150115966797, -0.08256734907627106, 0.05546698346734047]
1.4411669266649285  ::  6.963987  ::  [-1.3629274368286133, -0.08272691071033478, 0.05546603351831436]
1.441690183188375  ::  6.979943  ::  [-1.3566527366638184, -0.08288390189409256, 0.055462900549173355]
1.4422291278025714  ::  6.995902  ::  [-1.3503538370132446, -0.08304581791162491, 0.05546480417251587]
1.4453230967748814  ::  7.011837  ::  [-1.3315143585205078, -0.08352036774158478, 0.05546485260128975]
1.446711973053921  ::  7.027793  ::  [-1.3315143585205078, -0.08352036774158478, 0.05546485260128975]
1.4475716163939907  ::  7.043756  ::  [-1.3220864534378052, -0.08375890552997589, 0.05546405911445618]
1.448437236149584  ::  7.059715  ::  [-1.3158061504364014, -0.083915576338768, 0.055465295910835266]
1.4484339277767049  ::  7.07567  ::  [-1.3063784837722778, -0.08415255695581436, 0.055464357137680054]
1.4484339277767049  ::  7.09102  ::  [-1.2969448566436768, -0.08439075201749802, 0.05546863004565239]
1.448289319865371  ::  7.106996  ::  [-1.2906649112701416, -0.0845525935292244, 0.05546380952000618]
1.4474670291223248  ::  7.122984  ::  [-1.2812308073043823, -0.0847909152507782, 0.055467985570430756]
1.4457659918538743  ::  7.138911  ::  [-1.2718039751052856, -0.08502491563558578, 0.05546637251973152]
1.4441939811277136  ::  7.153905  ::  [-1.2655186653137207, -0.08518323302268982, 0.05546887218952179]
1.4441939811277136  ::  7.169847  ::  [-1.2623664140701294, -0.08526307344436646, 0.05547098442912102]
1.4427976343292692  ::  7.185815  ::  [-1.2560869455337524, -0.08542115241289139, 0.05547143518924713]
1.4427976343292692  ::  7.201763  ::  [-1.2498074769973755, -0.08557810634374619, 0.05546506494283676]
1.4421014886424568  ::  7.217745  ::  [-1.2466614246368408, -0.08565887808799744, 0.05546960234642029]
1.4421014886424568  ::  7.233687  ::  [-1.2403666973114014, -0.08581609278917313, 0.05546452850103378]
1.4418580564315693  ::  7.249642  ::  [-1.237235426902771, -0.08589811623096466, 0.05546848848462105]
1.441904053486761  ::  7.265572  ::  [-1.2309544086456299, -0.08605992794036865, 0.055464692413806915]
1.4427941125129784  ::  7.28153  ::  [-1.2246673107147217, -0.08621574193239212, 0.05546652525663376]
1.4427941125129784  ::  7.297512  ::  [-1.2152483463287354, -0.08645535260438919, 0.05546531453728676]
1.4455280024499817  ::  7.312447  ::  [-1.2058215141296387, -0.0866936594247818, 0.05546111613512039]
1.4455280024499817  ::  7.328423  ::  [-1.1995371580123901, -0.08685189485549927, 0.055463504046201706]
1.4482058634914499  ::  7.344362  ::  [-1.180682897567749, -0.08732835948467255, 0.05546509101986885]
1.4482058634914499  ::  7.360337  ::  [-1.180682897567749, -0.08732835948467255, 0.05546509101986885]
1.4486769331007692  ::  7.376318  ::  [-1.1712563037872314, -0.08756639063358307, 0.05546695739030838]
1.4480325474412608  ::  7.392261  ::  [-1.1618233919143677, -0.08780223876237869, 0.05546928197145462]
1.4480325474412608  ::  7.40819  ::  [-1.1555365324020386, -0.08796121180057526, 0.05547044426202774]
1.4450915106733355  ::  7.424173  ::  [-1.1461102962493896, -0.08819998800754547, 0.0554686076939106]
1.4450915106733355  ::  7.440131  ::  [-1.136681079864502, -0.08843602985143661, 0.055468086153268814]
1.4432119279911126  ::  7.456138  ::  [-1.1272467374801636, -0.08867241442203522, 0.055468618869781494]
1.4432119279911126  ::  7.471058  ::  [-1.1241064071655273, -0.08875343948602676, 0.05547117814421654]
1.44292612726303  ::  7.487035  ::  [-1.120967149734497, -0.08883324265480042, 0.055467937141656876]
1.4424879279390914  ::  7.502175  ::  [-1.114684820175171, -0.08899452537298203, 0.055466193705797195]
1.4418300953446546  ::  7.517379  ::  [-1.1052595376968384, -0.08923070132732391, 0.055467456579208374]
1.4426989167514213  ::  7.533363  ::  [-1.0958331823349, -0.08947257697582245, 0.05546562373638153]
1.4426989167514213  ::  7.549199  ::  [-1.0895482301712036, -0.08963020890951157, 0.05546284466981888]
1.4430577151262585  ::  7.565156  ::  [-1.0801160335540771, -0.08987035602331161, 0.055463891476392746]
1.4446366627632952  ::  7.581114  ::  [-1.0706970691680908, -0.09010916948318481, 0.055466391146183014]
1.4446366627632952  ::  7.597073  ::  [-1.0612740516662598, -0.09034708887338638, 0.05546466261148453]
1.4463696098217742  ::  7.612772  ::  [-1.0518345832824707, -0.09058388322591782, 0.055462054908275604]
1.4466459123180424  ::  7.627703  ::  [-1.0455588102340698, -0.09074067324399948, 0.05546572059392929]
1.4463040826944245  ::  7.643682  ::  [-1.0329886674880981, -0.09105785936117172, 0.055467717349529266]
1.4463040826944245  ::  7.658649  ::  [-1.0266972780227661, -0.09121496975421906, 0.05546938255429268]
1.4461509370466281  ::  7.674613  ::  [-1.0172697305679321, -0.09145280718803406, 0.05546616017818451]
1.444624069602013  ::  7.690609  ::  [-1.0078269243240356, -0.09169130027294159, 0.055469393730163574]
1.444624069602013  ::  7.705615  ::  [-0.9984095096588135, -0.09192901849746704, 0.0554715171456337]
1.4433981573677013  ::  7.72156  ::  [-0.9921292662620544, -0.09208784252405167, 0.05546947568655014]
1.4383976051216059  ::  7.737517  ::  [-0.9858402609825134, -0.09224623441696167, 0.05546469986438751]
1.438457582720255  ::  7.753474  ::  [-0.9763985872268677, -0.09248338639736176, 0.055467985570430756]
1.438457582720255  ::  7.769432  ::  [-0.9669783115386963, -0.09272109717130661, 0.055462345480918884]
1.4392105043545431  ::  7.785389  ::  [-0.9575682878494263, -0.09295642375946045, 0.05546414852142334]
1.440324358797784  ::  7.801453  ::  [-0.9481406807899475, -0.09319571405649185, 0.05546510964632034]
1.4432971986340322  ::  7.817414  ::  [-0.9387156963348389, -0.09343399107456207, 0.05546293780207634]
1.4443176715847144  ::  7.833406  ::  [-0.929283082485199, -0.09367170929908752, 0.055463939905166626]
1.4443176715847144  ::  7.849358  ::  [-0.923005223274231, -0.09383043646812439, 0.055463992059230804]
1.4453933196572855  ::  7.865314  ::  [-0.9135774970054626, -0.09406726807355881, 0.05546390265226364]
1.4457103898451622  ::  7.881273  ::  [-0.9041517972946167, -0.09430374950170517, 0.05546681582927704]
1.4448394340042798  ::  7.89728  ::  [-0.8947169780731201, -0.09453972429037094, 0.055469486862421036]
1.4434958077284914  ::  7.912414  ::  [-0.8852892518043518, -0.09477867931127548, 0.055469319224357605]
1.4409832586092788  ::  7.928635  ::  [-0.8695729970932007, -0.09517604112625122, 0.05547171086072922]
1.4409832586092788  ::  7.944138  ::  [-0.8695729970932007, -0.09517604112625122, 0.05547171086072922]
1.438134749560266  ::  7.959337  ::  [-0.8601412773132324, -0.09541188180446625, 0.05546664446592331]
1.438134749560266  ::  7.975295  ::  [-0.8507209420204163, -0.0956495925784111, 0.05546937882900238]
1.4379598326844902  ::  7.991252  ::  [-0.8412982225418091, -0.09588871896266937, 0.05546628311276436]
1.4379598326844902  ::  8.007209  ::  [-0.8318711519241333, -0.09612570703029633, 0.055467844009399414]
1.4387927955981143  ::  8.02217  ::  [-0.8224472999572754, -0.09636189043521881, 0.05546504631638527]
1.441361160169451  ::  8.037127  ::  [-0.8130172491073608, -0.09659957885742188, 0.05546388402581215]
1.441361160169451  ::  8.053117  ::  [-0.8067375421524048, -0.09675848484039307, 0.05546244978904724]
1.4435132033665337  ::  8.069075  ::  [-0.8035905361175537, -0.09683803468942642, 0.05546422302722931]
1.4443569451724418  ::  8.085029  ::  [-0.7941702604293823, -0.09707564115524292, 0.05546579137444496]
1.4443569451724418  ::  8.100961  ::  [-0.7878859639167786, -0.09723366796970367, 0.055464006960392]
1.4450877754136333  ::  8.116947  ::  [-0.7816011905670166, -0.09739065170288086, 0.055466197431087494]
1.4450877754136333  ::  8.132436  ::  [-0.7753169536590576, -0.09755124151706696, 0.055464234203100204]
1.4447536297528316  ::  8.148371  ::  [-0.7658835649490356, -0.09778539091348648, 0.05546969920396805]
1.443070094844129  ::  8.164328  ::  [-0.7564587593078613, -0.09802312403917313, 0.05546567589044571]
1.4420982869912833  ::  8.180313  ::  [-0.7501670122146606, -0.09818108379840851, 0.055471841245889664]
1.4404622432416536  ::  8.19629  ::  [-0.7438787221908569, -0.09833883494138718, 0.055471427738666534]
1.4394902219453962  ::  8.212466  ::  [-0.728169322013855, -0.09873353689908981, 0.055469296872615814]
1.4382224748024184  ::  8.22815  ::  [-0.728169322013855, -0.09873353689908981, 0.055469296872615814]
1.437916396950237  ::  8.244196  ::  [-0.7187379598617554, -0.09897118806838989, 0.05546855553984642]
1.437916396950237  ::  8.259184  ::  [-0.7093225121498108, -0.09920907020568848, 0.05546613782644272]
1.4391660014032321  ::  8.275141  ::  [-0.699899435043335, -0.0994444489479065, 0.055464811623096466]
1.4391660014032321  ::  8.291099  ::  [-0.6904668807983398, -0.09968511015176773, 0.05546567589044571]
1.4405530634132737  ::  8.306073  ::  [-0.6810323596000671, -0.09992063045501709, 0.05546515807509422]
1.442183450912497  ::  8.321583  ::  [-0.6716184020042419, -0.10016077011823654, 0.05546429753303528]
1.4443962187601695  ::  8.33754  ::  [-0.6653363108634949, -0.10031457990407944, 0.05546388030052185]
1.4443962187601695  ::  8.353502  ::  [-0.6559081673622131, -0.10055582970380783, 0.055465035140514374]
1.4451164835524886  ::  8.369465  ::  [-0.6464844942092896, -0.10079357028007507, 0.05546512454748154]
1.445033667508802  ::  8.385174  ::  [-0.6370487213134766, -0.10102704912424088, 0.05546712130308151]
1.4443729534283092  ::  8.401112  ::  [-0.6276192665100098, -0.10126468539237976, 0.055470697581768036]
1.4421081053882152  ::  8.417062  ::  [-0.6213372945785522, -0.10142575204372406, 0.055468253791332245]
1.4405824118823636  ::  8.432534  ::  [-0.6118923425674438, -0.1016593724489212, 0.05546874552965164]
1.4405824118823636  ::  8.448491  ::  [-0.602463960647583, -0.10189764201641083, 0.05547060817480087]
1.4384613179799572  ::  8.464448  ::  [-0.5930474996566772, -0.10213474929332733, 0.0554710254073143]
1.4384613179799572  ::  8.480405  ::  [-0.5836255550384521, -0.10237237811088562, 0.05546724423766136]
1.4386315391006788  ::  8.495999  ::  [-0.5741933584213257, -0.10261061787605286, 0.055465035140514374]
1.43914657805278  ::  8.511839  ::  [-0.5647666454315186, -0.10284899920225143, 0.05546201765537262]
1.4416095015788042  ::  8.527824  ::  [-0.5584927201271057, -0.10300404578447342, 0.05546403303742409]
1.4416095015788042  ::  8.543221  ::  [-0.5459221601486206, -0.10332419723272324, 0.05546576529741287]
1.4443824516601236  ::  8.559202  ::  [-0.5364961624145508, -0.10355911403894424, 0.05546508729457855]
1.4443824516601236  ::  8.575156  ::  [-0.5270736217498779, -0.10379864275455475, 0.05546126514673233]
1.4451504210549269  ::  8.591098  ::  [-0.5207837820053101, -0.10395481437444687, 0.05546630173921585]
1.4453860625812924  ::  8.606725  ::  [-0.5113584399223328, -0.10419290512800217, 0.055464960634708405]
1.4406228594088548  ::  8.621946  ::  [-0.5019218921661377, -0.10442771017551422, 0.055469170212745667]
1.4384453097240901  ::  8.637902  ::  [-0.49249088764190674, -0.10466403514146805, 0.05547020584344864]
1.4379542831557897  ::  8.653954  ::  [-0.48620662093162537, -0.10482189059257507, 0.055471163243055344]
1.4364724522710142  ::  8.669909  ::  [-0.4830513298511505, -0.10490113496780396, 0.055468715727329254]
1.4358546403162453  ::  8.685889  ::  [-0.47363629937171936, -0.10513892024755478, 0.05546963959932327]
1.4358546403162453  ::  8.701824  ::  [-0.4704921841621399, -0.10521536320447922, 0.055470772087574005]
1.4340800717925115  ::  8.71797  ::  [-0.46734002232551575, -0.1052950993180275, 0.05547059699892998]
1.4337544638681723  ::  8.733864  ::  [-0.45791110396385193, -0.10553155839443207, 0.05546726658940315]
1.433375708534354  ::  8.749855  ::  [-0.4516410529613495, -0.10568766295909882, 0.05546737462282181]
1.433375708534354  ::  8.765808  ::  [-0.4453580379486084, -0.10584606975317001, 0.05546838417649269]
1.433480615971137  ::  8.781769  ::  [-0.43907272815704346, -0.10600502789020538, 0.055464036762714386]
1.4353075848524097  ::  8.797726  ::  [-0.4296416938304901, -0.10624174773693085, 0.05546456575393677]
1.4366738361298237  ::  8.812658  ::  [-0.423366904258728, -0.1063995435833931, 0.05546574667096138]
1.4382746617165456  ::  8.827619  ::  [-0.4139450788497925, -0.10663818567991257, 0.05546349287033081]
1.439031318610536  ::  8.843575  ::  [-0.4045119881629944, -0.10687397420406342, 0.05546549707651138]
1.4399219112452821  ::  8.859532  ::  [-0.3887978792190552, -0.10726660490036011, 0.055468346923589706]
1.4399219112452821  ::  8.87549  ::  [-0.3887978792190552, -0.10726660490036011, 0.055468346923589706]
1.44010461880558  ::  8.891474  ::  [-0.37936827540397644, -0.1075029969215393, 0.055465854704380035]
1.4391593846574737  ::  8.907566  ::  [-0.36994215846061707, -0.10774065554141998, 0.05546972155570984]
1.4381842684317487  ::  8.923503  ::  [-0.3605145812034607, -0.1079748198390007, 0.05546882003545761]
1.4360259286540247  ::  8.938433  ::  [-0.35422173142433167, -0.10813276469707489, 0.055470630526542664]
1.4351070547672464  ::  8.953895  ::  [-0.3353690207004547, -0.10860547423362732, 0.055470727384090424]
1.4338738854569417  ::  8.969852  ::  [-0.3353690207004547, -0.10860547423362732, 0.055470727384090424]
1.4338738854569417  ::  8.985809  ::  [-0.32594895362854004, -0.10884112864732742, 0.05546417087316513]
1.4334188241034895  ::  9.001845  ::  [-0.3165167570114136, -0.10908079147338867, 0.0554666668176651]
1.4338172162311718  ::  9.017789  ::  [-0.30709174275398254, -0.1093149483203888, 0.055467214435338974]
1.4338172162311718  ::  9.033743  ::  [-0.30080464482307434, -0.10947281122207642, 0.055465273559093475]
1.436205968171678  ::  9.049728  ::  [-0.29138827323913574, -0.10971195995807648, 0.05546415597200394]
1.436205968171678  ::  9.065685  ::  [-0.28510570526123047, -0.10986901074647903, 0.055462390184402466]
1.4390509554043998  ::  9.081643  ::  [-0.2756783664226532, -0.11010625958442688, 0.05546096712350845]
1.4390509554043998  ::  9.097073  ::  [-0.26624932885169983, -0.1103411465883255, 0.05546687915921211]
1.4402480527781503  ::  9.113124  ::  [-0.2568252682685852, -0.1105760708451271, 0.05546349659562111]
1.4399687620741202  ::  9.129218  ::  [-0.2473849654197693, -0.11081309616565704, 0.055467016994953156]
1.438861417654932  ::  9.145011  ::  [-0.23796364665031433, -0.11105312407016754, 0.05546771362423897]
1.4378477748934197  ::  9.160968  ::  [-0.22224241495132446, -0.11144354194402695, 0.05547109991312027]
1.4363246427085068  ::  9.176953  ::  [-0.22224241495132446, -0.11144354194402695, 0.05547109991312027]
1.4363246427085068  ::  9.192151  ::  [-0.21281763911247253, -0.11167965829372406, 0.05547187477350235]
1.4342958630816016  ::  9.208047  ::  [-0.20339593291282654, -0.11191504448652267, 0.055465217679739]
1.4336441136243943  ::  9.223961  ::  [-0.2002478390932083, -0.1119944304227829, 0.05547023192048073]
1.4336441136243943  ::  9.239945  ::  [-0.19396668672561646, -0.11215262860059738, 0.05546751990914345]
1.4330653618139415  ::  9.254901  ::  [-0.18453669548034668, -0.11238895356655121, 0.05546913668513298]
1.4337513689387045  ::  9.270888  ::  [-0.17511489987373352, -0.11262592673301697, 0.05546560138463974]
1.4337513689387045  ::  9.286842  ::  [-0.16883420944213867, -0.1127825677394867, 0.05546405538916588]
1.4354005394581453  ::  9.301804  ::  [-0.16254806518554688, -0.11294259130954742, 0.05546446889638901]
1.4354005394581453  ::  9.317757  ::  [-0.15626490116119385, -0.11310087144374847, 0.05546513572335243]
1.4363517500217753  ::  9.333714  ::  [-0.14997917413711548, -0.11325770616531372, 0.055466178804636]
1.439086920619248  ::  9.349219  ::  [-0.14055052399635315, -0.11349306255578995, 0.05546470731496811]
1.439912733178585  ::  9.365182  ::  [-0.13112851977348328, -0.11373022198677063, 0.05546647310256958]
1.4399036618335936  ::  9.381135  ::  [-0.1216992661356926, -0.1139649748802185, 0.05546838417649269]
1.4398249012147268  ::  9.397106  ::  [-0.11226828396320343, -0.11420397460460663, 0.05546841770410538]
1.4390837189680747  ::  9.412599  ::  [-0.10913192480802536, -0.11427943408489227, 0.05546662211418152]
1.4384090243441243  ::  9.428599  ::  [-0.1028420701622963, -0.11443998664617538, 0.0554681196808815]
1.4374475684967394  ::  9.444555  ::  [-0.09341201186180115, -0.11467640101909637, 0.05546918511390686]
1.4364868597012947  ::  9.460512  ::  [-0.08084757626056671, -0.1149917021393776, 0.05546868219971657]
1.4364868597012947  ::  9.47647  ::  [-0.08084757626056671, -0.1149917021393776, 0.05546868219971657]
1.4348534839943097  ::  9.492453  ::  [-0.07141605764627457, -0.11522980034351349, 0.05546440929174423]
1.433085532216334  ::  9.508442  ::  [-0.06198986619710922, -0.11546382308006287, 0.05546620860695839]
1.43329940251472  ::  9.523942  ::  [-0.05256500095129013, -0.11570131778717041, 0.05546477064490318]
1.4342784674435591  ::  9.5399  ::  [-0.04628022760152817, -0.11586111038923264, 0.055464740842580795]
1.4350765323593928  ::  9.555636  ::  [-0.027420436963438988, -0.11633582413196564, 0.05545885115861893]
1.4367384027618215  ::  9.571565  ::  [-0.027420436963438988, -0.11633582413196564, 0.05545885115861893]
1.4367384027618215  ::  9.587528  ::  [-0.01800735667347908, -0.11657164990901947, 0.05546482652425766]
1.4394286435211603  ::  9.603485  ::  [-0.008579718880355358, -0.11680811643600464, 0.05546184629201889]
1.4402923422860496  ::  9.619443  ::  [0.0008577456464990973, -0.11704392731189728, 0.05546523258090019]
1.4402923422860496  ::  9.635504  ::  [0.010274216532707214, -0.11728404462337494, 0.055463194847106934]
1.4393744288946233  ::  9.651602  ::  [0.019702311605215073, -0.11751636117696762, 0.055466003715991974]
1.4385671859120925  ::  9.667533  ::  [0.029129814356565475, -0.11775338649749756, 0.055466700345277786]
1.4370702005450962  ::  9.683524  ::  [0.03543143719434738, -0.11791117489337921, 0.055466316640377045]
1.435624334875169  ::  9.699477  ::  [0.04484953358769417, -0.11814983934164047, 0.055467911064624786]
1.433833651373862  ::  9.715434  ::  [0.054272353649139404, -0.11838365346193314, 0.05546627193689346]
1.432779454364153  ::  9.731391  ::  [0.06369644403457642, -0.11861599236726761, 0.05546259135007858]
1.4284108013379893  ::  9.747349  ::  [0.06999094039201736, -0.11876946687698364, 0.05546164885163307]
1.4273871267361335  ::  9.763306  ::  [0.07940678298473358, -0.11901084333658218, 0.05546407401561737]
1.425797506928519  ::  9.778515  ::  [0.08881686627864838, -0.11922729015350342, 0.055443175137043]
1.4272366491309818  ::  9.793693  ::  [0.09825177490711212, -0.11947765946388245, 0.055457938462495804]
1.428143356743301  ::  9.809808  ::  [0.10768246650695801, -0.11971840262413025, 0.05546385049819946]
1.429597546706279  ::  9.825755  ::  [0.11396493017673492, -0.11987464874982834, 0.05546393617987633]
1.429597546706279  ::  9.841719  ::  [0.12339358776807785, -0.12011176347732544, 0.05546174943447113]
1.430749500798484  ::  9.857707  ::  [0.13282421231269836, -0.12034499645233154, 0.05546257644891739]
1.4310993345500356  ::  9.873678  ::  [0.1359565258026123, -0.12042434513568878, 0.055462781339883804]
1.431606902982732  ::  9.889622  ::  [0.14538897573947906, -0.12065967172384262, 0.05546395480632782]
1.431170411206086  ::  9.905605  ::  [0.15481886267662048, -0.1208949163556099, 0.05546548217535019]
1.431170411206086  ::  9.921564  ::  [0.16109350323677063, -0.12105904519557953, 0.05545901507139206]
1.4312603776040598  ::  9.936536  ::  [0.17051807045936584, -0.12129506468772888, 0.05545700341463089]
1.4302978545396168  ::  9.952475  ::  [0.1799519956111908, -0.12152642011642456, 0.05546177551150322]
1.428245916302557  ::  9.967439  ::  [0.1893799751996994, -0.12175822257995605, 0.05546529218554497]
1.4274207440734548  ::  9.983492  ::  [0.19567157328128815, -0.1219141036272049, 0.05546625703573227]
1.4272858478373471  ::  9.999409  ::  [0.20510083436965942, -0.12214717268943787, 0.05546627938747406]
1.4272858478373471  ::  10.015389  ::  [0.21137812733650208, -0.12230580300092697, 0.05546459183096886]
1.4273235205994879  ::  10.031423  ::  [0.22080931067466736, -0.12254040688276291, 0.055463824421167374]
1.4292067318197073  ::  10.047381  ::  [0.23023755848407745, -0.12277643382549286, 0.05546659231185913]
1.4292067318197073  ::  10.063338  ::  [0.23966456949710846, -0.1230124831199646, 0.05546129122376442]
1.430730931221678  ::  10.078297  ::  [0.24908164143562317, -0.1232481449842453, 0.05546195060014725]
1.4323528877061444  ::  10.094227  ::  [0.25850602984428406, -0.12348359823226929, 0.05546259507536888]
1.4330982320993222  ::  10.109418  ::  [0.26479819416999817, -0.12363980710506439, 0.055460695177316666]
1.4338574503142514  ::  10.125346  ::  [0.2742190957069397, -0.12387663125991821, 0.05546513944864273]
1.4336927787222307  ::  10.140347  ::  [0.2836477756500244, -0.12410959601402283, 0.05546507611870766]
1.432155879437272  ::  10.155294  ::  [0.29308199882507324, -0.12434695661067963, 0.055469248443841934]
1.4312126730015755  ::  10.171223  ::  [0.30251023173332214, -0.12458039075136185, 0.055469729006290436]
1.4312126730015755  ::  10.187181  ::  [0.30880680680274963, -0.12473909556865692, 0.055469755083322525]
1.4282314021505707  ::  10.203138  ::  [0.31823545694351196, -0.12497410923242569, 0.055467281490564346]
1.4273795494950232  ::  10.219095  ::  [0.3276498019695282, -0.12521131336688995, 0.0554661825299263]
1.427250202787616  ::  10.235077  ::  [0.3370743691921234, -0.1254435032606125, 0.05546564608812332]
1.4274297086967405  ::  10.250375  ::  [0.34650474786758423, -0.12567901611328125, 0.05546744912862778]
1.4283023720849153  ::  10.266078  ::  [0.35278216004371643, -0.12583646178245544, 0.05546397715806961]
1.4283023720849153  ::  10.282037  ::  [0.3622075319290161, -0.12607230246067047, 0.05546286329627037]
1.4305059618658906  ::  10.297992  ::  [0.3716350197792053, -0.12630650401115417, 0.05546313524246216]
1.4315150155940544  ::  10.313468  ::  [0.3747797906398773, -0.12638702988624573, 0.05545921251177788]
1.4315150155940544  ::  10.328923  ::  [0.3810616135597229, -0.12654508650302887, 0.05546366795897484]
1.43389821800586  ::  10.344386  ::  [0.39991384744644165, -0.12701450288295746, 0.055463649332523346]
1.43389821800586  ::  10.359666  ::  [0.39991384744644165, -0.12701450288295746, 0.055463649332523346]
1.4342054697968047  ::  10.375654  ::  [0.4062020778656006, -0.12717090547084808, 0.05546567589044571]
1.4331772061616004  ::  10.391581  ::  [0.4250611364841461, -0.12764222919940948, 0.05547010153532028]
1.4331772061616004  ::  10.407487  ::  [0.4250611364841461, -0.12764222919940948, 0.05547010153532028]
1.4309856759333783  ::  10.423445  ::  [0.43134790658950806, -0.12779951095581055, 0.055470433086156845]
1.4296836711228447  ::  10.438375  ::  [0.4502055048942566, -0.12827003002166748, 0.05547090619802475]
1.4296836711228447  ::  10.45435  ::  [0.4502055048942566, -0.12827003002166748, 0.05547090619802475]
1.4279327948177942  ::  10.470292  ::  [0.45648956298828125, -0.12842674553394318, 0.0554685965180397]
1.4279327948177942  ::  10.486282  ::  [0.465914249420166, -0.12866172194480896, 0.0554666705429554]
1.427716043033352  ::  10.502204  ::  [0.46905505657196045, -0.1287398487329483, 0.05546729639172554]
1.4275418732095166  ::  10.518161  ::  [0.478482186794281, -0.12897491455078125, 0.055465053766965866]
1.427774206363003  ::  10.534214  ::  [0.48476457595825195, -0.1291324943304062, 0.05546318739652634]
1.4302327542990902  ::  10.550164  ::  [0.49419480562210083, -0.12936855852603912, 0.055464088916778564]
1.4311395686331152  ::  10.566108  ::  [0.5036168098449707, -0.1296057105064392, 0.05546320974826813]
1.4324334625940094  ::  10.582236  ::  [0.5098965167999268, -0.12976469099521637, 0.0554623156785965]
1.4333883016956361  ::  10.5982  ::  [0.5193217992782593, -0.12999817728996277, 0.05546365678310394]
1.4339907457247725  ::  10.613141  ::  [0.5287513732910156, -0.13023459911346436, 0.055465005338191986]
1.4339907457247725  ::  10.62817  ::  [0.5381780862808228, -0.1304692029953003, 0.055465150624513626]
1.4335191425069242  ::  10.643903  ::  [0.5444666743278503, -0.1306242048740387, 0.055466629564762115]
1.432802826417719  ::  10.659898  ::  [0.5538989305496216, -0.1308601200580597, 0.05546677112579346]
1.4322346400561385  ::  10.675722  ::  [0.5601785182952881, -0.1310163140296936, 0.055466897785663605]
1.4312985839747294  ::  10.691165  ::  [0.5633252859115601, -0.13109536468982697, 0.05546983331441879]
1.4296950903453634  ::  10.706093  ::  [0.5696128010749817, -0.13125234842300415, 0.05547090992331505]
1.4293022477463817  ::  10.722048  ::  [0.5790374279022217, -0.13148708641529083, 0.055468156933784485]
1.4293022477463817  ::  10.738004  ::  [0.5821831226348877, -0.1315656155347824, 0.05547042563557625]
1.4275515848847429  ::  10.753962  ::  [0.5884683132171631, -0.13172174990177155, 0.055469121783971786]
1.4270082646806095  ::  10.769919  ::  [0.5947519540786743, -0.1318817287683487, 0.05546882376074791]
1.4271888378067916  ::  10.785918  ::  [0.6041772365570068, -0.1321161985397339, 0.0554669089615345]
1.4271888378067916  ::  10.801872  ::  [0.6136002540588379, -0.13235077261924744, 0.0554644912481308]
1.4283434599416411  ::  10.817929  ::  [0.6167440414428711, -0.13242985308170319, 0.055465541779994965]
1.4283434599416411  ::  10.833888  ::  [0.6261643171310425, -0.13266591727733612, 0.05546179413795471]
1.4299409771554836  ::  10.849852  ::  [0.629309892654419, -0.13274507224559784, 0.05546288192272186]
1.430898484299755  ::  10.865796  ::  [0.6356011033058167, -0.13290442526340485, 0.05546368286013603]
1.430898484299755  ::  10.881783  ::  [0.641876220703125, -0.13305868208408356, 0.0554630272090435]
1.4317507638421256  ::  10.897788  ::  [0.6450214385986328, -0.13313573598861694, 0.05546510964632034]
1.4326999466933457  ::  10.912685  ::  [0.6481595039367676, -0.13321712613105774, 0.05546009540557861]
1.4332916118301982  ::  10.927562  ::  [0.6607306599617004, -0.1335272639989853, 0.05546353757381439]
1.4338450705963808  ::  10.943545  ::  [0.6607306599617004, -0.1335272639989853, 0.05546353757381439]
1.4342164621325002  ::  10.959476  ::  [0.6670093536376953, -0.13368558883666992, 0.05546056851744652]
1.4340091018581669  ::  10.975258  ::  [0.6733030676841736, -0.1338435411453247, 0.05546355992555618]
1.4340091018581669  ::  10.991246  ::  [0.6827343702316284, -0.13407759368419647, 0.05546405166387558]
1.4314730739636823  ::  11.007203  ::  [0.6921564340591431, -0.13431362807750702, 0.0554664172232151]
1.429867659343612  ::  11.022164  ::  [0.7015922665596008, -0.13454869389533997, 0.05547081679105759]
1.4289460106924832  ::  11.037879  ::  [0.7110195159912109, -0.1347837597131729, 0.05547044053673744]
1.4289460106924832  ::  11.052842  ::  [0.7173100709915161, -0.13494059443473816, 0.055469345301389694]
1.4278342906833579  ::  11.067752  ::  [0.7267351746559143, -0.13517539203166962, 0.055463001132011414]
1.4274599109394766  ::  11.083709  ::  [0.7267351746559143, -0.13517539203166962, 0.055463001132011414]
1.4272861680024644  ::  11.099391  ::  [0.7330126762390137, -0.13533201813697815, 0.055467188358306885]
1.4272861680024644  ::  11.115376  ::  [0.7424401640892029, -0.13556867837905884, 0.05546646937727928]
1.4278154009414346  ::  11.131337  ::  [0.7518675923347473, -0.13580335676670074, 0.055465009063482285]
1.4289171958319222  ::  11.147291  ::  [0.7613016366958618, -0.13604290783405304, 0.05546368286013603]
1.4320701819075294  ::  11.163248  ::  [0.7707173824310303, -0.13627883791923523, 0.055464744567871094]
1.4320701819075294  ::  11.178892  ::  [0.7801393866539001, -0.13651306927204132, 0.05546324700117111]
1.4341534963260891  ::  11.194405  ::  [0.7895684242248535, -0.136747807264328, 0.05546446517109871]
1.434371848936118  ::  11.210363  ::  [0.7958558797836304, -0.1369042992591858, 0.05546478182077408]
1.434250186191527  ::  11.225738  ::  [0.8052765130996704, -0.13714170455932617, 0.055464230477809906]
1.434250186191527  ::  11.241689  ::  [0.8115615844726562, -0.13729824125766754, 0.05546586960554123]
1.4329196866855498  ::  11.257265  ::  [0.8209959268569946, -0.13753032684326172, 0.055467791855335236]
1.4329196866855498  ::  11.273222  ::  [0.8272792100906372, -0.13768884539604187, 0.05546725168824196]
1.4296036298435086  ::  11.288403  ::  [0.8367056846618652, -0.13792388141155243, 0.05546724051237106]
1.4287199741196381  ::  11.304399  ::  [0.8461377620697021, -0.13815638422966003, 0.055467672646045685]
1.4287199741196381  ::  11.320506  ::  [0.8524298667907715, -0.13831445574760437, 0.05546839162707329]
1.4273846721369006  ::  11.336487  ::  [0.8618451356887817, -0.13855384290218353, 0.05546264350414276]
1.4273846721369006  ::  11.352449  ::  [0.8712759017944336, -0.13878485560417175, 0.05546575039625168]
1.4293081174401998  ::  11.367964  ::  [0.8807035684585571, -0.13902312517166138, 0.05546077713370323]
1.4303086334319008  ::  11.383934  ::  [0.8901286125183105, -0.13926097750663757, 0.055465444922447205]
1.4318675173882505  ::  11.399596  ::  [0.8964152336120605, -0.13941697776317596, 0.05546693876385689]
1.4327778535385662  ::  11.415553  ::  [0.9058412313461304, -0.13965293765068054, 0.055466823279857635]
1.4327778535385662  ::  11.43151  ::  [0.9121266603469849, -0.1398109644651413, 0.05546726658940315]
1.4341253217957628  ::  11.447247  ::  [0.9215531349182129, -0.14004744589328766, 0.05546721816062927]
1.4350050288165193  ::  11.463292  ::  [0.9309759736061096, -0.14028139412403107, 0.05546277388930321]
1.4350050288165193  ::  11.47922  ::  [0.9404040575027466, -0.14051665365695953, 0.05546381324529648]
1.4336560664554416  ::  11.495201  ::  [0.9498370885848999, -0.14075173437595367, 0.05546944588422775]
1.4321830934722461  ::  11.511137  ::  [0.9561188220977783, -0.14090967178344727, 0.055467668920755386]
1.430515566819411  ::  11.527094  ::  [0.9655473828315735, -0.1411438286304474, 0.05546791851520538]
1.4295964794892213  ::  11.543078  ::  [0.9749795198440552, -0.14138051867485046, 0.05547020584344864]
1.4295964794892213  ::  11.558819  ::  [0.9812586307525635, -0.14153727889060974, 0.0554671473801136]
1.4280675843321962  ::  11.574776  ::  [0.9938259720802307, -0.14184893667697906, 0.055465660989284515]
1.4280675843321962  ::  11.589764  ::  [0.9938259720802307, -0.14184893667697906, 0.055465660989284515]
1.427804408605739  ::  11.605394  ::  [1.00325608253479, -0.14208775758743286, 0.0554657056927681]
1.4283974611247665  ::  11.621351  ::  [1.0126850605010986, -0.1423233449459076, 0.05546678230166435]
1.4290577483184363  ::  11.63746  ::  [1.0189793109893799, -0.14248044788837433, 0.055463727563619614]
1.4303818445220668  ::  11.652716  ::  [1.0283958911895752, -0.1427159607410431, 0.05546736717224121]
1.4330391082743192  ::  11.668691  ::  [1.0378222465515137, -0.14295198023319244, 0.055467136204242706]
1.4341365275748699  ::  11.684427  ::  [1.0441083908081055, -0.14310899376869202, 0.05546686798334122]
1.4349673560543783  ::  11.69961  ::  [1.053543210029602, -0.14334720373153687, 0.05546336621046066]
1.4349695972102  ::  11.715538  ::  [1.0598117113113403, -0.1435001641511917, 0.055463314056396484]
1.4349695972102  ::  11.730878  ::  [1.0692427158355713, -0.14373765885829926, 0.05546673759818077]
1.4338842374624026  ::  11.746837  ::  [1.0755276679992676, -0.14389418065547943, 0.05546601861715317]
1.432336986171983  ::  11.762791  ::  [1.0849597454071045, -0.14412756264209747, 0.05546984449028969]
1.4308086246234868  ::  11.778722  ::  [1.094387412071228, -0.14436355233192444, 0.05546991154551506]
1.430291984845799  ::  11.794743  ::  [1.1069552898406982, -0.14467933773994446, 0.0554657056927681]
1.430291984845799  ::  11.80996  ::  [1.1069552898406982, -0.14467933773994446, 0.0554657056927681]
1.4283349222051787  ::  11.825879  ::  [1.1226727962493896, -0.14507034420967102, 0.055468447506427765]
1.4283349222051787  ::  11.841835  ::  [1.1226727962493896, -0.14507034420967102, 0.055468447506427765]
1.4275667393669638  ::  11.85682  ::  [1.1226727962493896, -0.14507034420967102, 0.055468447506427765]
1.4276322664943135  ::  11.872814  ::  [1.1320955753326416, -0.14530667662620544, 0.05546487495303154]
1.428014970531246  ::  11.887741  ::  [1.1383730173110962, -0.14546094834804535, 0.055462174117565155]
1.428014970531246  ::  11.903368  ::  [1.1446645259857178, -0.1456218808889389, 0.055465660989284515]
1.429615049066027  ::  11.919297  ::  [1.1509501934051514, -0.14577795565128326, 0.05546729266643524]
1.429615049066027  ::  11.935283  ::  [1.1572325229644775, -0.14593605697155, 0.055465999990701675]
1.4321116966510783  ::  11.95124  ::  [1.1635215282440186, -0.14609278738498688, 0.0554666742682457]
1.4321116966510783  ::  11.967196  ::  [1.1729445457458496, -0.14632821083068848, 0.055467043071985245]
1.4334526548842224  ::  11.983145  ::  [1.1823700666427612, -0.14656595885753632, 0.055465251207351685]
1.4343627775911265  ::  11.998662  ::  [1.1855145692825317, -0.14664261043071747, 0.05546760559082031]
1.4346469774936226  ::  12.014618  ::  [1.1918041706085205, -0.1467995047569275, 0.055467210710048676]
1.434495859558236  ::  12.030616  ::  [1.198081135749817, -0.14695681631565094, 0.05546693503856659]
1.4343563742887797  ::  12.046533  ::  [1.2043629884719849, -0.14711226522922516, 0.05546632036566734]
1.4343563742887797  ::  12.061873  ::  [1.2075049877166748, -0.14719244837760925, 0.05546477064490318]
1.4339559544486875  ::  12.076495  ::  [1.2137877941131592, -0.1473487764596939, 0.055464550852775574]
1.4316012467323258  ::  12.092437  ::  [1.2232283353805542, -0.14758291840553284, 0.05547066405415535]
1.4305211163481117  ::  12.108431  ::  [1.2326602935791016, -0.14781814813613892, 0.055468302220106125]
1.4291586003304  ::  12.124384  ::  [1.2389390468597412, -0.14797343313694, 0.0554683692753315]
1.4282210501451098  ::  12.140342  ::  [1.2483606338500977, -0.148209348320961, 0.0554657056927681]
1.4282210501451098  ::  12.155335  ::  [1.2577990293502808, -0.14844708144664764, 0.05546651780605316]
1.4280714263136043  ::  12.171289  ::  [1.264078974723816, -0.14860497415065765, 0.05546756833791733]
1.428992541356204  ::  12.187243  ::  [1.273505687713623, -0.1488410383462906, 0.05546659231185913]
1.4302790715193994  ::  12.203202  ::  [1.2829405069351196, -0.1490756720304489, 0.055466219782829285]
1.4318811777665905  ::  12.219159  ::  [1.2923583984375, -0.1493116170167923, 0.05546722561120987]
1.433457137195865  ::  12.235096  ::  [1.3017852306365967, -0.14954760670661926, 0.05546708405017853]
1.433457137195865  ::  12.250442  ::  [1.3112120628356934, -0.1497831642627716, 0.05546735227108002]
1.4347882770320772  ::  12.266399  ::  [1.3175086975097656, -0.1499406099319458, 0.05546601489186287]
1.4346370523749847  ::  12.282389  ::  [1.3300633430480957, -0.15025435388088226, 0.05546627193689346]
1.4346370523749847  ::  12.298446  ::  [1.3363513946533203, -0.15041188895702362, 0.055467166006565094]
1.4324585421948681  ::  12.314375  ::  [1.345778226852417, -0.15064656734466553, 0.05546760559082031]
