1.4331810481430085  ::  0.015957  ::  [-4.649755477905273, 9.971535473596305e-05, 0.05546639487147331]
1.433191506870175  ::  0.031884  ::  [-4.649754524230957, 9.9712866358459e-05, 0.05546633526682854]
1.4588161354802416  ::  0.047872  ::  [-4.649755477905273, 9.96920425677672e-05, 0.0554661825299263]
1.4776854935577537  ::  0.063825  ::  [-4.64788293838501, 5.1374503527767956e-05, 0.056708160787820816]
1.6756138102558509  ::  0.07976  ::  [-4.634524822235107, -0.00031113476143218577, 0.05606568977236748]
1.6756138102558509  ::  0.095743  ::  [-4.622069835662842, -0.0004676287935581058, 0.05700388923287392]
1.8028034585457127  ::  0.111849  ::  [-4.616419315338135, -0.0004984512343071401, 0.055831193923950195]
1.804460206306264  ::  0.127831  ::  [-4.613664627075195, -0.0005848320433869958, 0.05590689554810524]
2.0522833750564216  ::  0.144735  ::  [-4.594875335693359, -0.001033626846037805, 0.05554608255624771]
2.0522833750564216  ::  0.159752  ::  [-4.594875335693359, -0.001033626846037805, 0.05554608255624771]
2.1286203439848346  ::  0.17471  ::  [-4.584651947021484, -0.0014397941995412111, 0.0554647333920002]
2.1276777778793727  ::  0.190667  ::  [-4.575231075286865, -0.0017876425990834832, 0.0554690882563591]
2.1276777778793727  ::  0.206624  ::  [-4.56894588470459, -0.0020203336607664824, 0.055469952523708344]
2.124856696308746  ::  0.222183  ::  [-4.562667369842529, -0.0022540476638823748, 0.05546646565198898]
2.124856696308746  ::  0.238143  ::  [-4.553236484527588, -0.0026030156295746565, 0.05546950176358223]
2.1240080453043717  ::  0.254099  ::  [-4.546957492828369, -0.0028370381332933903, 0.05546942725777626]
2.1227694331870723  ::  0.269667  ::  [-4.540673732757568, -0.0030687872786074877, 0.0554690882563591]
2.1226565216223556  ::  0.284628  ::  [-4.537536144256592, -0.0031855080742388964, 0.05546671897172928]
2.1224827786853435  ::  0.300585  ::  [-4.531253337860107, -0.0034176979679614305, 0.05546591803431511]
2.1228806372044966  ::  0.316546  ::  [-4.524962902069092, -0.0036505814641714096, 0.055465955287218094]
2.123644124287657  ::  0.332642  ::  [-4.515543460845947, -0.004004518501460552, 0.05546526238322258]
2.123644124287657  ::  0.348599  ::  [-4.509268283843994, -0.0042345961555838585, 0.05546419695019722]
2.1268210160253593  ::  0.364556  ::  [-4.496705055236816, -0.0047010271809995174, 0.05546533688902855]
2.1278771340257725  ::  0.379799  ::  [-4.490423679351807, -0.0049361600540578365, 0.055464327335357666]
2.128672424177256  ::  0.395756  ::  [-4.484141826629639, -0.005171050783246756, 0.055462103337049484]
2.1289501140556992  ::  0.411442  ::  [-4.477861404418945, -0.005404043942689896, 0.05546543747186661]
2.1289501140556992  ::  0.426478  ::  [-4.474716663360596, -0.0055170184932649136, 0.05546536669135094]
2.1291789253928948  ::  0.44173  ::  [-4.465287208557129, -0.005867841187864542, 0.055466413497924805]
2.1291789253928948  ::  0.457688  ::  [-4.459011554718018, -0.0061007170006632805, 0.05546830967068672]
2.1289025161749207  ::  0.473674  ::  [-4.452728271484375, -0.006335237063467503, 0.05546867102384567]
2.12653436152363  ::  0.489642  ::  [-4.443302154541016, -0.0066843763925135136, 0.05546771362423897]
2.12653436152363  ::  0.505584  ::  [-4.4338765144348145, -0.0070328740403056145, 0.05546867474913597]
2.1254667175789925  ::  0.521095  ::  [-4.42759895324707, -0.0072648776695132256, 0.055466897785663605]
2.122619595912155  ::  0.537086  ::  [-4.418169021606445, -0.0076154679991304874, 0.05547136440873146]
2.122619595912155  ::  0.552551  ::  [-4.408749580383301, -0.007963491603732109, 0.05546656623482704]
2.1222458564985085  ::  0.568074  ::  [-4.402463436126709, -0.008200517855584621, 0.055468328297138214]
2.1226819213883314  ::  0.584034  ::  [-4.393044471740723, -0.008549436926841736, 0.05546627566218376]
2.12294253579385  ::  0.599966  ::  [-4.3773369789123535, -0.009131406433880329, 0.05546633154153824]
2.12294253579385  ::  0.61595  ::  [-4.3773369789123535, -0.009131406433880329, 0.05546633154153824]
2.124999703394493  ::  0.631648  ::  [-4.3710551261901855, -0.009365769103169441, 0.05546532943844795]
2.1259335183200805  ::  0.647172  ::  [-4.364775657653809, -0.009600965306162834, 0.05546600744128227]
2.126814399279601  ::  0.663158  ::  [-4.358495712280273, -0.00983447302132845, 0.05546492710709572]
2.127561451220071  ::  0.679093  ::  [-4.3522138595581055, -0.010066559538245201, 0.055465854704380035]
2.1282901470271467  ::  0.695049  ::  [-4.342791557312012, -0.010415722616016865, 0.05546361580491066]
2.1282901470271467  ::  0.710519  ::  [-4.336491584777832, -0.010647007264196873, 0.055468033999204636]
2.1282901470271467  ::  0.726476  ::  [-4.336491584777832, -0.010647007264196873, 0.055468033999204636]
2.128161013763151  ::  0.742433  ::  [-4.330220699310303, -0.010880105197429657, 0.055469222366809845]
2.127858777892378  ::  0.75839  ::  [-4.323941230773926, -0.01111343689262867, 0.05546729639172554]
2.1272082023739345  ::  0.77335  ::  [-4.320803165435791, -0.011230618692934513, 0.055466506630182266]
2.1272082023739345  ::  0.789311  ::  [-4.317651748657227, -0.011346141807734966, 0.05546979233622551]
2.124968967543228  ::  0.805267  ::  [-4.311376571655273, -0.01158019807189703, 0.0554683580994606]
2.1236603459869356  ::  0.821227  ::  [-4.305080890655518, -0.011811777949333191, 0.055469173938035965]
2.12275406526144  ::  0.837182  ::  [-4.2988128662109375, -0.012043512426316738, 0.05546554923057556]
2.12275406526144  ::  0.85314  ::  [-4.292529582977295, -0.012279396876692772, 0.05546785145998001]
2.1219905781782793  ::  0.8681  ::  [-4.2862420082092285, -0.012510588392615318, 0.05546630173921585]
2.120276200696606  ::  0.884057  ::  [-4.279965877532959, -0.012743130326271057, 0.055465102195739746]
2.1199415214272754  ::  0.900015  ::  [-4.270538806915283, -0.01309373788535595, 0.055467694997787476]
2.120027112235312  ::  0.915971  ::  [-4.264254570007324, -0.013325783424079418, 0.055464018136262894]
2.120717601671718  ::  0.93193  ::  [-4.257974147796631, -0.013559793122112751, 0.05546862632036209]
2.121325061621026  ::  0.947104  ::  [-4.251689910888672, -0.013792714104056358, 0.055466026067733765]
2.121325061621026  ::  0.963072  ::  [-4.245414733886719, -0.014025675132870674, 0.05546550452709198]
2.122589927277948  ::  0.979015  ::  [-4.235990524291992, -0.014374105259776115, 0.05546477809548378]
2.12421679296088  ::  0.994975  ::  [-4.226564884185791, -0.014725607819855213, 0.05546513944864273]
2.125351885023572  ::  1.010933  ::  [-4.220285415649414, -0.014958387240767479, 0.055462878197431564]
2.1263721445308423  ::  1.026891  ::  [-4.21085786819458, -0.015307757072150707, 0.05546712875366211]
2.127370419366722  ::  1.042153  ::  [-4.201432228088379, -0.015657946467399597, 0.055469099432229996]
2.127370419366722  ::  1.057542  ::  [-4.192014694213867, -0.016006503254175186, 0.05546746402978897]
2.1253813402143673  ::  1.073206  ::  [-4.185728549957275, -0.0162405576556921, 0.05546705424785614]
2.124061192713851  ::  1.089166  ::  [-4.179442882537842, -0.016469061374664307, 0.055467501282691956]
2.124061192713851  ::  1.105123  ::  [-4.17002010345459, -0.01681913621723652, 0.05546880513429642]
2.1222445758380393  ::  1.121082  ::  [-4.163732051849365, -0.017052704468369484, 0.05547148734331131]
2.1222445758380393  ::  1.136682  ::  [-4.157456874847412, -0.017286065965890884, 0.055467259138822556]
2.121247154775806  ::  1.152631  ::  [-4.151167392730713, -0.017518077045679092, 0.05547047778964043]
2.120543858734706  ::  1.168515  ::  [-4.141751289367676, -0.017868956550955772, 0.055466778576374054]
2.120543858734706  ::  1.183631  ::  [-4.138606071472168, -0.01798437349498272, 0.055467389523983]
2.1207340368144085  ::  1.19933  ::  [-4.132321357727051, -0.018216773867607117, 0.05546796694397926]
2.1207340368144085  ::  1.215265  ::  [-4.1229047775268555, -0.018568914383649826, 0.05546515807509422]
2.123452238660662  ::  1.231223  ::  [-4.104056358337402, -0.019268088042736053, 0.055465783923864365]
2.1245619309573773  ::  1.247205  ::  [-4.0977783203125, -0.01950102671980858, 0.055463291704654694]
2.1245619309573773  ::  1.263164  ::  [-4.0977783203125, -0.01950102671980858, 0.055463291704654694]
2.1274991257438947  ::  1.279156  ::  [-4.08835506439209, -0.019849320873618126, 0.0554639957845211]
2.1274991257438947  ::  1.294769  ::  [-4.078927040100098, -0.02019904926419258, 0.05546504259109497]
2.1277667837819942  ::  1.310766  ::  [-4.069503307342529, -0.020548079162836075, 0.055467717349529266]
2.1276325278761212  ::  1.325751  ::  [-4.063220024108887, -0.020783329382538795, 0.05546955019235611]
2.1272955007292635  ::  1.340936  ::  [-4.053794860839844, -0.02113165147602558, 0.05546775832772255]
2.1260571020553756  ::  1.356896  ::  [-4.050658702850342, -0.021249884739518166, 0.055465806275606155]
2.1250643767481967  ::  1.372856  ::  [-4.038095474243164, -0.021714316681027412, 0.05546833202242851]
2.1237378259453332  ::  1.388813  ::  [-4.038095474243164, -0.021714316681027412, 0.05546833202242851]
2.1225147951970778  ::  1.404786  ::  [-4.028664588928223, -0.02206321433186531, 0.0554681196808815]
2.1225147951970778  ::  1.420729  ::  [-4.019240379333496, -0.022412637248635292, 0.05546941980719566]
2.121219620575714  ::  1.436661  ::  [-4.012962341308594, -0.022645890712738037, 0.0554647371172905]
2.121525911871307  ::  1.451817  ::  [-3.994119167327881, -0.02334487810730934, 0.055461544543504715]
2.1216008305087652  ::  1.467774  ::  [-3.994119167327881, -0.02334487810730934, 0.055461544543504715]
2.121970514497592  ::  1.482734  ::  [-3.9846906661987305, -0.02369348704814911, 0.055466070771217346]
2.121970514497592  ::  1.498691  ::  [-3.9846906661987305, -0.02369348704814911, 0.055466070771217346]
2.124492348405208  ::  1.514648  ::  [-3.978409767150879, -0.02393045276403427, 0.05546555668115616]
2.1254976668736694  ::  1.530606  ::  [-3.9627115726470947, -0.024511685594916344, 0.05546136572957039]
2.1254976668736694  ::  1.546614  ::  [-3.9627115726470947, -0.024511685594916344, 0.05546136572957039]
2.126544179920562  ::  1.562527  ::  [-3.953282594680786, -0.024860624223947525, 0.055464304983615875]
2.1281755279151375  ::  1.578483  ::  [-3.9501428604125977, -0.024981144815683365, 0.05546576529741287]
2.1284562060013426  ::  1.594441  ::  [-3.9407200813293457, -0.025327149778604507, 0.055466197431087494]
2.1283797932600033  ::  1.610398  ::  [-3.9312922954559326, -0.025675510987639427, 0.05546790733933449]
2.1283797932600033  ::  1.626355  ::  [-3.925013542175293, -0.025910217314958572, 0.0554683655500412]
2.1263828167014207  ::  1.641641  ::  [-3.9155917167663574, -0.026255806908011436, 0.055467765778303146]
2.1263828167014207  ::  1.657597  ::  [-3.906158447265625, -0.026607951149344444, 0.055471114814281464]
2.1233412480866494  ::  1.673554  ::  [-3.899883270263672, -0.02684047445654869, 0.05546637997031212]
2.122697289313964  ::  1.6888  ::  [-3.8935985565185547, -0.027074938639998436, 0.05546730384230614]
2.122164961445526  ::  1.704746  ::  [-3.8873183727264404, -0.027307650074362755, 0.05546840280294418]
2.122164961445526  ::  1.720758  ::  [-3.8810312747955322, -0.027541926130652428, 0.0554661862552166]
2.121196568687265  ::  1.736715  ::  [-3.8716063499450684, -0.02789190039038658, 0.05546873062849045]
2.121196568687265  ::  1.752671  ::  [-3.865328073501587, -0.028123116120696068, 0.05546627193689346]
2.1217668894829615  ::  1.768605  ::  [-3.855907917022705, -0.02847318910062313, 0.055463794618844986]
2.1237687752400096  ::  1.784563  ::  [-3.846480369567871, -0.028825784102082253, 0.055465519428253174]
2.1252934015288036  ::  1.80006  ::  [-3.8401834964752197, -0.029058143496513367, 0.05546603351831436]
2.1252934015288036  ::  1.815505  ::  [-3.830777645111084, -0.029407557100057602, 0.05546543002128601]
2.1266263556340137  ::  1.831437  ::  [-3.8213582038879395, -0.02975655533373356, 0.05546383932232857]
2.128355887597908  ::  1.846425  ::  [-3.815058708190918, -0.02998872473835945, 0.055466219782829285]
2.128355887597908  ::  1.862382  ::  [-3.808797836303711, -0.03022298775613308, 0.05546436458826065]
2.127675216558434  ::  1.877821  ::  [-3.7993698120117188, -0.030569201335310936, 0.05546607822179794]
2.1270679700525377  ::  1.893821  ::  [-3.793090343475342, -0.03080306574702263, 0.05546499043703079]
2.1264547471311173  ::  1.909757  ::  [-3.7836623191833496, -0.031154397875070572, 0.05546487122774124]
2.1264547471311173  ::  1.92572  ::  [-3.7773754596710205, -0.03138706833124161, 0.055468667298555374]
2.1244560630252423  ::  1.941677  ::  [-3.7710931301116943, -0.03162071108818054, 0.05546874180436134]
2.1244560630252423  ::  1.957608  ::  [-3.764803171157837, -0.03185511752963066, 0.05546746402978897]
2.12369919268784  ::  1.973592  ::  [-3.7616679668426514, -0.03196784481406212, 0.055467747151851654]
2.122321628909613  ::  1.989521  ::  [-3.7522473335266113, -0.032319776713848114, 0.05546848103404045]
2.122321628909613  ::  2.00551  ::  [-3.7459709644317627, -0.032552748918533325, 0.05546369403600693]
2.12192099562611  ::  2.021263  ::  [-3.736529588699341, -0.03290300816297531, 0.05546378344297409]
2.1218733977453312  ::  2.037215  ::  [-3.7271230220794678, -0.03325420245528221, 0.0554659403860569]
2.122899633668126  ::  2.052749  ::  [-3.7176997661590576, -0.03360199183225632, 0.05546284094452858]
2.1241544674847037  ::  2.068731  ::  [-3.7082760334014893, -0.033950671553611755, 0.05546371266245842]
2.125216561900641  ::  2.084693  ::  [-3.7019944190979004, -0.03418717533349991, 0.05546463653445244]
2.126304482969377  ::  2.100701  ::  [-3.692572832107544, -0.03453333303332329, 0.05546482279896736]
2.1276711611336143  ::  2.116654  ::  [-3.6831459999084473, -0.03488378971815109, 0.05546434223651886]
2.1276711611336143  ::  2.132006  ::  [-3.673717737197876, -0.03523318096995354, 0.05546834319829941]
2.126773204701169  ::  2.14755  ::  [-3.654873847961426, -0.03593060374259949, 0.055467624217271805]
2.126773204701169  ::  2.163536  ::  [-3.654873847961426, -0.03593060374259949, 0.055467624217271805]
2.1258436586438125  ::  2.179488  ::  [-3.648592472076416, -0.03616691380739212, 0.055469971150159836]
2.1242739957951793  ::  2.19545  ::  [-3.6391654014587402, -0.03651559352874756, 0.055469922721385956]
2.1217997597683422  ::  2.211408  ::  [-3.629746913909912, -0.03686462342739105, 0.05546749755740166]
2.1217997597683422  ::  2.227361  ::  [-3.6203091144561768, -0.03721308335661888, 0.05546456202864647]
2.1210802420279635  ::  2.243334  ::  [-3.610898971557617, -0.037562765181064606, 0.055465925484895706]
2.121313962563625  ::  2.25928  ::  [-3.6014773845672607, -0.037912651896476746, 0.0554642416536808]
2.1232244945405245  ::  2.275247  ::  [-3.5857720375061035, -0.038496267050504684, 0.05546635761857033]
2.1232244945405245  ::  2.291334  ::  [-3.5857720375061035, -0.038496267050504684, 0.05546635761857033]
2.1247683307363587  ::  2.307258  ::  [-3.576352596282959, -0.0388476699590683, 0.05546477064490318]
2.127669880473145  ::  2.323245  ::  [-3.566927194595337, -0.03919694200158119, 0.05546547845005989]
2.127669880473145  ::  2.339202  ::  [-3.5575029850006104, -0.03954559937119484, 0.055461592972278595]
2.1288835197112914  ::  2.35516  ::  [-3.548079013824463, -0.03989575803279877, 0.055465228855609894]
2.1288835197112914  ::  2.370722  ::  [-3.5386571884155273, -0.04024467617273331, 0.0554671511054039]
2.127610116317907  ::  2.386032  ::  [-3.529233455657959, -0.040594205260276794, 0.05546681210398674]
2.127610116317907  ::  2.40199  ::  [-3.522952079772949, -0.040826573967933655, 0.05546734482049942]
2.126323906319829  ::  2.417977  ::  [-3.513524055480957, -0.041178785264492035, 0.055468663573265076]
2.1255025760721353  ::  2.433933  ::  [-3.5072431564331055, -0.04140884429216385, 0.05546412989497185]
2.1233342044540677  ::  2.44992  ::  [-3.497804641723633, -0.041761159896850586, 0.05546673759818077]
2.1216315663600303  ::  2.465441  ::  [-3.4883933067321777, -0.04210985079407692, 0.055466972291469574]
2.121496029793688  ::  2.481406  ::  [-3.4789655208587646, -0.04246057942509651, 0.05546777322888374]
2.1216913305152683  ::  2.497412  ::  [-3.469547986984253, -0.04280877858400345, 0.05546654760837555]
2.1216913305152683  ::  2.513398  ::  [-3.463263511657715, -0.04303932934999466, 0.055466342717409134]
2.1226723164348114  ::  2.529357  ::  [-3.4538424015045166, -0.043390531092882156, 0.05546514689922333]
2.1242532917842576  ::  2.545355  ::  [-3.4444198608398438, -0.04374002292752266, 0.055462710559368134]
2.1257873095831603  ::  2.561272  ::  [-3.434999465942383, -0.04409181326627731, 0.05546272546052933]
2.126633185823184  ::  2.57727  ::  [-3.428718090057373, -0.04432545229792595, 0.05546349287033081]
2.127089100950282  ::  2.593187  ::  [-3.4192967414855957, -0.04467388242483139, 0.05546340346336365]
2.127089100950282  ::  2.609168  ::  [-3.413013458251953, -0.04490881413221359, 0.055466458201408386]
2.1269791775933276  ::  2.624173  ::  [-3.4067296981811523, -0.04513924568891525, 0.05546517297625542]
2.127060926419956  ::  2.640093  ::  [-3.400451183319092, -0.04537222534418106, 0.05546454340219498]
2.125649852026114  ::  2.65605  ::  [-3.3941664695739746, -0.04560490697622299, 0.05546625703573227]
2.124501526471905  ::  2.671811  ::  [-3.384734869003296, -0.04595327004790306, 0.055468328297138214]
2.123220225672293  ::  2.687796  ::  [-3.3753154277801514, -0.04630575701594353, 0.05546776205301285]
2.123220225672293  ::  2.703749  ::  [-3.369030475616455, -0.046536799520254135, 0.05546823889017105]
2.121979052234055  ::  2.719757  ::  [-3.359604597091675, -0.04688654839992523, 0.05546746775507927]
2.1207229377570074  ::  2.735665  ::  [-3.350179433822632, -0.04723256081342697, 0.05546565353870392]
2.120897321024254  ::  2.751131  ::  [-3.343909502029419, -0.04746663570404053, 0.055465470999479294]
2.120897321024254  ::  2.76681  ::  [-3.3344831466674805, -0.04781564325094223, 0.05546325072646141]
2.122305193766923  ::  2.782022  ::  [-3.3250560760498047, -0.04816819354891777, 0.05546431988477707]
2.123385217429431  ::  2.798003  ::  [-3.315639019012451, -0.04851549118757248, 0.0554637536406517]
2.1247471998386143  ::  2.813936  ::  [-3.312495470046997, -0.04863410070538521, 0.05546456202864647]
2.1256063095701547  ::  2.829317  ::  [-3.3030779361724854, -0.048982489854097366, 0.055463775992393494]
2.126547168128324  ::  2.845275  ::  [-3.2967889308929443, -0.049214161932468414, 0.05546394735574722]
2.126547168128324  ::  2.861237  ::  [-3.287367582321167, -0.04956362396478653, 0.05546610429883003]
2.127262630443883  ::  2.876778  ::  [-3.277947425842285, -0.049913469702005386, 0.055465225130319595]
2.127262630443883  ::  2.89174  ::  [-3.2685208320617676, -0.05026315525174141, 0.05546701326966286]
2.125186252936199  ::  2.907696  ::  [-3.2622437477111816, -0.050496093928813934, 0.05546843260526657]
2.125186252936199  ::  2.923653  ::  [-3.25595760345459, -0.0507308654487133, 0.055464740842580795]
2.123916051193988  ::  2.939611  ::  [-3.249677896499634, -0.05096063017845154, 0.055465880781412125]
2.1206328646373276  ::  2.955568  ::  [-3.240255832672119, -0.05131065100431442, 0.05546591803431511]
2.1206328646373276  ::  2.971021  ::  [-3.230832576751709, -0.05166063830256462, 0.055464331060647964]
2.1192407867071146  ::  2.986976  ::  [-3.2214066982269287, -0.05200996249914169, 0.05546613037586212]
2.118812405780108  ::  3.002462  ::  [-3.2151272296905518, -0.05224352329969406, 0.05546426773071289]
2.1192465496792265  ::  3.018008  ::  [-3.205702304840088, -0.05259164050221443, 0.05546402186155319]
2.1192465496792265  ::  3.033965  ::  [-3.1962811946868896, -0.052943430840969086, 0.05546349287033081]
2.122126968518268  ::  3.048705  ::  [-3.1868603229522705, -0.05329172685742378, 0.055463291704654694]
2.1236962044800785  ::  3.065327  ::  [-3.1679980754852295, -0.05399196222424507, 0.0554618313908577]
2.1250101621216597  ::  3.080315  ::  [-3.1679980754852295, -0.05399196222424507, 0.0554618313908577]
2.125500655081431  ::  3.096353  ::  [-3.161733627319336, -0.054222166538238525, 0.05546065792441368]
2.125500655081431  ::  3.112308  ::  [-3.1523056030273438, -0.054572831839323044, 0.0554666630923748]
2.1256724770277393  ::  3.128154  ::  [-3.146027088165283, -0.05480418726801872, 0.05546680465340614]
2.1239852068593343  ::  3.144111  ::  [-3.1366019248962402, -0.0551551878452301, 0.05546661466360092]
2.122820446162436  ::  3.160073  ::  [-3.1271793842315674, -0.05550381541252136, 0.05546478554606438]
2.121250996757214  ::  3.175042  ::  [-3.117753267288208, -0.055852681398391724, 0.05546692758798599]
2.119411968323188  ::  3.190988  ::  [-3.1083285808563232, -0.05620168522000313, 0.0554681122303009]
2.118987642821001  ::  3.206952  ::  [-3.09890079498291, -0.0565497986972332, 0.055466435849666595]
2.1185537123652933  ::  3.222928  ::  [-3.0957655906677246, -0.05666602402925491, 0.05546605587005615]
2.1185537123652933  ::  3.238468  ::  [-3.0926265716552734, -0.05678071826696396, 0.05546608939766884]
2.1177567146665175  ::  3.254549  ::  [-3.0863423347473145, -0.05701448768377304, 0.055464472621679306]
2.1177567146665175  ::  3.270181  ::  [-3.0800580978393555, -0.05724712461233139, 0.0554637648165226]
2.1179223467538906  ::  3.286134  ::  [-3.070634365081787, -0.057597566395998, 0.05546463280916214]
2.1201792973877565  ::  3.302067  ::  [-3.0612189769744873, -0.057945769280195236, 0.05546250566840172]
2.1216682786268195  ::  3.317745  ::  [-3.051790714263916, -0.05829654261469841, 0.055463798344135284]
2.123357042899105  ::  3.333695  ::  [-3.0423684120178223, -0.058645762503147125, 0.055464811623096466]
2.123357042899105  ::  3.348446  ::  [-3.032938241958618, -0.058995652943849564, 0.05546193569898605]
2.1249480500888946  ::  3.364384  ::  [-3.0235135555267334, -0.05934128165245056, 0.05546154826879501]
2.1248330040900623  ::  3.380383  ::  [-3.0141029357910156, -0.059690095484256744, 0.05546209588646889]
2.1248330040900623  ::  3.396326  ::  [-3.0078165531158447, -0.05992195010185242, 0.0554644949734211]
2.12410750993416  ::  3.412271  ::  [-2.99838924407959, -0.06027138978242874, 0.05546712130308151]
2.123016814101074  ::  3.427763  ::  [-2.9889652729034424, -0.060622405260801315, 0.0554664209485054]
2.121121436606395  ::  3.443724  ::  [-2.979536533355713, -0.060971952974796295, 0.05546990782022476]
2.119873219535575  ::  3.45866  ::  [-2.9701147079467773, -0.061320710927248, 0.05546750873327255]
2.1181253314382866  ::  3.474636  ::  [-2.9606943130493164, -0.06166759878396988, 0.05546550825238228]
2.117930244160118  ::  3.490594  ::  [-2.9544105529785156, -0.061900824308395386, 0.05546579509973526]
2.117930244160118  ::  3.50656  ::  [-2.9449901580810547, -0.062253475189208984, 0.05546600744128227]
2.119536405832129  ::  3.522678  ::  [-2.9355692863464355, -0.06260205805301666, 0.0554652139544487]
2.119536405832129  ::  3.537977  ::  [-2.926147222518921, -0.06294812262058258, 0.05546214431524277]
2.122303272776219  ::  3.553937  ::  [-2.9167251586914062, -0.06330183148384094, 0.05546357110142708]
2.123379027570496  ::  3.569305  ::  [-2.9073033332824707, -0.06364698708057404, 0.05546174198389053]
2.123379027570496  ::  3.584898  ::  [-2.901017189025879, -0.0638793408870697, 0.05546354502439499]
2.124391816558362  ::  3.600834  ::  [-2.894737958908081, -0.06411222368478775, 0.05546431243419647]
2.1245425076069253  ::  3.616789  ::  [-2.8884403705596924, -0.06434881687164307, 0.05546298250555992]
2.124585623176061  ::  3.632775  ::  [-2.885315418243408, -0.06446312367916107, 0.05546540766954422]
2.124585623176061  ::  3.648732  ::  [-2.8790218830108643, -0.06469547748565674, 0.055460669100284576]
2.1239043118063523  ::  3.664718  ::  [-2.872748851776123, -0.06492895632982254, 0.05546576529741287]
2.122748088845916  ::  3.680676  ::  [-2.863325834274292, -0.06527455151081085, 0.05546555295586586]
2.122748088845916  ::  3.696396  ::  [-2.853900194168091, -0.06562566012144089, 0.055466990917921066]
2.1201534707349574  ::  3.712354  ::  [-2.847614049911499, -0.0658579170703888, 0.055468883365392685]
2.1188495449337195  ::  3.727819  ::  [-2.8381881713867188, -0.06620815396308899, 0.055467840284109116]
2.1188495449337195  ::  3.74379  ::  [-2.8287620544433594, -0.06655467301607132, 0.055464714765548706]
2.1181688738942457  ::  3.759241  ::  [-2.819340705871582, -0.0669042319059372, 0.055463142693042755]
2.1181688738942457  ::  3.774245  ::  [-2.816206216812134, -0.06702159345149994, 0.05546608194708824]
2.1181524387515553  ::  3.790219  ::  [-2.8099164962768555, -0.06725788116455078, 0.05546059459447861]
2.1191246734912244  ::  3.806165  ::  [-2.8036465644836426, -0.06748580187559128, 0.05546116083860397]
2.1191246734912244  ::  3.822155  ::  [-2.800506591796875, -0.06760218739509583, 0.05546347051858902]
2.121966672516184  ::  3.838101  ::  [-2.7910802364349365, -0.06795541197061539, 0.05546536296606064]
2.121966672516184  ::  3.854065  ::  [-2.781649112701416, -0.06830518692731857, 0.055461738258600235]
2.1237888389206967  ::  3.870003  ::  [-2.772230625152588, -0.06865333765745163, 0.05545883998274803]
2.124247742255557  ::  3.885594  ::  [-2.7628166675567627, -0.06899891793727875, 0.05546323210000992]
2.124871210460732  ::  3.901552  ::  [-2.753377676010132, -0.0693463683128357, 0.0554656907916069]
2.1243128424960838  ::  3.916805  ::  [-2.747110366821289, -0.06958197057247162, 0.055465154349803925]
2.1243128424960838  ::  3.931909  ::  [-2.7376868724823, -0.06993100047111511, 0.055466216057538986]
2.1211662597228234  ::  3.947954  ::  [-2.7282609939575195, -0.07027871161699295, 0.05546652525663376]
2.119892429442616  ::  3.963911  ::  [-2.71882963180542, -0.07062649726867676, 0.05546954274177551]
2.119892429442616  ::  3.97991  ::  [-2.7094101905822754, -0.07097955048084259, 0.055465810000896454]
2.1184843432565357  ::  3.995826  ::  [-2.6999804973602295, -0.07132633775472641, 0.05546663701534271]
2.1179853125603016  ::  4.011809  ::  [-2.693711519241333, -0.0715584084391594, 0.055464498698711395]
2.1185135850039196  ::  4.027311  ::  [-2.6842877864837646, -0.07190762460231781, 0.05546482652425766]
2.1185135850039196  ::  4.042284  ::  [-2.674862861633301, -0.0722576156258583, 0.05546615272760391]
2.119745366932049  ::  4.058226  ::  [-2.6654410362243652, -0.07260903716087341, 0.05546519160270691]
2.120935954281747  ::  4.074157  ::  [-2.6591615676879883, -0.07284332811832428, 0.055464427918195724]
2.122290893058348  ::  4.090114  ::  [-2.64973783493042, -0.07318773120641708, 0.05546285957098007]
2.123883821238842  ::  4.1061  ::  [-2.6403157711029053, -0.07354065030813217, 0.05546269938349724]
2.12566714094245  ::  4.122059  ::  [-2.6308860778808594, -0.0738886371254921, 0.055464088916778564]
2.12566714094245  ::  4.137986  ::  [-2.621464967727661, -0.0742354691028595, 0.05546548217535019]
2.1256684216029194  ::  4.153944  ::  [-2.61204195022583, -0.0745876282453537, 0.05546459183096886]
2.124208041781006  ::  4.169924  ::  [-2.6057651042938232, -0.07481960952281952, 0.05546686425805092]
2.1228063588972725  ::  4.185864  ::  [-2.5963399410247803, -0.07516618072986603, 0.05546797811985016]
2.12116711349647  ::  4.201822  ::  [-2.586916446685791, -0.07551714032888412, 0.05546727776527405]
2.1198456853354837  ::  4.21778  ::  [-2.577491283416748, -0.07586620002985, 0.05546733736991882]
2.119600011968775  ::  4.233737  ::  [-2.5617852210998535, -0.07645008713006973, 0.055465903133153915]
2.119600011968775  ::  4.249695  ::  [-2.5617852210998535, -0.07645008713006973, 0.055465903133153915]
2.1194341664379905  ::  4.265651  ::  [-2.5555005073547363, -0.07668257504701614, 0.05546098202466965]
2.1197705532546136  ::  4.281612  ::  [-2.5523624420166016, -0.07679904252290726, 0.05546437203884125]
2.1207462030888675  ::  4.29712  ::  [-2.5460705757141113, -0.07703197747468948, 0.05546148866415024]
2.122179689040924  ::  4.312514  ::  [-2.536647319793701, -0.07737818360328674, 0.05546097084879875]
2.122179689040924  ::  4.328517  ::  [-2.5272347927093506, -0.07773217558860779, 0.055465780198574066]
2.1237137068398266  ::  4.344461  ::  [-2.5178184509277344, -0.07807962596416473, 0.05546381697058678]
2.1259290360084377  ::  4.360391  ::  [-2.508392095565796, -0.07842649519443512, 0.05546366050839424]
2.1259290360084377  ::  4.376348  ::  [-2.5021095275878906, -0.07866130769252777, 0.05546461045742035]
2.126597327330041  ::  4.392333  ::  [-2.4926865100860596, -0.07901063561439514, 0.055464938282966614]
2.1260425879033895  ::  4.407265  ::  [-2.48325777053833, -0.0793609619140625, 0.05546630918979645]
2.1260425879033895  ::  4.423264  ::  [-2.473834276199341, -0.07971338927745819, 0.05546467378735542]
2.125607803674036  ::  4.439296  ::  [-2.467555284500122, -0.07994358986616135, 0.05546727031469345]
2.1228245015872553  ::  4.455223  ::  [-2.458130359649658, -0.08028875291347504, 0.05546724423766136]
2.122075101769258  ::  4.47118  ::  [-2.4487099647521973, -0.08063774555921555, 0.05546620115637779]
2.1213816241250902  ::  4.487138  ::  [-2.445556163787842, -0.08075819909572601, 0.055466245859861374]
2.1206221924667497  ::  4.503095  ::  [-2.4392805099487305, -0.08099199831485748, 0.055467698723077774]
2.1206221924667497  ::  4.519051  ::  [-2.4330005645751953, -0.0812225416302681, 0.05546731874346733]
2.1199609447777275  ::  4.535009  ::  [-2.4267144203186035, -0.0814535841345787, 0.05546508729457855]
2.1199609447777275  ::  4.550074  ::  [-2.420438289642334, -0.0816863402724266, 0.0554657019674778]
2.1201820721521067  ::  4.56603  ::  [-2.4110159873962402, -0.08203928917646408, 0.055463071912527084]
2.1210484389596407  ::  4.581961  ::  [-2.4015932083129883, -0.08238866925239563, 0.055465374141931534]
2.1218844968027324  ::  4.59692  ::  [-2.3953163623809814, -0.0826222151517868, 0.055463872849941254]
2.1236947103761974  ::  4.612523  ::  [-2.385887861251831, -0.08297310769557953, 0.05546099320054054]
2.125873754164843  ::  4.628475  ::  [-2.3764655590057373, -0.08331891149282455, 0.05546408146619797]
2.125873754164843  ::  4.644432  ::  [-2.370182991027832, -0.08355440199375153, 0.055463582277297974]
2.1265550655345518  ::  4.659804  ::  [-2.3607540130615234, -0.08390428125858307, 0.055462535470724106]
2.1265550655345518  ::  4.675759  ::  [-2.351328134536743, -0.08425045758485794, 0.05546657368540764]
2.125315813087018  ::  4.691767  ::  [-2.345057725906372, -0.08448483794927597, 0.055466428399086]
2.1237664273624826  ::  4.707377  ::  [-2.33562970161438, -0.08483623713254929, 0.055467285215854645]
2.1223538588647592  ::  4.723353  ::  [-2.3262078762054443, -0.08518247306346893, 0.05546845123171806]
2.1209449189050327  ::  4.739324  ::  [-2.316781759262085, -0.08553144335746765, 0.055463843047618866]
2.1209449189050327  ::  4.755293  ::  [-2.3073606491088867, -0.08588137477636337, 0.0554661899805069]
2.120099896438655  ::  4.770436  ::  [-2.304215908050537, -0.0859968513250351, 0.05546891316771507]
2.120099896438655  ::  4.786389  ::  [-2.3010635375976562, -0.086112841963768, 0.05546553060412407]
2.119131076793571  ::  4.802328  ::  [-2.2916572093963623, -0.08646181970834732, 0.055464111268520355]
2.119193188826336  ::  4.818379  ::  [-2.2853775024414062, -0.08669567853212357, 0.055463120341300964]
2.1197193268358383  ::  4.833808  ::  [-2.2759501934051514, -0.08704635500907898, 0.05546317249536514]
2.121827720855257  ::  4.849728  ::  [-2.266519546508789, -0.08739755302667618, 0.05546008422970772]
2.122436461465034  ::  4.865875  ::  [-2.2539658546447754, -0.08785973489284515, 0.05546463280916214]
2.1232381549188646  ::  4.880898  ::  [-2.2539658546447754, -0.08785973489284515, 0.05546463280916214]
2.1232381549188646  ::  4.896856  ::  [-2.247682571411133, -0.08809494227170944, 0.055463701486587524]
2.124317538251138  ::  4.912177  ::  [-2.2382588386535645, -0.08844421803951263, 0.055465392768383026]
2.125070566607132  ::  4.928112  ::  [-2.2319750785827637, -0.0886763483285904, 0.05546347424387932]
2.125787949913395  ::  4.944069  ::  [-2.2225522994995117, -0.0890263170003891, 0.055468156933784485]
2.1249247847570345  ::  4.959763  ::  [-2.2162704467773438, -0.08925826102495193, 0.0554669126868248]
2.1235647233385557  ::  4.974743  ::  [-2.206847667694092, -0.08960782736539841, 0.05546668916940689]
2.1235647233385557  ::  4.989683  ::  [-2.197418689727783, -0.08995501697063446, 0.05546964332461357]
2.122464422551949  ::  5.00507  ::  [-2.191131114959717, -0.0901939645409584, 0.05546598881483078]
2.120864664182285  ::  5.020999  ::  [-2.181711196899414, -0.09054003655910492, 0.055466555058956146]
2.1192617041614477  ::  5.036956  ::  [-2.1722917556762695, -0.09088970720767975, 0.05546817556023598]
2.1190375885793067  ::  5.052916  ::  [-2.166008710861206, -0.09112236648797989, 0.05546250194311142]
2.1190375885793067  ::  5.0689  ::  [-2.1565849781036377, -0.09147055447101593, 0.05546288564801216]
2.119643767868145  ::  5.084829  ::  [-2.1503078937530518, -0.09170364588499069, 0.0554623119533062]
2.120202349276205  ::  5.100786  ::  [-2.144029378890991, -0.09193750470876694, 0.05546478182077408]
2.1214401076198586  ::  5.115752  ::  [-2.140883207321167, -0.09205226600170135, 0.05546373873949051]
2.122687470917032  ::  5.131842  ::  [-2.13460373878479, -0.09228888899087906, 0.05546071007847786]
2.1232799898275307  ::  5.147797  ::  [-2.1283211708068848, -0.09251733124256134, 0.05546160787343979]
2.124281039427761  ::  5.16378  ::  [-2.1220438480377197, -0.09275085479021072, 0.055460236966609955]
2.125140789489536  ::  5.179578  ::  [-2.1157569885253906, -0.09298400580883026, 0.05546274781227112]
2.1258101480281972  ::  5.195514  ::  [-2.109478712081909, -0.09322008490562439, 0.05546165257692337]
2.1258101480281972  ::  5.211498  ::  [-2.1031792163848877, -0.09344856441020966, 0.05546388030052185]
2.126161048996807  ::  5.227428  ::  [-2.0937697887420654, -0.09379906952381134, 0.05546625703573227]
2.125570877963835  ::  5.243462  ::  [-2.0843493938446045, -0.0941457599401474, 0.05546695739030838]
2.1243685512265014  ::  5.259425  ::  [-2.074915885925293, -0.09449935704469681, 0.055468104779720306]
2.122596117136883  ::  5.274379  ::  [-2.0686378479003906, -0.09472818672657013, 0.055468685925006866]
2.1209361677251586  ::  5.290331  ::  [-2.0592126846313477, -0.09507881104946136, 0.05546785145998001]
2.1199784471374756  ::  5.306289  ::  [-2.0497894287109375, -0.09542787075042725, 0.055466584861278534]
2.119343666431488  ::  5.322096  ::  [-2.0403671264648438, -0.09577690064907074, 0.055466968566179276]
2.119343666431488  ::  5.338019  ::  [-2.030944347381592, -0.09612742066383362, 0.05546597018837929]
2.1193797383680417  ::  5.354006  ::  [-2.0215206146240234, -0.09647738188505173, 0.05546300485730171]
2.119748995470046  ::  5.369933  ::  [-2.0152289867401123, -0.09671196341514587, 0.05546387657523155]
2.1216657173058806  ::  5.38589  ::  [-2.0058164596557617, -0.09705767780542374, 0.05546345189213753]
2.1216657173058806  ::  5.401848  ::  [-2.0026724338531494, -0.09717715531587601, 0.05546335130929947]
2.1233890594108393  ::  5.417805  ::  [-1.9932419061660767, -0.09752728790044785, 0.055461280047893524]
2.123927363694801  ::  5.432564  ::  [-1.9901137351989746, -0.0976412370800972, 0.05546446889638901]
2.125779625620344  ::  5.44863  ::  [-1.9775515794754028, -0.09811066091060638, 0.0554632805287838]
2.12625026834284  ::  5.46375  ::  [-1.968122959136963, -0.09845693409442902, 0.05546649545431137]
2.12625026834284  ::  5.479679  ::  [-1.968122959136963, -0.09845693409442902, 0.05546649545431137]
2.126048991205736  ::  5.495392  ::  [-1.9587050676345825, -0.09880506247282028, 0.05546177923679352]
2.126048991205736  ::  5.511346  ::  [-1.9524171352386475, -0.09903924912214279, 0.055468205362558365]
2.1250043991495473  ::  5.526332  ::  [-1.9429876804351807, -0.099387027323246, 0.055468231439590454]
2.1236101867852186  ::  5.542231  ::  [-1.9335583448410034, -0.09973718225955963, 0.05546505004167557]
2.120912475506475  ::  5.557191  ::  [-1.9241492748260498, -0.10008614510297775, 0.05546536669135094]
2.120912475506475  ::  5.573149  ::  [-1.9178645610809326, -0.10031968355178833, 0.055466849356889725]
2.1199419483140987  ::  5.589134  ::  [-1.908442497253418, -0.10066554695367813, 0.05546555295586586]
2.1197184730621923  ::  5.605091  ::  [-1.9021588563919067, -0.10089949518442154, 0.055465374141931534]
2.119558817390343  ::  5.620685  ::  [-1.8927404880523682, -0.10125253349542618, 0.05546523258090019]
2.1203865509403843  ::  5.636681  ::  [-1.8833149671554565, -0.10159812867641449, 0.05546516925096512]
2.1217075522145468  ::  5.651898  ::  [-1.8770360946655273, -0.10183022916316986, 0.0554642453789711]
2.1217075522145468  ::  5.667887  ::  [-1.8676083087921143, -0.10218174755573273, 0.055463436990976334]
2.1245747375620714  ::  5.683812  ::  [-1.8581902980804443, -0.10253289341926575, 0.055462952703237534]
2.1245747375620714  ::  5.69977  ::  [-1.8487643003463745, -0.10288069397211075, 0.05546629801392555]
2.125258183365896  ::  5.715728  ::  [-1.8424878120422363, -0.10311412066221237, 0.055462151765823364]
2.1255123944690673  ::  5.731687  ::  [-1.8236374855041504, -0.10381326079368591, 0.05546446517109871]
2.1255123944690673  ::  5.747642  ::  [-1.8236374855041504, -0.10381326079368591, 0.05546446517109871]
2.1249721691944012  ::  5.763045  ::  [-1.8142155408859253, -0.10416002571582794, 0.05546705424785614]
2.122370720894273  ::  5.779002  ::  [-1.8047866821289062, -0.10451196879148483, 0.05546782538294792]
2.1207536736082724  ::  5.794194  ::  [-1.798500418663025, -0.10474233329296112, 0.05546862632036209]
2.1207536736082724  ::  5.809154  ::  [-1.7890799045562744, -0.10509004443883896, 0.05546695366501808]
2.1191426027377953  ::  5.825112  ::  [-1.7796589136123657, -0.10544043034315109, 0.055463757365942]
2.1191426027377953  ::  5.841068  ::  [-1.7733714580535889, -0.10567471385002136, 0.055466797202825546]
2.1188051487041144  ::  5.857031  ::  [-1.7639447450637817, -0.10602118074893951, 0.05546451359987259]
2.1188051487041144  ::  5.872983  ::  [-1.7576724290847778, -0.10625378042459488, 0.05546385422348976]
2.1202595521105043  ::  5.888941  ::  [-1.748250961303711, -0.1066063866019249, 0.05546357482671738]
2.1202595521105043  ::  5.904898  ::  [-1.7419644594192505, -0.10683739930391312, 0.055465422570705414]
2.122196764513849  ::  5.920741  ::  [-1.7388274669647217, -0.10695498436689377, 0.05546606332063675]
2.1231062468905186  ::  5.936818  ::  [-1.7294045686721802, -0.10730652511119843, 0.055463798344135284]
2.1231062468905186  ::  5.952775  ::  [-1.72312331199646, -0.10753743350505829, 0.05546305328607559]
2.1253574345522726  ::  5.968761  ::  [-1.7136975526809692, -0.10788703709840775, 0.05546320974826813]
2.1253574345522726  ::  5.98469  ::  [-1.7042721509933472, -0.10823601484298706, 0.05546661838889122]
2.1252820890279907  ::  6.000647  ::  [-1.6948505640029907, -0.10858160257339478, 0.055467408150434494]
2.1250208342922376  ::  6.016626  ::  [-1.6885671615600586, -0.10881717503070831, 0.05546652898192406]
2.1243775158497873  ::  6.031651  ::  [-1.6791396141052246, -0.10916385799646378, 0.05546759441494942]
2.122624718554033  ::  6.047051  ::  [-1.6728575229644775, -0.10939754545688629, 0.05546966567635536]
2.1217022161292576  ::  6.062973  ::  [-1.6665759086608887, -0.10962918400764465, 0.05546838045120239]
2.120337672399136  ::  6.078909  ::  [-1.6602864265441895, -0.10986405611038208, 0.05546722561120987]
2.119473013138895  ::  6.094891  ::  [-1.6508736610412598, -0.1102152168750763, 0.05546494200825691]
2.1190777159406804  ::  6.109826  ::  [-1.6414419412612915, -0.11056137084960938, 0.05546959862112999]
2.1194044978037834  ::  6.124923  ::  [-1.6320254802703857, -0.1109129935503006, 0.05546388775110245]
2.1194044978037834  ::  6.140522  ::  [-1.6257374286651611, -0.11114533245563507, 0.055464502424001694]
2.120129565072862  ::  6.156487  ::  [-1.6163243055343628, -0.11149636656045914, 0.05546467751264572]
2.1211246382575686  ::  6.172449  ::  [-1.6068991422653198, -0.11184141784906387, 0.05546373501420021]
2.1224866206667516  ::  6.187715  ::  [-1.5974788665771484, -0.11219416558742523, 0.055464230477809906]
2.123463764604886  ::  6.20361  ::  [-1.5911909341812134, -0.11242532730102539, 0.055466178804636]
2.12441614910728  ::  6.219594  ::  [-1.5849162340164185, -0.11265955865383148, 0.05546510964632034]
2.1252833696884603  ::  6.235559  ::  [-1.575493574142456, -0.11300832033157349, 0.0554656982421875]
2.125752304863664  ::  6.251515  ::  [-1.5660662651062012, -0.1133570447564125, 0.05546506866812706]
2.125752304863664  ::  6.267472  ::  [-1.5566372871398926, -0.11370439827442169, 0.055469077080488205]
2.125113895619679  ::  6.28343  ::  [-1.5503571033477783, -0.11393795907497406, 0.055466730147600174]
2.1223258977778445  ::  6.298563  ::  [-1.54093337059021, -0.11428796499967575, 0.055470116436481476]
2.120962421264781  ::  6.314348  ::  [-1.5220856666564941, -0.11498776078224182, 0.055464960634708405]
2.120962421264781  ::  6.329782  ::  [-1.5220856666564941, -0.11498776078224182, 0.055464960634708405]
2.1194053515774294  ::  6.345742  ::  [-1.5158025026321411, -0.11521729826927185, 0.05546350032091141]
2.119125740708282  ::  6.361725  ::  [-1.5063656568527222, -0.11556743830442429, 0.05546654760837555]
2.1191944694868052  ::  6.377655  ::  [-1.5032399892807007, -0.11568349599838257, 0.055464617908000946]
2.119379098037807  ::  6.393647  ::  [-1.496962308883667, -0.1159154549241066, 0.05546269565820694]
2.119379098037807  ::  6.409569  ::  [-1.4938123226165771, -0.11603596061468124, 0.0554644875228405]
2.119775889339903  ::  6.425162  ::  [-1.4875400066375732, -0.11626942455768585, 0.055463407188653946]
2.1210597514604537  ::  6.440863  ::  [-1.4781146049499512, -0.11661656200885773, 0.05546310916543007]
2.122719273985355  ::  6.45682  ::  [-1.4686930179595947, -0.11696846783161163, 0.05546422302722931]
2.1236795558939763  ::  6.472777  ::  [-1.4624056816101074, -0.11720103025436401, 0.055463261902332306]
2.125140789489536  ::  6.488093  ::  [-1.4529833793640137, -0.11754874885082245, 0.055466871708631516]
2.1260163343637672  ::  6.504023  ::  [-1.4435631036758423, -0.11789879202842712, 0.05546703189611435]
2.126197120933361  ::  6.519979  ::  [-1.434136152267456, -0.11824675649404526, 0.05546828359365463]
2.1257081220774703  ::  6.53548  ::  [-1.4247130155563354, -0.11859583854675293, 0.055466800928115845]
2.125180276520675  ::  6.551101  ::  [-1.4184259176254272, -0.118827685713768, 0.05546998977661133]
2.123612961549569  ::  6.567059  ::  [-1.4090076684951782, -0.119174525141716, 0.05546436086297035]
2.1224285640588065  ::  6.58318  ::  [-1.3995823860168457, -0.1195259541273117, 0.05546686798334122]
2.1198305308532626  ::  6.599114  ::  [-1.3901593685150146, -0.11987541615962982, 0.05546819418668747]
2.1198305308532626  ::  6.615094  ::  [-1.3838640451431274, -0.12010890245437622, 0.055463921278715134]
2.118545174628831  ::  6.631096  ::  [-1.3650259971618652, -0.12080799043178558, 0.05546867102384567]
2.118545174628831  ::  6.654031  ::  [-1.3650259971618652, -0.12080799043178558, 0.05546867102384567]
2.119224778451247  ::  6.663007  ::  [-1.3556106090545654, -0.12115909159183502, 0.05546385049819946]
2.119541741917418  ::  6.678994  ::  [-1.3556106090545654, -0.12115909159183502, 0.05546385049819946]
2.119541741917418  ::  6.694928  ::  [-1.352466344833374, -0.12127222120761871, 0.055463869124650955]
2.121323567517145  ::  6.71042  ::  [-1.3461878299713135, -0.12150616943836212, 0.055463701486587524]
2.121323567517145  ::  6.72638  ::  [-1.3398957252502441, -0.12174086272716522, 0.05546265468001366]
2.1234868164933354  ::  6.742176  ::  [-1.3304803371429443, -0.1220913827419281, 0.055464304983615875]
2.1248814557444873  ::  6.757136  ::  [-1.3241982460021973, -0.12231893092393875, 0.05546470731496811]
2.125207810720767  ::  6.773094  ::  [-1.3147783279418945, -0.12267331779003143, 0.055463604629039764]
2.125207810720767  ::  6.789175  ::  [-1.3053549528121948, -0.12301793694496155, 0.0554652139544487]
2.1252714168574127  ::  6.805124  ::  [-1.2959263324737549, -0.12336806207895279, 0.055467985570430756]
2.123237301145218  ::  6.821064  ::  [-1.2865040302276611, -0.1237168088555336, 0.05546838045120239]
2.123237301145218  ::  6.83702  ::  [-1.2770733833312988, -0.12406649440526962, 0.05547177419066429]
2.1226140463834544  ::  6.852982  ::  [-1.2739299535751343, -0.12418295443058014, 0.05546729266643524]
2.1216008305087652  ::  6.868962  ::  [-1.2676500082015991, -0.12441449612379074, 0.05547040328383446]
2.118702909309976  ::  6.884916  ::  [-1.2582297325134277, -0.12476026266813278, 0.05546656623482704]
2.118702909309976  ::  6.900875  ::  [-1.2488057613372803, -0.125114306807518, 0.055468108505010605]
2.1185742029328036  ::  6.915809  ::  [-1.2393805980682373, -0.1254640370607376, 0.05546784773468971]
2.119245055575346  ::  6.931832  ::  [-1.2299582958221436, -0.12581250071525574, 0.05546741932630539]
2.119245055575346  ::  6.947725  ::  [-1.220536231994629, -0.1261608600616455, 0.055464036762714386]
2.1215212161162524  ::  6.963714  ::  [-1.2142584323883057, -0.12639540433883667, 0.05546291545033455]
2.1215212161162524  ::  6.97967  ::  [-1.2048360109329224, -0.1267429143190384, 0.05546475574374199]
2.1233811620046117  ::  6.995627  ::  [-1.1985501050949097, -0.1269756257534027, 0.055463287979364395]
2.1233811620046117  ::  7.011609  ::  [-1.192275047302246, -0.12721018493175507, 0.055463340133428574]
2.1246227623296727  ::  7.027334  ::  [-1.182847023010254, -0.1275581270456314, 0.055464472621679306]
2.1251420701500057  ::  7.043294  ::  [-1.1734248399734497, -0.12790820002555847, 0.05546322464942932]
2.124665237568574  ::  7.059251  ::  [-1.164001703262329, -0.12825700640678406, 0.05546751618385315]
2.123724805897228  ::  7.075225  ::  [-1.1545641422271729, -0.12860575318336487, 0.05546530336141586]
2.1210354189115352  ::  7.091182  ::  [-1.1482902765274048, -0.12883850932121277, 0.05546610802412033]
2.1210354189115352  ::  7.107267  ::  [-1.1388633251190186, -0.12918613851070404, 0.05547038093209267]
2.118518707645797  ::  7.12286  ::  [-1.1294398307800293, -0.12953387200832367, 0.05546945333480835]
2.118962669941848  ::  7.13882  ::  [-1.1200156211853027, -0.12988464534282684, 0.05546649917960167]
2.118962669941848  ::  7.154775  ::  [-1.1105974912643433, -0.13023445010185242, 0.05546457692980766]
2.1186576593067246  ::  7.170732  ::  [-1.1043126583099365, -0.13046815991401672, 0.055467087775468826]
2.1187959706374175  ::  7.186692  ::  [-1.0980347394943237, -0.13070163130760193, 0.0554664246737957]
2.1198036369834057  ::  7.202542  ::  [-1.0886101722717285, -0.13104970753192902, 0.05546649545431137]
2.120589108737957  ::  7.218532  ::  [-1.0823183059692383, -0.1312829554080963, 0.05546381324529648]
2.1223630369314566  ::  7.234476  ::  [-1.0729122161865234, -0.13163205981254578, 0.05546339601278305]
2.1236174438612117  ::  7.250414  ::  [-1.0634868144989014, -0.13198241591453552, 0.05546581745147705]
2.1246878625701995  ::  7.266392  ::  [-1.0571978092193604, -0.13221319019794464, 0.05546524375677109]
2.1257362966077964  ::  7.281941  ::  [-1.0477790832519531, -0.13256332278251648, 0.05546579509973526]
2.125995843796257  ::  7.2979  ::  [-1.038352131843567, -0.1329125165939331, 0.05546846240758896]
2.1255634074444307  ::  7.313854  ::  [-1.032067894935608, -0.13314537703990936, 0.05547018721699715]
2.1255634074444307  ::  7.329812  ::  [-1.0289241075515747, -0.13326147198677063, 0.05546744912862778]
2.1245301278890545  ::  7.345825  ::  [-1.0226433277130127, -0.1334962248802185, 0.05547037720680237]
2.1231205475990933  ::  7.361319  ::  [-1.0195022821426392, -0.1336105316877365, 0.05547007918357849]
2.121548750316344  ::  7.377276  ::  [-1.0100831985473633, -0.13395965099334717, 0.055466558784246445]
2.120575448359617  ::  7.393238  ::  [-1.0006558895111084, -0.13430628180503845, 0.05546820908784866]
2.119638858669679  ::  7.409193  ::  [-0.9943722486495972, -0.13453912734985352, 0.05546831339597702]
2.1193799518114536  ::  7.425148  ::  [-0.9880906939506531, -0.1347746104001999, 0.055467717349529266]
2.118883909322981  ::  7.440614  ::  [-0.9849497079849243, -0.13489343225955963, 0.05546865239739418]
2.118690316148694  ::  7.456571  ::  [-0.9786652326583862, -0.13512250781059265, 0.05546794831752777]
2.118690316148694  ::  7.472007  ::  [-0.9723849296569824, -0.13535498082637787, 0.055466338992118835]
2.1199357584551635  ::  7.487968  ::  [-0.9661054611206055, -0.13559024035930634, 0.05546408146619797]
2.1199357584551635  ::  7.504081  ::  [-0.9566845893859863, -0.13593770563602448, 0.055463820695877075]
2.120966690133012  ::  7.520039  ::  [-0.9504022598266602, -0.136172816157341, 0.05546331778168678]
2.1211905922717413  ::  7.535991  ::  [-0.9409675598144531, -0.13652291893959045, 0.05546485632658005]
2.123615309427096  ::  7.551953  ::  [-0.9315457344055176, -0.1368716061115265, 0.055466748774051666]
2.1251830512850254  ::  7.567888  ::  [-0.9221327304840088, -0.13721963763237, 0.055465925484895706]
2.1251830512850254  ::  7.583892  ::  [-0.9127081632614136, -0.137569397687912, 0.055467166006565094]
2.1252487918557867  ::  7.599076  ::  [-0.9064241051673889, -0.13780374825000763, 0.055464968085289]
2.1250408979729247  ::  7.614417  ::  [-0.9001377820968628, -0.13803431391716003, 0.05547013506293297]
2.1224953718466257  ::  7.629903  ::  [-0.8907172679901123, -0.13838307559490204, 0.05546760559082031]
2.1224953718466257  ::  7.645528  ::  [-0.8812886476516724, -0.13873149454593658, 0.05546998977661133]
2.120306509661048  ::  7.661484  ::  [-0.8750032186508179, -0.13896474242210388, 0.055471889674663544]
2.1196288268293357  ::  7.677438  ::  [-0.8655795454978943, -0.13931353390216827, 0.05547120422124863]
2.1190860402337313  ::  7.693396  ::  [-0.8592944145202637, -0.13954681158065796, 0.055471185594797134]
2.1190860402337313  ::  7.709357  ::  [-0.8530155420303345, -0.13978031277656555, 0.055469661951065063]
2.1186171050585276  ::  7.724318  ::  [-0.8435887694358826, -0.14013062417507172, 0.05546567961573601]
2.1191208315098162  ::  7.739278  ::  [-0.8341776728630066, -0.14047622680664062, 0.055464934557676315]
2.1191208315098162  ::  7.755258  ::  [-0.8278970718383789, -0.14071352779865265, 0.05546240136027336]
2.1207397997865205  ::  7.771206  ::  [-0.8184646964073181, -0.14106321334838867, 0.05546393617987633]
2.123314994547027  ::  7.787163  ::  [-0.8090513944625854, -0.14141055941581726, 0.055465467274188995]
2.123314994547027  ::  7.803101  ::  [-0.8027660846710205, -0.14164239168167114, 0.05546632409095764]
2.12585283671051  ::  7.819064  ::  [-0.7902050018310547, -0.1421113908290863, 0.05546463280916214]
2.12585283671051  ::  7.835021  ::  [-0.7839189767837524, -0.14234188199043274, 0.05546468868851662]
2.1259956303528456  ::  7.850974  ::  [-0.7744889259338379, -0.14269261062145233, 0.05546659231185913]
2.1241512658335306  ::  7.866909  ::  [-0.7650647163391113, -0.14303863048553467, 0.055468373000621796]
2.1241512658335306  ::  7.882889  ::  [-0.7556301355361938, -0.14339035749435425, 0.05546633154153824]
2.120989742021461  ::  7.899821  ::  [-0.7367912530899048, -0.14408637583255768, 0.05547139421105385]
2.1204740627391248  ::  7.914805  ::  [-0.7367912530899048, -0.14408637583255768, 0.05547139421105385]
2.1196627643317743  ::  7.930738  ::  [-0.7273757457733154, -0.14443576335906982, 0.05546515807509422]
2.118907388098253  ::  7.946697  ::  [-0.7273757457733154, -0.14443576335906982, 0.05546515807509422]
2.118907388098253  ::  7.96268  ::  [-0.717951774597168, -0.1447831392288208, 0.05546446517109871]
2.11856822651728  ::  7.978637  ::  [-0.7116539478302002, -0.14501886069774628, 0.05546671897172928]
2.1188437819616075  ::  7.994594  ::  [-0.7053879499435425, -0.1452530175447464, 0.05546652153134346]
2.121375007379332  ::  8.010565  ::  [-0.6959563493728638, -0.14560388028621674, 0.05546188727021217]
2.122213413099951  ::  8.026557  ::  [-0.6865429282188416, -0.1459508240222931, 0.05546431988477707]
2.122213413099951  ::  8.042544  ::  [-0.680263102054596, -0.1461835503578186, 0.05546467751264572]
2.1248680088095586  ::  8.058486  ::  [-0.6708347797393799, -0.1465328186750412, 0.05546652153134346]
2.1248680088095586  ::  8.074211  ::  [-0.6614086627960205, -0.14688318967819214, 0.055463723838329315]
2.1255977718336925  ::  8.090163  ::  [-0.6519943475723267, -0.14723017811775208, 0.05546656996011734]
2.125084653872295  ::  8.106133  ::  [-0.6425660848617554, -0.1475805789232254, 0.05546800047159195]
2.125084653872295  ::  8.122083  ::  [-0.6331391334533691, -0.14792819321155548, 0.055470339953899384]
2.1231344214208447  ::  8.137608  ::  [-0.6237179040908813, -0.148280531167984, 0.05546706169843674]
2.1231344214208447  ::  8.153567  ::  [-0.6174263954162598, -0.14851249754428864, 0.05546693131327629]
2.1202076853614944  ::  8.169247  ::  [-0.6080136895179749, -0.1488618701696396, 0.055466026067733765]
2.119157330333193  ::  8.185203  ::  [-0.598581075668335, -0.1492091417312622, 0.055471207946538925]
2.118950290223977  ::  8.201188  ::  [-0.5891629457473755, -0.14955878257751465, 0.05546768009662628]
2.118950290223977  ::  8.218399  ::  [-0.5828772783279419, -0.14979302883148193, 0.055465828627347946]
2.118872383378757  ::  8.234022  ::  [-0.5797382593154907, -0.1499071568250656, 0.055467598140239716]
2.119900753735667  ::  8.249725  ::  [-0.5734437108039856, -0.15014085173606873, 0.055466677993535995]
2.119900753735667  ::  8.265091  ::  [-0.5640407204627991, -0.15049238502979279, 0.05546240136027336]
2.1223976147641297  ::  8.280713  ::  [-0.5483313798904419, -0.1510724127292633, 0.05546556040644646]
2.1223976147641297  ::  8.296088  ::  [-0.5483313798904419, -0.1510724127292633, 0.05546556040644646]
2.1254150642733944  ::  8.312046  ::  [-0.5389145016670227, -0.15142416954040527, 0.05546528100967407]
2.1261309534757764  ::  8.327575  ::  [-0.5263463258743286, -0.15188738703727722, 0.05546091869473457]
2.1262728933444657  ::  8.342909  ::  [-0.5200677514076233, -0.15212160348892212, 0.0554642491042614]
2.1257036397658275  ::  8.358868  ::  [-0.5106372833251953, -0.1524704396724701, 0.055469609797000885]
2.1249273460779734  ::  8.374826  ::  [-0.5012102127075195, -0.15281885862350464, 0.05547063797712326]
2.124385840142838  ::  8.390781  ::  [-0.49492818117141724, -0.15305331349372864, 0.055469851940870285]
2.124385840142838  ::  8.406739  ::  [-0.49179017543792725, -0.15316663682460785, 0.055468760430812836]
2.122980955607931  ::  8.42225  ::  [-0.4823605418205261, -0.15351718664169312, 0.055471695959568024]
2.121291337561999  ::  8.43835  ::  [-0.47293737530708313, -0.15386880934238434, 0.055468685925006866]
2.1192260591117167  ::  8.454318  ::  [-0.4666527807712555, -0.15409842133522034, 0.05546875670552254]
2.1192260591117167  ::  8.47026  ::  [-0.4540901780128479, -0.15456622838974, 0.05546535179018974]
2.1194179447387116  ::  8.486191  ::  [-0.4478115439414978, -0.15479815006256104, 0.055466100573539734]
2.1194179447387116  ::  8.502171  ::  [-0.44152987003326416, -0.15503419935703278, 0.05546462535858154]
2.1209225073468185  ::  8.518132  ::  [-0.43524980545043945, -0.15526548027992249, 0.055465590208768845]
2.122515648970724  ::  8.534069  ::  [-0.4258252680301666, -0.1556151807308197, 0.055463679134845734]
2.1234793459739305  ::  8.550026  ::  [-0.416404128074646, -0.15596319735050201, 0.05546357110142708]
2.1250927647219346  ::  8.565987  ::  [-0.4006946086883545, -0.15654802322387695, 0.05546175688505173]
2.1254741880983974  ::  8.581785  ::  [-0.4006946086883545, -0.15654802322387695, 0.05546175688505173]
2.126066707008896  ::  8.597013  ::  [-0.3975578844547272, -0.15666382014751434, 0.055464114993810654]
2.126066707008896  ::  8.612822  ::  [-0.3881300389766693, -0.15701231360435486, 0.055465299636125565]
2.1262750277785814  ::  8.628779  ::  [-0.38184869289398193, -0.15724262595176697, 0.05546794831752777]
2.125616981740733  ::  8.644744  ::  [-0.3755640685558319, -0.15747493505477905, 0.05546538159251213]
2.125616981740733  ::  8.660692  ::  [-0.36928004026412964, -0.15770763158798218, 0.055468861013650894]
2.1252558354883684  ::  8.67665  ::  [-0.366132527589798, -0.15782472491264343, 0.055469125509262085]
2.1239134898730496  ::  8.692609  ::  [-0.35671311616897583, -0.15817463397979736, 0.05547063425183296]
2.12243454047433  ::  8.708566  ::  [-0.3472864627838135, -0.15852385759353638, 0.055471960455179214]
2.120091572145604  ::  8.72393  ::  [-0.34100469946861267, -0.1587551236152649, 0.055470049381256104]
2.11927707208708  ::  8.739886  ::  [-0.3315807580947876, -0.15910585224628448, 0.05547044053673744]
2.119267040246737  ::  8.755844  ::  [-0.32216235995292664, -0.1594548523426056, 0.055466897785663605]
2.119267040246737  ::  8.771408  ::  [-0.3127351701259613, -0.15980441868305206, 0.05546671524643898]
2.1197912572655353  ::  8.787052  ::  [-0.3033140301704407, -0.16015292704105377, 0.0554664209485054]
2.1203357514084322  ::  8.80301  ::  [-0.29703861474990845, -0.16038598120212555, 0.05546507239341736]
2.1219158729842325  ::  8.818967  ::  [-0.28761911392211914, -0.1607370525598526, 0.05546284466981888]
2.1230569414624476  ::  8.833928  ::  [-0.28133562207221985, -0.1609702706336975, 0.055464860051870346]
2.1241209568690884  ::  8.848888  ::  [-0.2750546336174011, -0.16120325028896332, 0.055461667478084564]
2.1250097352348365  ::  8.864813  ::  [-0.26876989006996155, -0.1614333987236023, 0.05546363443136215]
2.1254238154532685  ::  8.880768  ::  [-0.26876989006996155, -0.1614333987236023, 0.05546363443136215]
2.1254238154532685  ::  8.89686  ::  [-0.2624821364879608, -0.16166725754737854, 0.05546586588025093]
2.1261343685703613  ::  8.911845  ::  [-0.2593448758125305, -0.16178376972675323, 0.05546632036566734]
2.12616147588363  ::  8.92749  ::  [-0.2530604600906372, -0.1620180904865265, 0.05546783655881882]
2.1258351209073503  ::  8.943568  ::  [-0.2467823475599289, -0.16225066781044006, 0.05546707659959793]
2.1258351209073503  ::  8.959154  ::  [-0.24049583077430725, -0.16248291730880737, 0.05546646565198898]
2.1233339910106563  ::  8.974845  ::  [-0.23106655478477478, -0.16283152997493744, 0.05546988919377327]
2.1221993258347878  ::  8.990766  ::  [-0.22164765000343323, -0.16318069398403168, 0.05546719208359718]
2.1221993258347878  ::  9.006339  ::  [-0.2153599113225937, -0.16341173648834229, 0.05546991899609566]
2.1206194177023994  ::  9.021939  ::  [-0.2059353142976761, -0.16376270353794098, 0.05546913295984268]
2.1195609518244587  ::  9.037505  ::  [-0.1965082883834839, -0.1641124039888382, 0.05546765401959419]
2.1189951133404055  ::  9.052974  ::  [-0.1870955526828766, -0.16446149349212646, 0.055466219782829285]
2.1196631912185975  ::  9.069019  ::  [-0.17767389118671417, -0.16481181979179382, 0.055463917553424835]
2.1196631912185975  ::  9.08496  ::  [-0.1713816225528717, -0.16504213213920593, 0.05546117573976517]
2.121466788046304  ::  9.100897  ::  [-0.16511057317256927, -0.1652752012014389, 0.05546437203884125]
2.1223909980183713  ::  9.116897  ::  [-0.15882810950279236, -0.16551104187965393, 0.05546249449253082]
2.123057368349271  ::  9.131819  ::  [-0.15254813432693481, -0.1657441258430481, 0.05546223372220993]
2.1241198896520306  ::  9.147891  ::  [-0.14312006533145905, -0.16609302163124084, 0.05546639859676361]
2.124911337822106  ::  9.163847  ::  [-0.14312006533145905, -0.16609302163124084, 0.05546639859676361]
2.124911337822106  ::  9.179805  ::  [-0.13684427738189697, -0.1663249433040619, 0.05546350032091141]
2.125731173965919  ::  9.195375  ::  [-0.13055886328220367, -0.1665576696395874, 0.05546388402581215]
2.126044295450682  ::  9.211362  ::  [-0.12426681816577911, -0.16679351031780243, 0.0554654486477375]
2.1256502789129366  ::  9.227318  ::  [-0.11485382169485092, -0.16713927686214447, 0.05546434223651886]
2.1256502789129366  ::  9.243271  ::  [-0.1054302528500557, -0.16748854517936707, 0.05546685308218002]
2.12440526349329  ::  9.259205  ::  [-0.0960058867931366, -0.1678379476070404, 0.05546402558684349]
2.1236086926813376  ::  9.275163  ::  [-0.08971868455410004, -0.16807278990745544, 0.0554654523730278]
2.1225382739723497  ::  9.29112  ::  [-0.08343954384326935, -0.16830343008041382, 0.05546769127249718]
2.1212561193990913  ::  9.3071  ::  [-0.07401516288518906, -0.16865338385105133, 0.055467136204242706]
2.120113129930172  ::  9.323058  ::  [-0.06458596885204315, -0.1690007448196411, 0.05546610802412033]
2.1194202926162387  ::  9.338629  ::  [-0.05516447499394417, -0.16935069859027863, 0.055463388562202454]
2.1197436593847567  ::  9.353525  ::  [-0.04574575647711754, -0.16970308125019073, 0.055465273559093475]
2.12138290478556  ::  9.369115  ::  [-0.03946687653660774, -0.16993306577205658, 0.0554644837975502]
2.12138290478556  ::  9.385039  ::  [-0.03004559315741062, -0.17028310894966125, 0.05546294525265694]
2.1224567385891326  ::  9.400996  ::  [-0.02376123145222664, -0.17051522433757782, 0.055463265627622604]
2.1234104037519956  ::  9.416977  ::  [-0.017481107264757156, -0.17075026035308838, 0.05546220764517784]
2.124733966347097  ::  9.431936  ::  [-0.011185535229742527, -0.1709861159324646, 0.055461131036281586]
2.1265142978429434  ::  9.448577  ::  [0.004508026875555515, -0.1715635359287262, 0.05546509474515915]
2.126725820263802  ::  9.463537  ::  [0.004508026875555515, -0.1715635359287262, 0.05546509474515915]
2.128219283814508  ::  9.478517  ::  [0.013928523287177086, -0.17191381752490997, 0.05546596646308899]
2.128219283814508  ::  9.494451  ::  [0.023362671956419945, -0.17226314544677734, 0.05546800419688225]
2.1269294452784333  ::  9.510431  ::  [0.029644185677170753, -0.17249619960784912, 0.0554695650935173]
2.1269294452784333  ::  9.526396  ::  [0.039069510996341705, -0.17284633219242096, 0.05547010153532028]
2.1239954521430895  ::  9.542255  ::  [0.04849032685160637, -0.17319582402706146, 0.055466555058956146]
2.1239954521430895  ::  9.557209  ::  [0.05791931599378586, -0.17354507744312286, 0.05546896159648895]
2.1230155334406042  ::  9.573178  ::  [0.06735158711671829, -0.1738944798707962, 0.05546712502837181]
2.1226193824687436  ::  9.589101  ::  [0.07362047582864761, -0.17412880063056946, 0.055466245859861374]
2.122684055822447  ::  9.605086  ::  [0.07990072667598724, -0.17436137795448303, 0.05546439439058304]
2.12312417613709  ::  9.621043  ::  [0.08932193368673325, -0.17471016943454742, 0.05546208471059799]
2.125483579608506  ::  9.636035  ::  [0.09874482452869415, -0.17506226897239685, 0.05546267330646515]
2.125483579608506  ::  9.651993  ::  [0.10816894471645355, -0.17541101574897766, 0.055463340133428574]
2.1271059629797957  ::  9.667949  ::  [0.1144445389509201, -0.17564478516578674, 0.055462077260017395]
2.1259155890735095  ::  9.683907  ::  [0.1238594725728035, -0.17597684264183044, 0.05544454604387283]
2.1259155890735095  ::  9.699887  ::  [0.13328279554843903, -0.17633534967899323, 0.05545424297451973]
2.124598856667578  ::  9.715847  ::  [0.142694354057312, -0.17667171359062195, 0.05544295534491539]
2.1223796855175583  ::  9.731855  ::  [0.16156551241874695, -0.1773899644613266, 0.05546944960951805]
2.1223796855175583  ::  9.747851  ::  [0.16156551241874695, -0.1773899644613266, 0.05546944960951805]
2.1201955190870354  ::  9.763822  ::  [0.16785533726215363, -0.17762255668640137, 0.05547042936086655]
2.119609190035472  ::  9.779767  ::  [0.1772787868976593, -0.1779714822769165, 0.05547122657299042]
2.119609190035472  ::  9.795723  ::  [0.18042100965976715, -0.17808985710144043, 0.055468685925006866]
2.118723826764309  ::  9.811749  ::  [0.1867002248764038, -0.17832131683826447, 0.055469781160354614]
2.117599620315607  ::  9.827734  ::  [0.19612351059913635, -0.17866890132427216, 0.055468522012233734]
2.117046374992836  ::  9.843665  ::  [0.20554138720035553, -0.17901748418807983, 0.05546310544013977]
2.117235912742304  ::  9.859621  ::  [0.21496693789958954, -0.17936795949935913, 0.05546499043703079]
2.117235912742304  ::  9.874608  ::  [0.21810314059257507, -0.17948321998119354, 0.05546221137046814]
2.1275620915503057  ::  9.890538  ::  [0.22438596189022064, -0.17972368001937866, 0.055460743606090546]
2.1285012425611822  ::  9.906495  ::  [0.233816459774971, -0.1800689846277237, 0.055463798344135284]
2.1285012425611822  ::  9.922556  ::  [0.24008364975452423, -0.18030205368995667, 0.055461470037698746]
2.130328531607572  ::  9.938518  ::  [0.2495020627975464, -0.18065455555915833, 0.05546097084879875]
2.1325558136072313  ::  9.954534  ::  [0.25893306732177734, -0.18100157380104065, 0.055465444922447205]
2.1325558136072313  ::  9.970472  ::  [0.26835495233535767, -0.1813543438911438, 0.05546331778168678]
2.1326665907378324  ::  9.985846  ::  [0.27463799715042114, -0.18158696591854095, 0.055466409772634506]
2.132301389060648  ::  10.00185  ::  [0.28406667709350586, -0.18193751573562622, 0.05546921491622925]
2.1315528430162973  ::  10.017807  ::  [0.2934934198856354, -0.18228629231452942, 0.055470582097768784]
2.1291223628888303  ::  10.033765  ::  [0.2997705340385437, -0.18251904845237732, 0.055466752499341965]
2.1291223628888303  ::  10.049722  ::  [0.30920088291168213, -0.18287056684494019, 0.05547148734331131]
2.1266645620046836  ::  10.065682  ::  [0.3280457854270935, -0.18357449769973755, 0.05546731501817703]
2.126210140981466  ::  10.081638  ::  [0.3280457854270935, -0.18357449769973755, 0.05546731501817703]
2.1260043815327196  ::  10.097675  ::  [0.33433008193969727, -0.18380701541900635, 0.05546681210398674]
2.1265367094011576  ::  10.11363  ::  [0.34374499320983887, -0.18415695428848267, 0.05546257272362709]
2.1265367094011576  ::  10.129647  ::  [0.3531666696071625, -0.1845054030418396, 0.05546305328607559]
2.128014378139407  ::  10.145572  ::  [0.35630834102630615, -0.18462324142456055, 0.055464085191488266]
2.1290034749085898  ::  10.161602  ::  [0.3657279908657074, -0.18497416377067566, 0.05546342208981514]
2.130448273361459  ::  10.177559  ::  [0.3720112442970276, -0.18520765006542206, 0.055463604629039764]
2.13189328525774  ::  10.193517  ::  [0.38143303990364075, -0.1855604499578476, 0.05546111613512039]
2.13189328525774  ::  10.208512  ::  [0.3908741772174835, -0.18590956926345825, 0.05546502768993378]
2.132403628454787  ::  10.224095  ::  [0.3971423804759979, -0.18614345788955688, 0.05546659231185913]
2.1326779032386454  ::  10.240053  ::  [0.40656352043151855, -0.18649208545684814, 0.05546453222632408]
2.132232233395302  ::  10.255593  ::  [0.41284939646720886, -0.1867254376411438, 0.055465731769800186]
2.1315208265045626  ::  10.271398  ::  [0.4191347360610962, -0.18695953488349915, 0.05546841770410538]
2.1300233075290373  ::  10.287336  ::  [0.42542317509651184, -0.18719351291656494, 0.055467382073402405]
2.1300233075290373  ::  10.303403  ::  [0.43484336137771606, -0.18754172325134277, 0.05546947941184044]
2.128528136431039  ::  10.319331  ::  [0.44427162408828735, -0.18789350986480713, 0.05546993017196655]
2.126511949965416  ::  10.334942  ::  [0.45055291056632996, -0.1881270855665207, 0.05547031760215759]
2.126511949965416  ::  10.35092  ::  [0.4599738121032715, -0.18847894668579102, 0.05546782538294792]
2.1258071598204356  ::  10.366875  ::  [0.4693980813026428, -0.18882641196250916, 0.055467601865530014]
2.1258182588778367  ::  10.382016  ::  [0.47881951928138733, -0.18917815387248993, 0.055466990917921066]
2.1275097979144726  ::  10.399378  ::  [0.4945189356803894, -0.1897651106119156, 0.05546470731496811]
2.1275097979144726  ::  10.413399  ::  [0.4945189356803894, -0.1897651106119156, 0.05546470731496811]
2.130591067003795  ::  10.429427  ::  [0.5039421319961548, -0.1901150345802307, 0.05546392500400543]
2.1321652121640713  ::  10.444549  ::  [0.5133686065673828, -0.1904653161764145, 0.0554642379283905]
2.1321652121640713  ::  10.45964  ::  [0.522786021232605, -0.1908118724822998, 0.055461686104536057]
2.1327421497055257  ::  10.475691  ::  [0.5322169065475464, -0.1911647766828537, 0.055467523634433746]
2.132891773537031  ::  10.491197  ::  [0.5384950041770935, -0.19139795005321503, 0.055466536432504654]
2.1324510128921537  ::  10.506188  ::  [0.5479177236557007, -0.19174928963184357, 0.05546538159251213]
2.131390626023509  ::  10.522142  ::  [0.5573460459709167, -0.1920989453792572, 0.05546744912862778]
2.128395374629047  ::  10.538097  ::  [0.5667750239372253, -0.19244834780693054, 0.055471111088991165]
2.128395374629047  ::  10.554027  ::  [0.5761977434158325, -0.19279658794403076, 0.055468734353780746]
2.125966388605461  ::  10.570015  ::  [0.5856277942657471, -0.19314830005168915, 0.05546886846423149]
2.125966388605461  ::  10.58596  ::  [0.5950473546981812, -0.193499356508255, 0.05546938627958298]
2.1255360866877506  ::  10.601084  ::  [0.6013273596763611, -0.19373145699501038, 0.05546615272760391]
2.126585374498994  ::  10.617036  ::  [0.6107500791549683, -0.19408655166625977, 0.05546499043703079]
2.1277546175075353  ::  10.631974  ::  [0.6201751232147217, -0.19443291425704956, 0.055464036762714386]
2.128915109336203  ::  10.64695  ::  [0.6295884847640991, -0.19478453695774078, 0.05546341836452484]
2.1298045280321856  ::  10.662906  ::  [0.6358714699745178, -0.19501930475234985, 0.05546215549111366]
2.1298045280321856  ::  10.678864  ::  [0.6421506404876709, -0.19525249302387238, 0.055462174117565155]
2.13106299038676  ::  10.694943  ::  [0.6484332084655762, -0.19548684358596802, 0.05546218529343605]
2.131757962134809  ::  10.7101  ::  [0.6515744924545288, -0.19560299813747406, 0.055463191121816635]
2.131757962134809  ::  10.726024  ::  [0.6578596830368042, -0.1958361268043518, 0.055464230477809906]
2.132180580089704  ::  10.741008  ::  [0.6672844886779785, -0.19618763029575348, 0.05546468868851662]
2.1317893383163087  ::  10.756361  ::  [0.6735633611679077, -0.19641925394535065, 0.05546477437019348]
2.1317893383163087  ::  10.771901  ::  [0.6829897165298462, -0.1967688351869583, 0.05546823889017105]
2.131028412554087  ::  10.78705  ::  [0.689278244972229, -0.19700288772583008, 0.05546996742486954]
2.128523227232573  ::  10.802968  ::  [0.6987040042877197, -0.1973540037870407, 0.0554700531065464]
2.128058560925601  ::  10.81896  ::  [0.7049847841262817, -0.19758635759353638, 0.05546994507312775]
2.1268696811231957  ::  10.834883  ::  [0.7081354856491089, -0.19770307838916779, 0.0554693341255188]
2.1261079015873277  ::  10.850863  ::  [0.7144052982330322, -0.19793659448623657, 0.0554678812623024]
2.12539948290435  ::  10.866797  ::  [0.720689058303833, -0.19817039370536804, 0.05546540394425392]
2.1253984156872927  ::  10.881948  ::  [0.7269882559776306, -0.1984042525291443, 0.055467452853918076]
2.1253984156872927  ::  10.896791  ::  [0.7332530617713928, -0.19863788783550262, 0.055466897785663605]
2.1259774876628628  ::  10.912776  ::  [0.7426700592041016, -0.19898734986782074, 0.05546131730079651]
2.1259774876628628  ::  10.928703  ::  [0.7489546537399292, -0.19922254979610443, 0.05546211078763008]
2.1262739605615235  ::  10.94469  ::  [0.7520949840545654, -0.1993381679058075, 0.055462393909692764]
2.128051303849608  ::  10.960652  ::  [0.7583764791488647, -0.19957047700881958, 0.055463310331106186]
2.128051303849608  ::  10.976251  ::  [0.7646526098251343, -0.1998051553964615, 0.05546141043305397]
2.1286165020034264  ::  10.992292  ::  [0.767810046672821, -0.19992446899414062, 0.05546008422970772]
2.1297893735499644  ::  11.008219  ::  [0.7740786671638489, -0.2001579999923706, 0.055461399257183075]
2.132082182676973  ::  11.024199  ::  [0.7835103273391724, -0.2005089372396469, 0.055465031415224075]
2.1325018124241057  ::  11.040161  ::  [0.789781928062439, -0.20074066519737244, 0.055463023483753204]
2.1325018124241057  ::  11.056092  ::  [0.7992075681686401, -0.20108884572982788, 0.05546458810567856]
2.131925515212886  ::  11.07207  ::  [0.8086364269256592, -0.2014394849538803, 0.05546799674630165]
2.131925515212886  ::  11.088008  ::  [0.8149224519729614, -0.2016741782426834, 0.05546983703970909]
2.1307268170135485  ::  11.103989  ::  [0.8243477940559387, -0.20202462375164032, 0.055464498698711395]
2.129749032745179  ::  11.11995  ::  [0.8306251764297485, -0.2022571861743927, 0.05546477437019348]
2.128686511442419  ::  11.135923  ::  [0.8369133472442627, -0.2024902105331421, 0.055469490587711334]
2.127218234214278  ::  11.151882  ::  [0.8400568962097168, -0.20260731875896454, 0.055470872670412064]
2.127218234214278  ::  11.167869  ::  [0.8463404178619385, -0.2028411477804184, 0.05547073483467102]
2.1257734357614084  ::  11.183825  ::  [0.852628231048584, -0.2030765861272812, 0.05546674132347107]
2.1254052458764625  ::  11.199752  ::  [0.8683304786682129, -0.20366165041923523, 0.0554635263979435]
2.1254052458764625  ::  11.215203  ::  [0.8683304786682129, -0.20366165041923523, 0.0554635263979435]
2.125755506514837  ::  11.232161  ::  [0.8777515292167664, -0.20401154458522797, 0.05546047165989876]
2.126673740071381  ::  11.247183  ::  [0.8871670961380005, -0.2043589949607849, 0.05546392872929573]
2.126673740071381  ::  11.26314  ::  [0.8871670961380005, -0.2043589949607849, 0.05546392872929573]
2.1284130904322067  ::  11.279097  ::  [0.8965898752212524, -0.20471204817295074, 0.05546462908387184]
2.1312264880400176  ::  11.294386  ::  [0.9028760194778442, -0.20494574308395386, 0.055465612560510635]
2.1312264880400176  ::  11.310316  ::  [0.9122961759567261, -0.2052968442440033, 0.0554652139544487]
2.1323895411896236  ::  11.326004  ::  [0.9217233657836914, -0.20564678311347961, 0.05546585097908974]
2.132956873777558  ::  11.341997  ::  [0.931143045425415, -0.20599517226219177, 0.05546197667717934]
2.1329686131651937  ::  11.35792  ::  [0.9374206066131592, -0.20622935891151428, 0.055464476346969604]
2.1323931697276204  ::  11.373907  ::  [0.9468532800674438, -0.2065795660018921, 0.05546872317790985]
2.132039280551249  ::  11.389868  ::  [0.9499897956848145, -0.2066957652568817, 0.055466968566179276]
2.13064912361174  ::  11.40582  ::  [0.9562775492668152, -0.20692917704582214, 0.055470097810029984]
2.13064912361174  ::  11.421784  ::  [0.9594169855117798, -0.2070470154285431, 0.05546525865793228]
2.1276344488668255  ::  11.437706  ::  [0.9688485264778137, -0.20739537477493286, 0.05546984821557999]
2.126998814387191  ::  11.453663  ::  [0.9782690405845642, -0.20774585008621216, 0.05546970292925835]
2.126998814387191  ::  11.46962  ::  [0.9845626950263977, -0.20797991752624512, 0.055466387420892715]
2.126158487675868  ::  11.485612  ::  [0.9939680099487305, -0.20833119750022888, 0.05546526238322258]
2.126158487675868  ::  11.501564  ::  [1.0033882856369019, -0.20868289470672607, 0.055462174117565155]
2.128209251974164  ::  11.517716  ::  [1.0128134489059448, -0.2090311199426651, 0.05546236038208008]
2.128209251974164  ::  11.533659  ::  [1.0222420692443848, -0.2093845158815384, 0.05546585097908974]
2.131630963304929  ::  11.549275  ::  [1.031675934791565, -0.20973476767539978, 0.05546555668115616]
2.1323139822219304  ::  11.566212  ::  [1.0473688840866089, -0.21031922101974487, 0.05546684190630913]
2.1323139822219304  ::  11.581171  ::  [1.0473688840866089, -0.21031922101974487, 0.05546684190630913]
2.133134245252567  ::  11.597128  ::  [1.0505038499832153, -0.21043391525745392, 0.05546390265226364]
2.133134245252567  ::  11.61312  ::  [1.0567870140075684, -0.21066874265670776, 0.0554644875228405]
2.133099880863305  ::  11.629082  ::  [1.063071608543396, -0.21090039610862732, 0.05546620860695839]
2.1330488678879416  ::  11.645073  ::  [1.0693572759628296, -0.2111380249261856, 0.05546583980321884]
2.1330488678879416  ::  11.661057  ::  [1.0724999904632568, -0.21125146746635437, 0.05546699836850166]
2.1319889079061203  ::  11.67703  ::  [1.081921935081482, -0.21160390973091125, 0.05546772852540016]
2.1319889079061203  ::  11.692954  ::  [1.0850601196289062, -0.21172112226486206, 0.05546560883522034]
2.130419031614075  ::  11.708943  ::  [1.0913455486297607, -0.2119521051645279, 0.05546846240758896]
2.130419031614075  ::  11.724899  ::  [1.094487190246582, -0.21207092702388763, 0.055466946214437485]
2.128386623449173  ::  11.7397  ::  [1.10076904296875, -0.21230219304561615, 0.055466361343860626]
2.128386623449173  ::  11.755632  ::  [1.1070529222488403, -0.21253745257854462, 0.055465422570705414]
2.1269561257048784  ::  11.771451  ::  [1.1101927757263184, -0.21265073120594025, 0.05546613037586212]
2.1267051162528805  ::  11.787311  ::  [1.1164779663085938, -0.21288463473320007, 0.05546489730477333]
2.1267051162528805  ::  11.803244  ::  [1.122758150100708, -0.21312230825424194, 0.05546492338180542]
2.1264442884039507  ::  11.819201  ::  [1.1321860551834106, -0.21347267925739288, 0.05546632036566734]
2.127383652858239  ::  11.835109  ::  [1.138465166091919, -0.21370568871498108, 0.05546620115637779]
2.127383652858239  ::  11.851253  ::  [1.1478885412216187, -0.21405678987503052, 0.05546652898192406]
2.130212418391682  ::  11.866815  ::  [1.1573076248168945, -0.21440671384334564, 0.05546381697058678]
2.1316362993902183  ::  11.882774  ::  [1.16673743724823, -0.21475808322429657, 0.05546719580888748]
2.1325003183202247  ::  11.902704  ::  [1.182443618774414, -0.2153419703245163, 0.05546799302101135]
2.1325003183202247  ::  11.91467  ::  [1.182443618774414, -0.2153419703245163, 0.05546799302101135]
2.1330810978430876  ::  11.930628  ::  [1.1887226104736328, -0.2155769318342209, 0.05546588823199272]
2.1330810978430876  ::  11.946654  ::  [1.195001482963562, -0.21580719947814941, 0.0554623156785965]
2.1331297629409236  ::  11.962301  ::  [1.2044315338134766, -0.21615955233573914, 0.055468544363975525]
2.13131698804652  ::  11.978054  ::  [1.2138549089431763, -0.21650847792625427, 0.055467959493398666]
2.1297953499654882  ::  11.993166  ::  [1.2201486825942993, -0.216742143034935, 0.055468376725912094]
2.128773596354337  ::  12.009123  ::  [1.2295663356781006, -0.21709242463111877, 0.05547048896551132]
2.1271535608605743  ::  12.02508  ::  [1.2452678680419922, -0.21767719089984894, 0.05546369031071663]
2.1271535608605743  ::  12.041037  ::  [1.2452678680419922, -0.21767719089984894, 0.05546369031071663]
2.1263697966533153  ::  12.05659  ::  [1.2547008991241455, -0.21802625060081482, 0.05546557530760765]
2.1261200678617866  ::  12.072334  ::  [1.2641119956970215, -0.21837735176086426, 0.05546518415212631]
2.1266472730883472  ::  12.088257  ::  [1.273539662361145, -0.2187289595603943, 0.05546712875366211]
2.127785139915389  ::  12.104215  ::  [1.282963752746582, -0.21907949447631836, 0.055467016994953156]
2.130343472646382  ::  12.120171  ::  [1.2892558574676514, -0.21931397914886475, 0.0554642528295517]
2.131918044693481  ::  12.136129  ::  [1.2986682653427124, -0.21966440975666046, 0.05546729266643524]
2.1329254975960583  ::  12.151862  ::  [1.3080917596817017, -0.22001466155052185, 0.05546782165765762]
2.133169676858886  ::  12.167818  ::  [1.3175134658813477, -0.22036615014076233, 0.05546705797314644]
2.133169676858886  ::  12.183823  ::  [1.3206570148468018, -0.2204820215702057, 0.05546858161687851]
2.133188673322515  ::  12.198891  ::  [1.3269380331039429, -0.22071745991706848, 0.05546782165765762]
2.1328657334408203  ::  12.214849  ::  [1.339504599571228, -0.22118090093135834, 0.05546718090772629]
2.132035865456664  ::  12.231879  ::  [1.3457834720611572, -0.22141516208648682, 0.05546574294567108]
