1.433674956197365  ::  0.015485  ::  [-4.649742126464844, 9.932066313922405e-05, 0.055466361343860626]
1.4519532894682596  ::  0.031443  ::  [-4.6497416496276855, 9.935258276527748e-05, 0.05546646937727928]
1.5203201746872081  ::  0.047377  ::  [-4.649547576904297, 9.36334254220128e-05, 0.056510038673877716]
1.614323854790682  ::  0.062696  ::  [-4.640171051025391, -0.00016869371756911278, 0.05647280812263489]
1.6898893325080007  ::  0.078206  ::  [-4.622007846832275, -0.000496449472848326, 0.0570516511797905]
1.8773865629613133  ::  0.094164  ::  [-4.613466262817383, -0.0006068068323656917, 0.05588894709944725]
1.893601218607512  ::  0.110146  ::  [-4.600997447967529, -0.0006929720402695239, 0.05549921095371246]
1.8927634532171276  ::  0.126102  ::  [-4.591174125671387, -0.0010151679161936045, 0.05548582226037979]
1.8927634532171276  ::  0.14206  ::  [-4.5816426277160645, -0.001329745864495635, 0.05546942353248596]
1.8896879470999177  ::  0.158148  ::  [-4.572216987609863, -0.0016365908086299896, 0.05546889454126358]
1.8896879470999177  ::  0.174101  ::  [-4.562783718109131, -0.0019489999394863844, 0.05546855181455612]
1.8874958832631668  ::  0.190054  ::  [-4.553365230560303, -0.002260328736156225, 0.05547048896551132]
1.8854769220331933  ::  0.205924  ::  [-4.5439372062683105, -0.0025696137454360723, 0.05546915903687477]
1.8854769220331933  ::  0.221907  ::  [-4.534511089324951, -0.0028832154348492622, 0.05546792596578598]
1.8855970906739032  ::  0.237839  ::  [-4.528236389160156, -0.003090574871748686, 0.055467430502176285]
1.8855970906739032  ::  0.253799  ::  [-4.518808841705322, -0.0034003653563559055, 0.05546632409095764]
1.8872083749877915  ::  0.26876  ::  [-4.509382724761963, -0.003714025719091296, 0.05546622723340988]
1.8872083749877915  ::  0.284486  ::  [-4.503103256225586, -0.003919496666640043, 0.055465344339609146]
1.8881449646777295  ::  0.300443  ::  [-4.499960422515869, -0.004024684429168701, 0.0554637536406517]
1.889642910540078  ::  0.3164  ::  [-4.496822834014893, -0.004129714798182249, 0.05546431988477707]
1.8912499259857352  ::  0.332357  ::  [-4.4873881340026855, -0.004437823314219713, 0.055461764335632324]
1.8916183293140927  ::  0.348315  ::  [-4.477967262268066, -0.004750700201839209, 0.055466510355472565]
1.8916183293140927  ::  0.364371  ::  [-4.471685886383057, -0.004957560915499926, 0.055466428399086]
1.8916183293140927  ::  0.380463  ::  [-4.471685886383057, -0.004957560915499926, 0.055466428399086]
1.8916183293140927  ::  0.396256  ::  [-4.471685886383057, -0.004957560915499926, 0.055466428399086]
1.8916183293140927  ::  0.411423  ::  [-4.471685886383057, -0.004957560915499926, 0.055466428399086]
1.8916183293140927  ::  0.427016  ::  [-4.471685886383057, -0.004957560915499926, 0.055466428399086]
1.8916183293140927  ::  0.442123  ::  [-4.471685886383057, -0.004957560915499926, 0.055466428399086]
1.8916183293140927  ::  0.457961  ::  [-4.471685886383057, -0.004957560915499926, 0.055466428399086]
1.8916183293140927  ::  0.473552  ::  [-4.471685886383057, -0.004957560915499926, 0.055466428399086]
1.8919910015106816  ::  0.488994  ::  [-4.462257385253906, -0.005268224515020847, 0.05546661466360092]
1.8922142633191763  ::  0.504463  ::  [-4.455973148345947, -0.00547452038154006, 0.05547018721699715]
1.8905329695662954  ::  0.519816  ::  [-4.449691295623779, -0.005681614391505718, 0.05546922609210014]
1.8897502725760942  ::  0.534848  ::  [-4.440268039703369, -0.005992736667394638, 0.05546730011701584]
1.8892674635791389  ::  0.550599  ::  [-4.433985233306885, -0.006198430899530649, 0.055467236787080765]
1.8878749587621024  ::  0.566173  ::  [-4.427699089050293, -0.00640696519985795, 0.055468663573265076]
1.8871885247505162  ::  0.582151  ::  [-4.418274879455566, -0.006715858820825815, 0.055468395352363586]
1.8871885247505162  ::  0.597557  ::  [-4.411989688873291, -0.0069229481741786, 0.055468760430812836]
1.8868103030252268  ::  0.613149  ::  [-4.405704498291016, -0.00713138934224844, 0.05546823889017105]
1.8865631355546368  ::  0.628532  ::  [-4.39628267288208, -0.007443416863679886, 0.05546820908784866]
1.8867814881646658  ::  0.644239  ::  [-4.390000820159912, -0.007650336716324091, 0.055466607213020325]
1.888124260666808  ::  0.660069  ::  [-4.3837199211120605, -0.00785788707435131, 0.055464714765548706]
1.8890721628575589  ::  0.676058  ::  [-4.3742876052856445, -0.008168378844857216, 0.055466752499341965]
1.8903763021022082  ::  0.692015  ::  [-4.368008613586426, -0.008376950398087502, 0.055466316640377045]
1.8917118175283572  ::  0.707416  ::  [-4.361723899841309, -0.008586215786635876, 0.05546277388930321]
1.8926294107546662  ::  0.723096  ::  [-4.355442047119141, -0.00879073329269886, 0.05546560510993004]
1.8926294107546662  ::  0.738923  ::  [-4.34601354598999, -0.00910273753106594, 0.05546853318810463]
1.8936204285145526  ::  0.754151  ::  [-4.339724063873291, -0.009309845045208931, 0.055466506630182266]
1.8939066561294584  ::  0.770152  ::  [-4.333451271057129, -0.009519744664430618, 0.05546633526682854]
1.8931196902710261  ::  0.785689  ::  [-4.3240275382995605, -0.00982966460287571, 0.05546844005584717]
1.8925282385775852  ::  0.80132  ::  [-4.317739009857178, -0.010033712722361088, 0.05547000840306282]
1.8925282385775852  ::  0.816961  ::  [-4.311456680297852, -0.010239609517157078, 0.055469732731580734]
1.889688373986741  ::  0.832385  ::  [-4.302030563354492, -0.010552109219133854, 0.05546683818101883]
1.889688373986741  ::  0.84836  ::  [-4.295753002166748, -0.010761244222521782, 0.0554652139544487]
1.8882862642161842  ::  0.863797  ::  [-4.29260778427124, -0.010864747688174248, 0.055469341576099396]
1.8882862642161842  ::  0.879625  ::  [-4.2831878662109375, -0.011175502091646194, 0.05546572059392929]
1.8875255518973741  ::  0.894498  ::  [-4.276902198791504, -0.011383644305169582, 0.055466100573539734]
1.886695897356629  ::  0.910159  ::  [-4.270615577697754, -0.01159097719937563, 0.055469170212745667]
1.886943491714042  ::  0.926027  ::  [-4.261194705963135, -0.011900493875145912, 0.05546263977885246]
1.886943491714042  ::  0.942071  ::  [-4.25491189956665, -0.012109266594052315, 0.055467087775468826]
1.881785418230213  ::  0.957322  ::  [-4.245481967926025, -0.012416860088706017, 0.05546277016401291]
1.8829151742076153  ::  0.972452  ::  [-4.23920202255249, -0.012624924071133137, 0.055465467274188995]
1.8829151742076153  ::  0.98803  ::  [-4.2329206466674805, -0.012830684892833233, 0.05546512454748154]
1.8847667958029235  ::  1.003759  ::  [-4.226632118225098, -0.013034877367317677, 0.055464621633291245]
1.885957596596033  ::  1.018925  ::  [-4.220351219177246, -0.013243238441646099, 0.055465660989284515]
1.886164636705249  ::  1.034717  ::  [-4.210926532745361, -0.013554518111050129, 0.05546757951378822]
1.8868288726020328  ::  1.049984  ::  [-4.207788467407227, -0.013655531220138073, 0.05546608567237854]
1.886707636744265  ::  1.065919  ::  [-4.198363304138184, -0.013965392485260963, 0.0554669126868248]
1.886707636744265  ::  1.088033  ::  [-4.198363304138184, -0.013965392485260963, 0.0554669126868248]
1.8866743395720613  ::  1.145224  ::  [-4.195221424102783, -0.014066691510379314, 0.05546627193689346]
1.886758436276217  ::  1.162177  ::  [-4.1920695304870605, -0.01417095772922039, 0.05546538904309273]
1.886758436276217  ::  1.178134  ::  [-4.1920695304870605, -0.01417095772922039, 0.05546538904309273]
1.8865804244709736  ::  1.192097  ::  [-4.1920695304870605, -0.01417095772922039, 0.05546538904309273]
1.8864472357821582  ::  1.210049  ::  [-4.185795307159424, -0.01437881775200367, 0.0554669015109539]
1.8864472357821582  ::  1.224527  ::  [-4.185795307159424, -0.01437881775200367, 0.0554669015109539]
1.8864472357821582  ::  1.239484  ::  [-4.185795307159424, -0.01437881775200367, 0.0554669015109539]
1.8856822545951168  ::  1.255441  ::  [-4.182650566101074, -0.014482835307717323, 0.05546858161687851]
1.8816957719973566  ::  1.2714  ::  [-4.179510116577148, -0.014583881013095379, 0.055469561368227005]
1.8804605749746421  ::  1.287356  ::  [-4.166937828063965, -0.01499844528734684, 0.05546944588422775]
1.8793363685259403  ::  1.303314  ::  [-4.166937828063965, -0.01499844528734684, 0.05546944588422775]
1.8777696938850688  ::  1.319271  ::  [-4.160643100738525, -0.015202626585960388, 0.055470213294029236]
1.876923817645045  ::  1.336226  ::  [-4.148080825805664, -0.015615078620612621, 0.05546962469816208]
1.8764550959132527  ::  1.351187  ::  [-4.148080825805664, -0.015615078620612621, 0.05546962469816208]
1.8760098529567326  ::  1.367143  ::  [-4.138659477233887, -0.015922341495752335, 0.05546429753303528]
1.8759814649829947  ::  1.383101  ::  [-4.132382392883301, -0.016130857169628143, 0.055466510355472565]
1.8763857268044948  ::  1.398084  ::  [-4.126099109649658, -0.016334831714630127, 0.05546391010284424]
1.8763857268044948  ::  1.414017  ::  [-4.119811058044434, -0.016542071476578712, 0.05546378344297409]
1.876647408427071  ::  1.429975  ::  [-4.113531112670898, -0.016749657690525055, 0.055465251207351685]
1.8795308154738741  ::  1.445932  ::  [-4.104107856750488, -0.017058420926332474, 0.055465199053287506]
1.8811792389413744  ::  1.461454  ::  [-4.094682216644287, -0.017370004206895828, 0.05546550452709198]
1.8820063321611806  ::  1.477411  ::  [-4.085257530212402, -0.017680611461400986, 0.05546586960554123]
1.8820063321611806  ::  1.493338  ::  [-4.078975200653076, -0.017887791618704796, 0.05546526610851288]
1.8825158215845812  ::  1.508603  ::  [-4.069545745849609, -0.018194083124399185, 0.05546819418668747]
1.8825158215845812  ::  1.523564  ::  [-4.060125350952148, -0.018500197678804398, 0.05546562001109123]
1.881786912334094  ::  1.539483  ::  [-4.050700664520264, -0.018810395151376724, 0.05546743795275688]
1.8809717719453352  ::  1.554942  ::  [-4.044416904449463, -0.01901603862643242, 0.055466119199991226]
1.8777788719517658  ::  1.569962  ::  [-4.038128852844238, -0.019221413880586624, 0.05546953156590462]
1.8758898977594343  ::  1.585365  ::  [-4.019279956817627, -0.019840164110064507, 0.05546858534216881]
1.875293750310939  ::  1.601283  ::  [-4.019279956817627, -0.019840164110064507, 0.05546858534216881]
1.8748265226830279  ::  1.617239  ::  [-4.012998580932617, -0.020045574754476547, 0.05546821653842926]
1.8743296264209095  ::  1.632435  ::  [-4.003572463989258, -0.020357083529233932, 0.05546531826257706]
1.8743296264209095  ::  1.648393  ::  [-3.994145393371582, -0.020663829520344734, 0.05546580255031586]
1.876469610065239  ::  1.663609  ::  [-3.987863540649414, -0.020870888605713844, 0.05546654015779495]
1.8772497457345014  ::  1.678698  ::  [-3.9784467220306396, -0.02118096500635147, 0.0554642379283905]
1.8790392552970447  ::  1.694685  ::  [-3.9627363681793213, -0.02169819548726082, 0.05546196550130844]
1.8798373202128784  ::  1.710606  ::  [-3.9627363681793213, -0.02169819548726082, 0.05546196550130844]
1.8798373202128784  ::  1.726113  ::  [-3.9564547538757324, -0.021901944652199745, 0.05546604096889496]
1.8813329181976997  ::  1.742047  ::  [-3.95017147064209, -0.022110458463430405, 0.055466990917921066]
1.8813329181976997  ::  1.758009  ::  [-3.9407482147216797, -0.022415975108742714, 0.05546312779188156]
1.8812590667772988  ::  1.773621  ::  [-3.934460163116455, -0.02262115105986595, 0.055466845631599426]
1.880204656324178  ::  1.78958  ::  [-3.928177833557129, -0.022828975692391396, 0.0554671436548233]
1.8795628319856086  ::  1.805536  ::  [-3.9218926429748535, -0.02303636446595192, 0.0554686114192009]
1.87874086140768  ::  1.820796  ::  [-3.9187471866607666, -0.0231394711881876, 0.055467549711465836]
1.87874086140768  ::  1.83602  ::  [-3.9124648571014404, -0.02334521897137165, 0.05546912923455238]
1.8778732139396768  ::  1.852006  ::  [-3.906179189682007, -0.023550797253847122, 0.05546737462282181]
1.8760408022514092  ::  1.868963  ::  [-3.893617868423462, -0.023962635546922684, 0.055467210710048676]
1.8755742149537327  ::  1.883922  ::  [-3.893617868423462, -0.023962635546922684, 0.055467210710048676]
1.8748173446163305  ::  1.899882  ::  [-3.8873300552368164, -0.024166760966181755, 0.05547090619802475]
1.8748173446163305  ::  1.915871  ::  [-3.8810503482818604, -0.02437654510140419, 0.05546706169843674]
1.8744726335066566  ::  1.931854  ::  [-3.8779125213623047, -0.024476004764437675, 0.055464405566453934]
1.8738822490302736  ::  1.947788  ::  [-3.8716249465942383, -0.024683190509676933, 0.05546622723340988]
1.8739251511559978  ::  1.963745  ::  [-3.8653457164764404, -0.0248897522687912, 0.05546440929174423]
1.8745836240806693  ::  1.979075  ::  [-3.8590595722198486, -0.025092605501413345, 0.05546640604734421]
1.875355222013469  ::  1.994712  ::  [-3.8527846336364746, -0.025300879031419754, 0.05546291917562485]
1.876074099423613  ::  2.010671  ::  [-3.843353748321533, -0.02560945227742195, 0.05546778067946434]
1.8771110075169855  ::  2.025629  ::  [-3.837069272994995, -0.025814954191446304, 0.055466584861278534]
1.8771110075169855  ::  2.041487  ::  [-3.8307881355285645, -0.026022810488939285, 0.05546737462282181]
1.8793344475352363  ::  2.057396  ::  [-3.8245105743408203, -0.026228513568639755, 0.05546402558684349]
1.8798563166765077  ::  2.073146  ::  [-3.818223237991333, -0.026434674859046936, 0.05546238273382187]
1.8806972837180653  ::  2.089102  ::  [-3.8119404315948486, -0.026639670133590698, 0.055468205362558365]
1.8806972837180653  ::  2.105032  ::  [-3.8025131225585938, -0.026949722319841385, 0.055464811623096466]
1.8791577163904623  ::  2.121017  ::  [-3.7930891513824463, -0.0272560752928257, 0.05546721816062927]
1.877363297629453  ::  2.136971  ::  [-3.7836575508117676, -0.027566269040107727, 0.05547022446990013]
1.8759564921038419  ::  2.152936  ::  [-3.7742369174957275, -0.027872543781995773, 0.05546567216515541]
1.8746231111118083  ::  2.168749  ::  [-3.7553870677948, -0.028491413220763206, 0.05546688288450241]
1.8738216311013898  ::  2.184067  ::  [-3.7553870677948, -0.028491413220763206, 0.05546688288450241]
1.8738216311013898  ::  2.200052  ::  [-3.749103546142578, -0.02869543433189392, 0.05546482279896736]
1.8734978374460487  ::  2.215584  ::  [-3.739673614501953, -0.02900558151304722, 0.05546608939766884]
1.8739095697869537  ::  2.230715  ::  [-3.730253219604492, -0.02931477129459381, 0.05546319857239723]
1.8753287550304354  ::  2.246669  ::  [-3.7208268642425537, -0.029622757807374, 0.05546659603714943]
1.8761432550889594  ::  2.262626  ::  [-3.7114038467407227, -0.02993546985089779, 0.05546513572335243]
1.8775272221695332  ::  2.278585  ::  [-3.7051262855529785, -0.0301381703466177, 0.055464036762714386]
1.8775272221695332  ::  2.29457  ::  [-3.6957037448883057, -0.03044787049293518, 0.055461712181568146]
1.879013215200834  ::  2.310303  ::  [-3.686267852783203, -0.030756238847970963, 0.05546480789780617]
1.879811707003491  ::  2.32626  ::  [-3.6768531799316406, -0.031066035851836205, 0.05546727031469345]
1.8799480973434797  ::  2.342219  ::  [-3.657989501953125, -0.031684547662734985, 0.055468153208494186]
1.8790029699170792  ::  2.358174  ::  [-3.657989501953125, -0.031684547662734985, 0.055468153208494186]
1.877450169097959  ::  2.373862  ::  [-3.6517174243927, -0.03188776224851608, 0.055466003715991974]
1.8758866961082608  ::  2.389503  ::  [-3.642287015914917, -0.03219567984342575, 0.05547047033905983]
1.8758866961082608  ::  2.404859  ::  [-3.632858991622925, -0.032505329698324203, 0.055467791855335236]
1.8744103080304801  ::  2.420918  ::  [-3.623441219329834, -0.032812852412462234, 0.055467236787080765]
1.8731693480356535  ::  2.43656  ::  [-3.60459566116333, -0.03343149274587631, 0.05546288937330246]
1.8732967737523565  ::  2.452517  ::  [-3.5951731204986572, -0.03374345973134041, 0.05546470731496811]
1.8732967737523565  ::  2.467041  ::  [-3.5951731204986572, -0.03374345973134041, 0.05546470731496811]
1.8743994224164904  ::  2.483023  ::  [-3.592026948928833, -0.033846065402030945, 0.055466923862695694]
1.8743994224164904  ::  2.498955  ::  [-3.582602024078369, -0.03415588289499283, 0.055465660989284515]
1.8753592774382888  ::  2.515065  ::  [-3.5763282775878906, -0.03435875102877617, 0.055461980402469635]
1.878588035925001  ::  2.530022  ::  [-3.5668983459472656, -0.0346682146191597, 0.055462487041950226]
1.8791278343128435  ::  2.544954  ::  [-3.557464599609375, -0.03497568890452385, 0.05546606704592705]
1.8800315537174006  ::  2.560415  ::  [-3.551187038421631, -0.0351845882833004, 0.05546777322888374]
1.879716938128757  ::  2.5764  ::  [-3.5417678356170654, -0.03549075126647949, 0.055462609976530075]
1.8785609286117324  ::  2.592358  ::  [-3.5354814529418945, -0.035699643194675446, 0.05546736344695091]
1.877144518132601  ::  2.60806  ::  [-3.5260562896728516, -0.03600538149476051, 0.055465422570705414]
1.8761925605170304  ::  2.623569  ::  [-3.516627788543701, -0.036316659301519394, 0.055467985570430756]
1.8761925605170304  ::  2.639526  ::  [-3.5103390216827393, -0.03652115538716316, 0.055468954145908356]
1.874491416526874  ::  2.655481  ::  [-3.500906229019165, -0.0368272140622139, 0.05547036975622177]
1.873292718327537  ::  2.67098  ::  [-3.4914767742156982, -0.03713759779930115, 0.05546920746564865]
1.872709590927147  ::  2.686993  ::  [-3.4820666313171387, -0.03744376450777054, 0.05546744167804718]
1.8729926168908795  ::  2.705946  ::  [-3.4632198810577393, -0.03806263208389282, 0.05546554923057556]
1.874070079232449  ::  2.718581  ::  [-3.4632198810577393, -0.03806263208389282, 0.05546554923057556]
1.874070079232449  ::  2.734306  ::  [-3.453798770904541, -0.03837230056524277, 0.05546281114220619]
1.8767159237621827  ::  2.750287  ::  [-3.447514533996582, -0.03858058154582977, 0.055465757846832275]
1.8767159237621827  ::  2.766249  ::  [-3.438086748123169, -0.0388864204287529, 0.055465586483478546]
1.8785018047867295  ::  2.782206  ::  [-3.4286677837371826, -0.03919529169797897, 0.05546540021896362]
1.8799212034736226  ::  2.79821  ::  [-3.4192440509796143, -0.039506204426288605, 0.055463068187236786]
1.8799212034736226  ::  2.814165  ::  [-3.41296124458313, -0.039712436497211456, 0.055466607213020325]
1.8790448048257453  ::  2.830122  ::  [-3.4035305976867676, -0.04001964256167412, 0.055465634912252426]
1.8775624403324411  ::  2.845107  ::  [-3.3941047191619873, -0.04032878205180168, 0.05546960234642029]
1.8757622585993197  ::  2.861066  ::  [-3.384671688079834, -0.040636543184518814, 0.05546462908387184]
1.8757622585993197  ::  2.877056  ::  [-3.375255823135376, -0.04094511270523071, 0.05546748638153076]
1.8749432762291527  ::  2.89258  ::  [-3.368973731994629, -0.0411485880613327, 0.05546780675649643]
1.8737913221369478  ::  2.908551  ::  [-3.3595423698425293, -0.041455645114183426, 0.05546777695417404]
1.872763378666861  ::  2.924491  ::  [-3.3501203060150146, -0.04176551476120949, 0.05546694993972778]
1.872599240683369  ::  2.940448  ::  [-3.3438329696655273, -0.04197249561548233, 0.05546743422746658]
1.8736944188280982  ::  2.955961  ::  [-3.334421157836914, -0.042279474437236786, 0.055464234203100204]
1.8736944188280982  ::  2.971891  ::  [-3.324993133544922, -0.0425899513065815, 0.05546514317393303]
1.8749618458059587  ::  2.987872  ::  [-3.3155746459960938, -0.04289877787232399, 0.05546504259109497]
1.878119100749797  ::  3.00383  ::  [-3.3061516284942627, -0.0432073250412941, 0.05546483397483826]
1.8791376527097752  ::  3.019763  ::  [-3.296725273132324, -0.04351562634110451, 0.055460937321186066]
1.8789318932610286  ::  3.035721  ::  [-3.287302255630493, -0.043822310864925385, 0.055462297052145004]
1.8797177919024033  ::  3.051282  ::  [-3.2841603755950928, -0.04392736777663231, 0.05546332150697708]
1.8797177919024033  ::  3.067049  ::  [-3.277873992919922, -0.0441339872777462, 0.05546414107084274]
1.878418988743043  ::  3.082658  ::  [-3.268446445465088, -0.044441841542720795, 0.05546652153134346]
1.8766832669202136  ::  3.098615  ::  [-3.262169122695923, -0.044645559042692184, 0.0554661825299263]
1.8753823293267375  ::  3.114689  ::  [-3.2527389526367188, -0.04495277628302574, 0.055469077080488205]
1.8747153186656036  ::  3.130667  ::  [-3.2433183193206787, -0.04526285454630852, 0.05546838790178299]
1.874032940078837  ::  3.146604  ::  [-3.2370316982269287, -0.04547014459967613, 0.05546685308218002]
1.8735360438167186  ::  3.162133  ::  [-3.2338788509368896, -0.04557003825902939, 0.05546688288450241]
1.8735360438167186  ::  3.178094  ::  [-3.227607250213623, -0.04577990621328354, 0.055468469858169556]
1.8727973161692995  ::  3.193054  ::  [-3.2213237285614014, -0.04598631709814072, 0.05546627566218376]
1.8730532348197633  ::  3.209046  ::  [-3.2119011878967285, -0.04629167169332504, 0.05546581372618675]
1.873849805631716  ::  3.225002  ::  [-3.2056162357330322, -0.04650126025080681, 0.055465321987867355]
1.873849805631716  ::  3.240959  ::  [-3.1961934566497803, -0.04680706560611725, 0.05546189099550247]
1.8745842644109039  ::  3.256547  ::  [-3.186771869659424, -0.04711713269352913, 0.05546252802014351]
1.8771193318100365  ::  3.272463  ::  [-3.177349090576172, -0.04742385819554329, 0.055463019758462906]
1.8771193318100365  ::  3.288419  ::  [-3.1710658073425293, -0.047631002962589264, 0.05546369031071663]
1.8795555749096153  ::  3.304406  ::  [-3.1616432666778564, -0.04794001206755638, 0.05546556040644646]
1.8795555749096153  ::  3.320362  ::  [-3.152217388153076, -0.048245761543512344, 0.055461905896663666]
1.8793367954127635  ::  3.33632  ::  [-3.1427931785583496, -0.048555146902799606, 0.05546369031071663]
1.8793367954127635  ::  3.35225  ::  [-3.133366346359253, -0.04886358231306076, 0.05546471104025841]
1.8767707787189543  ::  3.367404  ::  [-3.1145012378692627, -0.04947834089398384, 0.055467575788497925]
1.8767707787189543  ::  3.382104  ::  [-3.1145012378692627, -0.04947834089398384, 0.055467575788497925]
1.8758023859606934  ::  3.398085  ::  [-3.108231544494629, -0.049684565514326096, 0.05546785145998001]
1.8731625178464835  ::  3.414019  ::  [-3.0987977981567383, -0.04999113827943802, 0.05546717718243599]
1.8731625178464835  ::  3.429975  ::  [-3.0893683433532715, -0.05030112713575363, 0.05546484887599945]
1.8728269848035066  ::  3.445933  ::  [-3.083099603652954, -0.05050994083285332, 0.055465057492256165]
1.8729226074518868  ::  3.461466  ::  [-3.0736770629882812, -0.050819046795368195, 0.05546450987458229]
1.8735507714121165  ::  3.477403  ::  [-3.0642521381378174, -0.05112616345286369, 0.05546250939369202]
1.8746329295087403  ::  3.493367  ::  [-3.05482816696167, -0.05143864080309868, 0.05546277016401291]
1.8773927528202485  ::  3.509354  ::  [-3.048546075820923, -0.05164162442088127, 0.055463068187236786]
1.8773927528202485  ::  3.525312  ::  [-3.039123058319092, -0.051953863352537155, 0.05545952171087265]
1.8802537483088377  ::  3.541269  ::  [-3.0296974182128906, -0.05226095765829086, 0.05546291917562485]
1.8802537483088377  ::  3.557209  ::  [-3.0202760696411133, -0.05256795138120651, 0.05546405911445618]
1.880736557305793  ::  3.572427  ::  [-3.013990879058838, -0.052775025367736816, 0.05546204373240471]
1.880736557305793  ::  3.587897  ::  [-3.004565715789795, -0.05308278650045395, 0.055465102195739746]
1.8799079699821057  ::  3.603831  ::  [-2.9951376914978027, -0.053391002118587494, 0.055466387420892715]
1.8793549381027463  ::  3.61993  ::  [-2.9888522624969482, -0.053597092628479004, 0.05546797066926956]
1.8774856007042784  ::  3.635404  ::  [-2.9794249534606934, -0.053904227912425995, 0.055468954145908356]
1.8752013293137324  ::  3.650733  ::  [-2.973145008087158, -0.05411069467663765, 0.05546733736991882]
1.874728765600532  ::  3.666715  ::  [-2.9637138843536377, -0.05442314222455025, 0.055465247482061386]
1.8744946181780475  ::  3.682672  ::  [-2.9574389457702637, -0.0546281635761261, 0.055465638637542725]
1.8744030509544871  ::  3.698626  ::  [-2.951152801513672, -0.054832570254802704, 0.05546528846025467]
1.8747938658410588  ::  3.714598  ::  [-2.944868326187134, -0.055039357393980026, 0.055466510355472565]
1.8747938658410588  ::  3.730514  ::  [-2.9417335987091064, -0.05514181777834892, 0.055462248623371124]
1.8750280132635433  ::  3.7465  ::  [-2.93544864654541, -0.055348951369524, 0.05546409636735916]
1.876212837641129  ::  3.762407  ::  [-2.9260261058807373, -0.05565629154443741, 0.055462948977947235]
1.8781515441483547  ::  3.778341  ::  [-2.9165992736816406, -0.05597054958343506, 0.055460937321186066]
1.8802864051508068  ::  3.79427  ::  [-2.9071741104125977, -0.05627692863345146, 0.055461905896663666]
1.8802864051508068  ::  3.809659  ::  [-2.9008960723876953, -0.056483738124370575, 0.05546512454748154]
1.881899610455399  ::  3.825593  ::  [-2.891472339630127, -0.05679230019450188, 0.05546563118696213]
1.8816816847321935  ::  3.841601  ::  [-2.882049322128296, -0.057099632918834686, 0.05546680837869644]
1.8817796552581008  ::  3.857196  ::  [-2.878898859024048, -0.05720363184809685, 0.055466972291469574]
1.8817796552581008  ::  3.873152  ::  [-2.875758409500122, -0.05730815976858139, 0.05546758696436882]
1.8809824441159133  ::  3.889129  ::  [-2.866328239440918, -0.057617295533418655, 0.055466704070568085]
1.87922025531005  ::  3.905086  ::  [-2.8631982803344727, -0.05771772935986519, 0.05546393245458603]
1.877887728091663  ::  3.921024  ::  [-2.853766441345215, -0.05802767723798752, 0.05546525865793228]
1.8766074945091087  ::  3.937009  ::  [-2.8443479537963867, -0.05833650752902031, 0.05546429008245468]
1.8753895864027308  ::  3.952963  ::  [-2.8349215984344482, -0.05864681676030159, 0.05546467751264572]
1.8751042125614712  ::  3.968896  ::  [-2.8254969120025635, -0.05895441770553589, 0.055464766919612885]
1.8751042125614712  ::  3.984883  ::  [-2.8160736560821533, -0.05926301330327988, 0.055463556200265884]
1.8762926654770533  ::  4.000815  ::  [-2.806647777557373, -0.059574466198682785, 0.055462416261434555]
1.8777321278446335  ::  4.016774  ::  [-2.8003616333007812, -0.05978074669837952, 0.05546502023935318]
1.8789425654316068  ::  4.032734  ::  [-2.790940999984741, -0.06008987873792648, 0.05546316131949425]
1.8789425654316068  ::  4.04869  ::  [-2.7846579551696777, -0.06029390171170235, 0.05546535551548004]
1.8804723143622781  ::  4.064647  ::  [-2.778369665145874, -0.06050102785229683, 0.055465590208768845]
1.8813147755077169  ::  4.079557  ::  [-2.775239944458008, -0.060606300830841064, 0.05546431988477707]
1.8813147755077169  ::  4.095491  ::  [-2.7689454555511475, -0.060813046991825104, 0.05546336621046066]
1.8822808203884505  ::  4.110453  ::  [-2.7626736164093018, -0.06101667881011963, 0.0554632693529129]
1.8822808203884505  ::  4.126411  ::  [-2.756378173828125, -0.06122398376464844, 0.05546273663640022]
1.882166414719853  ::  4.142363  ::  [-2.746957302093506, -0.06153140589594841, 0.05546719953417778]
1.8815600219876025  ::  4.157519  ::  [-2.740678071975708, -0.06173800304532051, 0.05546565726399422]
1.8815600219876025  ::  4.173469  ::  [-2.734395980834961, -0.06194441393017769, 0.055467069149017334]
1.8803626044487347  ::  4.189573  ::  [-2.7249703407287598, -0.06225348636507988, 0.05546696484088898]
1.8793660371601475  ::  4.205526  ::  [-2.7186808586120605, -0.06246030330657959, 0.055465616285800934]
1.877886233987782  ::  4.221484  ::  [-2.709244728088379, -0.06276653707027435, 0.05546841397881508]
1.8767067456954853  ::  4.237445  ::  [-2.6998345851898193, -0.06307820230722427, 0.055466413497924805]
1.875727467323235  ::  4.253379  ::  [-2.69041109085083, -0.06338623911142349, 0.055465616285800934]
1.876172283392932  ::  4.268888  ::  [-2.684124231338501, -0.06359508633613586, 0.055465489625930786]
1.8772926478602256  ::  4.284297  ::  [-2.665286064147949, -0.06421250104904175, 0.05546535924077034]
1.8779026691304723  ::  4.299395  ::  [-2.665286064147949, -0.06421250104904175, 0.05546535924077034]
1.8779026691304723  ::  4.315325  ::  [-2.6589958667755127, -0.0644167959690094, 0.055464133620262146]
1.880810195282782  ::  4.33134  ::  [-2.64957857131958, -0.06472837924957275, 0.05546112358570099]
1.882008039708473  ::  4.347286  ::  [-2.640150547027588, -0.06503284722566605, 0.05546415597200394]
1.882008039708473  ::  4.363216  ::  [-2.630728244781494, -0.0653403177857399, 0.05546250194311142]
1.8826103770159037  ::  4.379173  ::  [-2.621304512023926, -0.06564836204051971, 0.055465929210186005]
1.8814614111314605  ::  4.395112  ::  [-2.6150155067443848, -0.06585422903299332, 0.055465858429670334]
1.8814614111314605  ::  4.411069  ::  [-2.6055877208709717, -0.06616400182247162, 0.05546554923057556]
1.878731469897571  ::  4.42708  ::  [-2.5961594581604004, -0.06647127121686935, 0.05546566843986511]
1.877141956811662  ::  4.443037  ::  [-2.5867233276367188, -0.066779226064682, 0.05546704679727554]
1.877141956811662  ::  4.458972  ::  [-2.57731294631958, -0.06708990037441254, 0.05546865612268448]
1.8750145663286149  ::  4.474928  ::  [-2.567888021469116, -0.06739507615566254, 0.05546663701534271]
1.8750145663286149  ::  4.490529  ::  [-2.5616037845611572, -0.0676039606332779, 0.055465806275606155]
1.874786395321654  ::  4.506154  ::  [-2.552182912826538, -0.0679154247045517, 0.05546505004167557]
1.8754879838154612  ::  4.522085  ::  [-2.5427486896514893, -0.0682200938463211, 0.05546656623482704]
1.8767321454614614  ::  4.53807  ::  [-2.5364761352539062, -0.06842783093452454, 0.055464498698711395]
1.8782002092461911  ::  4.554028  ::  [-2.527054786682129, -0.06873545795679092, 0.05546451732516289]
1.8796307069904856  ::  4.569984  ::  [-2.5176310539245605, -0.06904830038547516, 0.05546116083860397]
1.8796307069904856  ::  4.585877  ::  [-2.508209228515625, -0.06935541331768036, 0.05546404421329498]
1.880950427604179  ::  4.601134  ::  [-2.50506591796875, -0.06945803016424179, 0.05546598136425018]
1.8807593957508302  ::  4.616153  ::  [-2.4956326484680176, -0.06976889073848724, 0.055463988333940506]
1.8805732730959472  ::  4.632107  ::  [-2.4862194061279297, -0.07007578760385513, 0.05546456202864647]
1.8805732730959472  ::  4.648063  ::  [-2.4799294471740723, -0.07028210163116455, 0.05546865612268448]
1.878570747008664  ::  4.66304  ::  [-2.4705073833465576, -0.07058899104595184, 0.055467985570430756]
1.8773679933845073  ::  4.678985  ::  [-2.461080551147461, -0.07089786231517792, 0.055468276143074036]
1.8773679933845073  ::  4.694011  ::  [-2.4547934532165527, -0.07110358774662018, 0.05546805262565613]
1.8758687668616896  ::  4.70997  ::  [-2.445366859436035, -0.07141207158565521, 0.05546966940164566]
1.8736918575071595  ::  4.725927  ::  [-2.435948371887207, -0.07171998172998428, 0.055465687066316605]
1.8735351900430723  ::  4.741883  ::  [-2.42964768409729, -0.0719262957572937, 0.055465009063482285]
1.8734991181065181  ::  4.757937  ::  [-2.423384189605713, -0.07213558256626129, 0.05546575039625168]
1.8734991181065181  ::  4.773867  ::  [-2.4170870780944824, -0.0723409503698349, 0.05546334385871887]
1.8740544978634048  ::  4.789848  ::  [-2.40767240524292, -0.0726531594991684, 0.0554637536406517]
1.8761110251338133  ::  4.80564  ::  [-2.401395082473755, -0.07285690307617188, 0.05546287074685097]
1.877608330665927  ::  4.821033  ::  [-2.3919713497161865, -0.0731642097234726, 0.055462904274463654]
1.877608330665927  ::  4.836691  ::  [-2.3825442790985107, -0.0734720379114151, 0.05546490103006363]
1.8801562046697535  ::  4.852279  ::  [-2.373124599456787, -0.0737837553024292, 0.05546391010284424]
1.8802187435893414  ::  4.869236  ::  [-2.3574135303497314, -0.07429860532283783, 0.055463649332523346]
1.8802187435893414  ::  4.8842  ::  [-2.3574135303497314, -0.07429860532283783, 0.055463649332523346]
1.8785984946521674  ::  4.900157  ::  [-2.347980499267578, -0.07460499554872513, 0.05546075850725174]
1.8773487834774667  ::  4.916255  ::  [-2.3385512828826904, -0.07491613179445267, 0.055465467274188995]
1.8773487834774667  ::  4.932242  ::  [-2.3291378021240234, -0.07522372156381607, 0.055467639118433]
1.8762107032070132  ::  4.948197  ::  [-2.319709062576294, -0.07553037256002426, 0.05546734482049942]
1.8742914200502396  ::  4.964154  ::  [-2.3102877140045166, -0.0758410394191742, 0.055468060076236725]
1.87344746480092  ::  4.979785  ::  [-2.3040049076080322, -0.07604485005140305, 0.055465150624513626]
1.8735452218834159  ::  4.995743  ::  [-2.2945730686187744, -0.07635650783777237, 0.05546724051237106]
1.8735452218834159  ::  5.0117  ::  [-2.285151720046997, -0.0766621008515358, 0.055463261902332306]
1.8749793481657069  ::  5.027166  ::  [-2.2788734436035156, -0.07687149196863174, 0.05546284094452858]
1.8762768706645978  ::  5.043241  ::  [-2.2694504261016846, -0.07718141376972198, 0.055463265627622604]
1.877602994580638  ::  5.059194  ::  [-2.260025978088379, -0.07748822122812271, 0.05546397715806961]
1.877602994580638  ::  5.075164  ::  [-2.2505955696105957, -0.07779791206121445, 0.05546499043703079]
1.878989309538739  ::  5.090111  ::  [-2.241180658340454, -0.07810579240322113, 0.055464643985033035]
1.879303284797148  ::  5.106045  ::  [-2.2348897457122803, -0.07831232994794846, 0.055464766919612885]
1.879303284797148  ::  5.122371  ::  [-2.2254586219787598, -0.07861988246440887, 0.05546551197767258]
1.8791286880864897  ::  5.137813  ::  [-2.216040849685669, -0.07892933487892151, 0.05546713247895241]
1.8782616809487211  ::  5.153766  ::  [-2.2066147327423096, -0.0792355090379715, 0.05546896904706955]
1.8758316277080775  ::  5.169262  ::  [-2.200331449508667, -0.07944178581237793, 0.055466074496507645]
1.8758316277080775  ::  5.185197  ::  [-2.1909074783325195, -0.07975104451179504, 0.05546417087316513]
1.8732939989880062  ::  5.202153  ::  [-2.1720595359802246, -0.08036692440509796, 0.05546664446592331]
1.872815031972459  ::  5.217153  ::  [-2.1720595359802246, -0.08036692440509796, 0.05546664446592331]
1.872815031972459  ::  5.233094  ::  [-2.1626346111297607, -0.08067844808101654, 0.055467136204242706]
1.8731386121843885  ::  5.249056  ::  [-2.1563525199890137, -0.0808824896812439, 0.055464692413806915]
1.8731386121843885  ::  5.264564  ::  [-2.1469273567199707, -0.0811949223279953, 0.055464185774326324]
1.8742871511820085  ::  5.280562  ::  [-2.1375057697296143, -0.0815005674958229, 0.055463049560785294]
1.8755097550434408  ::  5.296511  ::  [-2.1280834674835205, -0.08180997520685196, 0.05546402931213379]
1.8780215571107128  ::  5.312459  ::  [-2.1217989921569824, -0.08201472461223602, 0.0554635152220726]
1.8780215571107128  ::  5.328422  ::  [-2.1123719215393066, -0.08232264220714569, 0.05546440929174423]
1.8792055277146522  ::  5.344379  ::  [-2.1029508113861084, -0.08263468742370605, 0.055462732911109924]
1.8797410572342637  ::  5.360389  ::  [-2.0935251712799072, -0.08294043689966202, 0.055465467274188995]
1.8796300666602508  ::  5.376293  ::  [-2.0840978622436523, -0.08324988931417465, 0.055465612560510635]
1.8787299757936902  ::  5.392251  ::  [-2.0746757984161377, -0.08355821669101715, 0.055466391146183014]
1.8768194438167907  ::  5.408208  ::  [-2.065243721008301, -0.08386967331171036, 0.05546807497739792]
1.8755101819302638  ::  5.424162  ::  [-2.0558226108551025, -0.08417417854070663, 0.055467694997787476]
1.8737046641118533  ::  5.440125  ::  [-2.046396255493164, -0.08448652178049088, 0.05546772852540016]
1.8724455614270437  ::  5.456059  ::  [-2.0369651317596436, -0.08479584008455276, 0.0554635114967823]
1.8724455614270437  ::  5.472073  ::  [-2.0275468826293945, -0.08510169386863708, 0.055465929210186005]
1.8726357395067463  ::  5.488176  ::  [-2.0212647914886475, -0.08530914038419724, 0.055463001132011414]
1.8733445850765467  ::  5.504136  ::  [-2.011826515197754, -0.08561806380748749, 0.0554615780711174]
1.8761095310299325  ::  5.520122  ::  [-2.00242280960083, -0.08592721819877625, 0.05545980855822563]
1.8761095310299325  ::  5.536073  ::  [-1.992996335029602, -0.0862346664071083, 0.05546308681368828]
1.8777528318555552  ::  5.552009  ::  [-1.9835731983184814, -0.08654667437076569, 0.0554591603577137]
1.8794672093372284  ::  5.567894  ::  [-1.9741404056549072, -0.08685143291950226, 0.05546320974826813]
1.8794616598085276  ::  5.583878  ::  [-1.9584397077560425, -0.08736789226531982, 0.05546356737613678]
1.8794616598085276  ::  5.599992  ::  [-1.9584397077560425, -0.08736789226531982, 0.05546356737613678]
1.8789152446749267  ::  5.615947  ::  [-1.9490108489990234, -0.08767598122358322, 0.055467117577791214]
1.8765902055927721  ::  5.63115  ::  [-1.9395840167999268, -0.08798325806856155, 0.05546405538916588]
1.8752134955881914  ::  5.647108  ::  [-1.930159330368042, -0.0882926806807518, 0.055467646569013596]
1.8752134955881914  ::  5.662627  ::  [-1.9238685369491577, -0.08849670737981796, 0.05547099560499191]
1.8739716818197185  ::  5.677585  ::  [-1.9144560098648071, -0.08880507946014404, 0.05546491593122482]
1.873391329183679  ::  5.692803  ::  [-1.905029296875, -0.08911509811878204, 0.05546517297625542]
1.8729392560379887  ::  5.708761  ::  [-1.8987452983856201, -0.08932136744260788, 0.055463757365942]
1.8731652926108338  ::  5.724742  ::  [-1.8893184661865234, -0.08963010460138321, 0.05546172708272934]
1.8741200249907546  ::  5.740676  ::  [-1.8799036741256714, -0.08993841707706451, 0.05546187609434128]
1.8741200249907546  ::  5.756633  ::  [-1.8736153841018677, -0.0901447981595993, 0.05546482652425766]
1.8755880887754843  ::  5.77259  ::  [-1.8641810417175293, -0.09045640379190445, 0.05546393617987633]
1.8785957198878172  ::  5.788547  ::  [-1.8547741174697876, -0.09076213091611862, 0.05546249449253082]
1.8785957198878172  ::  5.803977  ::  [-1.8453454971313477, -0.09107182174921036, 0.05546443164348602]
1.8793410642809947  ::  5.819648  ::  [-1.839062213897705, -0.09127834439277649, 0.05546468123793602]
1.8787129003207652  ::  5.83615  ::  [-1.8202157020568848, -0.09189331531524658, 0.055463653057813644]
1.8782230476912283  ::  5.851169  ::  [-1.8202157020568848, -0.09189331531524658, 0.055463653057813644]
1.8782230476912283  ::  5.866201  ::  [-1.8139264583587646, -0.09210048615932465, 0.055467281490564346]
1.8759707928124165  ::  5.882158  ::  [-1.804503321647644, -0.09240756183862686, 0.055464763194322586]
1.8759707928124165  ::  5.89811  ::  [-1.798208475112915, -0.09261449426412582, 0.05546578764915466]
1.874962272692782  ::  5.914157  ::  [-1.791932463645935, -0.09281763434410095, 0.055468909442424774]
1.8739462820537425  ::  5.930115  ::  [-1.78251051902771, -0.09312838315963745, 0.05546795576810837]
1.8730325308088416  ::  5.946044  ::  [-1.7730786800384521, -0.09343524277210236, 0.055468033999204636]
1.8730551558104673  ::  5.96074  ::  [-1.7636559009552002, -0.09374740719795227, 0.05546322464942932]
1.873588977782786  ::  5.976289  ::  [-1.7573778629302979, -0.0939508005976677, 0.05546283349394798]
1.873588977782786  ::  5.992246  ::  [-1.7479503154754639, -0.09426112473011017, 0.0554644912481308]
1.8745245002556663  ::  6.007521  ::  [-1.7416704893112183, -0.09446663409471512, 0.055461280047893524]
1.8762888234956452  ::  6.023443  ::  [-1.7322487831115723, -0.09477611631155014, 0.055463261902332306]
1.8775827174565396  ::  6.03947  ::  [-1.7259610891342163, -0.09497957676649094, 0.055464379489421844]
1.879688123268196  ::  6.055449  ::  [-1.716536283493042, -0.09529243409633636, 0.05546535551548004]
1.8803715690720204  ::  6.070664  ::  [-1.707104206085205, -0.09559977054595947, 0.05546601861715317]
1.880509026629067  ::  6.085815  ::  [-1.700834035873413, -0.09580597281455994, 0.055463243275880814]
1.8798243001647732  ::  6.101094  ::  [-1.6945469379425049, -0.09601327031850815, 0.05546557158231735]
1.8793903697090657  ::  6.116309  ::  [-1.685119867324829, -0.09631817042827606, 0.05546671897172928]
1.8775507009448051  ::  6.132315  ::  [-1.6788225173950195, -0.0965256541967392, 0.05546751245856285]
1.876216679622537  ::  6.148244  ::  [-1.6694021224975586, -0.09683201462030411, 0.05546725541353226]
1.8747304731478245  ::  6.163784  ::  [-1.6631239652633667, -0.09703691303730011, 0.05546897277235985]
1.8739686936119566  ::  6.179748  ::  [-1.6536983251571655, -0.09734716266393661, 0.055467188358306885]
1.8732034989815036  ::  6.19488  ::  [-1.647416591644287, -0.09755373001098633, 0.05546770244836807]
1.8730579305748176  ::  6.210837  ::  [-1.63799250125885, -0.09786195307970047, 0.0554671511054039]
1.8730579305748176  ::  6.226445  ::  [-1.6317119598388672, -0.09807156026363373, 0.05546391382813454]
1.8743840544908579  ::  6.241739  ::  [-1.6222890615463257, -0.09837811440229416, 0.05546369403600693]
1.8743840544908579  ::  6.257673  ::  [-1.612865686416626, -0.09868676960468292, 0.05546462535858154]
1.8769767516111124  ::  6.272652  ::  [-1.6065729856491089, -0.09889322519302368, 0.05545903742313385]
1.8783227257644282  ::  6.288593  ::  [-1.5971628427505493, -0.09920284897089005, 0.0554640106856823]
1.8788571880669815  ::  6.304582  ::  [-1.5877381563186646, -0.0995129942893982, 0.05546213313937187]
1.8791282611996665  ::  6.319756  ::  [-1.5845962762832642, -0.0996144711971283, 0.05546397715806961]
1.879973710552867  ::  6.335487  ::  [-1.5720221996307373, -0.1000281423330307, 0.05546340346336365]
1.8800605820213732  ::  6.35151  ::  [-1.5720221996307373, -0.1000281423330307, 0.05546340346336365]
1.8797777695010525  ::  6.367073  ::  [-1.5657384395599365, -0.10023006051778793, 0.05546765401959419]
1.8790699911483097  ::  6.382558  ::  [-1.5563135147094727, -0.100540891289711, 0.05546768382191658]
1.8777176136926472  ::  6.398487  ::  [-1.5500308275222778, -0.10074510425329208, 0.055466942489147186]
1.8777176136926472  ::  6.41447  ::  [-1.540596604347229, -0.1010543555021286, 0.05547023564577103]
1.8748314318814938  ::  6.429513  ::  [-1.5311775207519531, -0.10136211663484573, 0.05546921119093895]
1.8748314318814938  ::  6.444804  ::  [-1.5217525959014893, -0.10167258977890015, 0.055467844009399414]
1.8741518280590774  ::  6.460794  ::  [-1.5123333930969238, -0.10198120772838593, 0.055465634912252426]
1.873712134631258  ::  6.476494  ::  [-1.5060453414916992, -0.10218727588653564, 0.055467162281274796]
1.873712134631258  ::  6.492471  ::  [-1.499754548072815, -0.1023966521024704, 0.05546241253614426]
1.8741972915057403  ::  6.507742  ::  [-1.4966264963150024, -0.10249537229537964, 0.05546350032091141]
1.8741972915057403  ::  6.522992  ::  [-1.4871914386749268, -0.1028047502040863, 0.055466797202825546]
1.876478361245113  ::  6.538949  ::  [-1.4777638912200928, -0.1031164675951004, 0.0554593987762928]
1.876478361245113  ::  6.554975  ::  [-1.4714967012405396, -0.10332091897726059, 0.0554623045027256]
1.8781135512210965  ::  6.57026  ::  [-1.4620723724365234, -0.10363347083330154, 0.055462900549173355]
1.8788221833474854  ::  6.586187  ::  [-1.4557830095291138, -0.10383561998605728, 0.05546453222632408]
1.88014617282941  ::  6.602116  ::  [-1.4463658332824707, -0.10414331406354904, 0.055466022342443466]
1.8807655856097656  ::  6.618075  ::  [-1.440075159072876, -0.10435034334659576, 0.05546722188591957]
1.8812112554531089  ::  6.633057  ::  [-1.4212216138839722, -0.10497146844863892, 0.05546551197767258]
1.8816180785955476  ::  6.648991  ::  [-1.4212216138839722, -0.10497146844863892, 0.05546551197767258]
1.8802055100978246  ::  6.664681  ::  [-1.4149401187896729, -0.1051771342754364, 0.05546903982758522]
1.8792906916358658  ::  6.679622  ::  [-1.4055166244506836, -0.10548610985279083, 0.055468469858169556]
1.8787540948991968  ::  6.695537  ::  [-1.3992325067520142, -0.10569028556346893, 0.05546627193689346]
1.8777430134586233  ::  6.711471  ::  [-1.3960840702056885, -0.10579482465982437, 0.05547076463699341]
1.8770023648205  ::  6.727182  ::  [-1.3898003101348877, -0.1060011237859726, 0.055470604449510574]
1.8763803907192058  ::  6.742932  ::  [-1.3772356510162354, -0.1064150482416153, 0.0554676353931427]
1.8763803907192058  ::  6.758436  ::  [-1.3772356510162354, -0.1064150482416153, 0.0554676353931427]
1.8758869095516724  ::  6.774414  ::  [-1.3678174018859863, -0.1067255288362503, 0.055464137345552444]
1.8769569013738372  ::  6.789688  ::  [-1.3521093130111694, -0.10724231600761414, 0.05546339973807335]
1.8769569013738372  ::  6.805668  ::  [-1.3521093130111694, -0.10724231600761414, 0.05546339973807335]
1.8788036137706794  ::  6.821627  ::  [-1.345828652381897, -0.107447549700737, 0.05546415597200394]
1.8800575938136113  ::  6.837742  ::  [-1.3332650661468506, -0.10785989463329315, 0.05546519160270691]
1.8800575938136113  ::  6.853622  ::  [-1.3332650661468506, -0.10785989463329315, 0.05546519160270691]
1.8821694029276146  ::  6.869597  ::  [-1.326981544494629, -0.10806598514318466, 0.055464208126068115]
1.882993081052836  ::  6.884796  ::  [-1.3081306219100952, -0.10868442803621292, 0.05546458065509796]
1.8832709843746909  ::  6.900755  ::  [-1.3081306219100952, -0.10868442803621292, 0.05546458065509796]
1.8829185893022005  ::  6.916732  ::  [-1.3018362522125244, -0.10889213532209396, 0.05546644702553749]
1.882582842815812  ::  6.932258  ::  [-1.295562744140625, -0.10909498482942581, 0.05546482652425766]
1.8816688781274997  ::  6.948215  ::  [-1.29241943359375, -0.10919975489377975, 0.05546613410115242]
1.8816688781274997  ::  6.964141  ::  [-1.2829947471618652, -0.10950939357280731, 0.05546674504876137]
1.880885540807064  ::  6.979384  ::  [-1.2767086029052734, -0.10971567779779434, 0.05546803027391434]
1.8778766290342617  ::  6.995314  ::  [-1.2672832012176514, -0.11002692580223083, 0.05546727031469345]
1.8770431325121086  ::  7.010487  ::  [-1.2578558921813965, -0.11033434420824051, 0.0554686076939106]
1.8770431325121086  ::  7.026449  ::  [-1.251570463180542, -0.11054036021232605, 0.05546732246875763]
1.8762335416520506  ::  7.042402  ::  [-1.235868215560913, -0.11105483770370483, 0.05546652153134346]
1.8767741938135394  ::  7.058336  ::  [-1.235868215560913, -0.11105483770370483, 0.05546652153134346]
1.8772657539903685  ::  7.07376  ::  [-1.2264454364776611, -0.1113678365945816, 0.05546525493264198]
1.8784085300158764  ::  7.089691  ::  [-1.2201584577560425, -0.11157169193029404, 0.05546218901872635]
1.8784085300158764  ::  7.105647  ::  [-1.2107267379760742, -0.111882284283638, 0.05546174943447113]
1.879924405124796  ::  7.120607  ::  [-1.2075937986373901, -0.11198655515909195, 0.055463530123233795]
1.881440707120539  ::  7.135752  ::  [-1.2013111114501953, -0.11219312250614166, 0.0554642453789711]
1.8823717472817763  ::  7.15101  ::  [-1.1824638843536377, -0.11280985921621323, 0.05546214058995247]
1.8823717472817763  ::  7.166968  ::  [-1.1824638843536377, -0.11280985921621323, 0.05546214058995247]
1.8829474041627614  ::  7.182953  ::  [-1.176182508468628, -0.11301515251398087, 0.055466752499341965]
1.882026609285279  ::  7.198991  ::  [-1.1573225259780884, -0.11363298445940018, 0.055470164865255356]
1.882026609285279  ::  7.214913  ::  [-1.1573225259780884, -0.11363298445940018, 0.055470164865255356]
1.8810799877549977  ::  7.23087  ::  [-1.1510405540466309, -0.11383873224258423, 0.0554678775370121]
1.87836669510721  ::  7.246828  ::  [-1.1416176557540894, -0.11414869129657745, 0.05546780303120613]
1.8768789945286166  ::  7.262374  ::  [-1.1321889162063599, -0.11445813626050949, 0.055469680577516556]
1.8768789945286166  ::  7.277327  ::  [-1.1227617263793945, -0.11476650834083557, 0.05547082796692848]
1.8762608624087305  ::  7.293256  ::  [-1.1164758205413818, -0.11497466266155243, 0.05546648055315018]
1.8759507291317297  ::  7.309214  ::  [-1.107057809829712, -0.11528368294239044, 0.055467136204242706]
1.8760649213569158  ::  7.32527  ::  [-1.1007773876190186, -0.11548911035060883, 0.055465217679739]
1.8761902126395031  ::  7.341224  ::  [-1.0944910049438477, -0.11569511890411377, 0.055462367832660675]
1.878498603135556  ::  7.357156  ::  [-1.0850601196289062, -0.11600340902805328, 0.055461570620536804]
1.878498603135556  ::  7.373114  ::  [-1.0756518840789795, -0.11631549894809723, 0.055460840463638306]
1.8809980254849574  ::  7.388276  ::  [-1.0693622827529907, -0.11651977151632309, 0.05546635016798973]
1.8809980254849574  ::  7.404207  ::  [-1.0599387884140015, -0.11683040857315063, 0.05546410754323006]
1.882387542094232  ::  7.420051  ::  [-1.0505166053771973, -0.11713769286870956, 0.0554635263979435]
1.882266946566699  ::  7.435265  ::  [-1.0410761833190918, -0.1174464225769043, 0.05546688288450241]
1.881236655219085  ::  7.451966  ::  [-1.0253751277923584, -0.11796389520168304, 0.05546913295984268]
1.881236655219085  ::  7.466925  ::  [-1.0253751277923584, -0.11796389520168304, 0.05546913295984268]
1.8802070042017054  ::  7.482951  ::  [-1.0159536600112915, -0.11827041953802109, 0.05546671897172928]
1.8774170853691667  ::  7.498462  ::  [-1.0065088272094727, -0.11858060956001282, 0.055470164865255356]
1.8761520062688335  ::  7.514437  ::  [-0.9970967173576355, -0.11888933181762695, 0.05547172576189041]
1.8761520062688335  ::  7.52985  ::  [-0.9876781702041626, -0.11919604241847992, 0.05546598508954048]
1.8760314107413003  ::  7.545806  ::  [-0.9782535433769226, -0.11950930953025818, 0.05546392500400543]
1.8760314107413003  ::  7.561791  ::  [-0.9688270092010498, -0.11981849372386932, 0.055462248623371124]
1.8775530488223322  ::  7.57723  ::  [-0.9625434875488281, -0.12002593278884888, 0.05546637624502182]
1.8775530488223322  ::  7.593187  ::  [-0.953123152256012, -0.12033461034297943, 0.05546368286013603]
1.8798144817678413  ::  7.608183  ::  [-0.9374058246612549, -0.12085110694169998, 0.05546294152736664]
1.8798144817678413  ::  7.62414  ::  [-0.9374058246612549, -0.12085110694169998, 0.05546294152736664]
1.8816643958158568  ::  7.640197  ::  [-0.93113774061203, -0.12105786055326462, 0.055461086332798004]
1.8816643958158568  ::  7.656162  ::  [-0.9217100143432617, -0.12136504799127579, 0.05546417087316513]
1.8822829548225661  ::  7.671911  ::  [-0.9122810363769531, -0.12167515605688095, 0.055467136204242706]
1.8821341847647068  ::  7.687868  ::  [-0.9028528928756714, -0.12198461592197418, 0.05547042936086655]
1.8806259936186034  ::  7.703686  ::  [-0.8965698480606079, -0.1221923977136612, 0.055468060076236725]
1.8796753166635023  ::  7.719662  ::  [-0.8871392011642456, -0.122499480843544, 0.055471062660217285]
1.8781600818848172  ::  7.735616  ::  [-0.8808653354644775, -0.12270355969667435, 0.05546674504876137]
1.8766077079525203  ::  7.750566  ::  [-0.8620067834854126, -0.12332355976104736, 0.05547105520963669]
1.8759016371470703  ::  7.766509  ::  [-0.8620067834854126, -0.12332355976104736, 0.05547105520963669]
1.8750882043056039  ::  7.782424  ::  [-0.8557261228561401, -0.12353189289569855, 0.05546759068965912]
1.8750882043056039  ::  7.798382  ::  [-0.8463000655174255, -0.12383897602558136, 0.055465854704380035]
1.8749693163253633  ::  7.81337  ::  [-0.8368672132492065, -0.12414760142564774, 0.055465348064899445]
1.8763584060478147  ::  7.828317  ::  [-0.8305988311767578, -0.12435577809810638, 0.05546637624502182]
1.8763584060478147  ::  7.844303  ::  [-0.8211765289306641, -0.12466287612915039, 0.05546293407678604]
1.877397875462126  ::  7.860233  ::  [-0.8148878812789917, -0.12487055361270905, 0.0554652139544487]
1.8795169416521225  ::  7.87619  ::  [-0.8054641485214233, -0.1251790076494217, 0.055462855845689774]
1.880358122137092  ::  7.892171  ::  [-0.80232834815979, -0.1252838522195816, 0.055463757365942]
1.8811632306855073  ::  7.908105  ::  [-0.7960366606712341, -0.1254892200231552, 0.055463872849941254]
1.8811632306855073  ::  7.924061  ::  [-0.7897626161575317, -0.12569566071033478, 0.05546519532799721]
1.8815713344884155  ::  7.939283  ::  [-0.7834715247154236, -0.12590041756629944, 0.05546506494283676]
1.8817412354440195  ::  7.955205  ::  [-0.7771929502487183, -0.12610569596290588, 0.055467139929533005]
1.8842088547250981  ::  7.971162  ::  [-0.7677590847015381, -0.1264178603887558, 0.055470358580350876]
1.8842088547250981  ::  7.987119  ::  [-0.761480450630188, -0.126624196767807, 0.05546882376074791]
1.881450525517471  ::  8.003037  ::  [-0.7520525455474854, -0.1269340217113495, 0.055468928068876266]
1.8798665619602626  ::  8.018684  ::  [-0.742622971534729, -0.12724334001541138, 0.05547158047556877]
1.8789920843030894  ::  8.035639  ::  [-0.7269171476364136, -0.12775729596614838, 0.05546920746564865]
1.8786864333377313  ::  8.050349  ::  [-0.7269171476364136, -0.12775729596614838, 0.05546920746564865]
1.8786864333377313  ::  8.065482  ::  [-0.7237723469734192, -0.12786301970481873, 0.055470772087574005]
1.8782548507595511  ::  8.081041  ::  [-0.7174956798553467, -0.128067284822464, 0.0554656982421875]
1.8786046845111026  ::  8.096  ::  [-0.7080661058425903, -0.12837931513786316, 0.05546870827674866]
1.8797513025180186  ::  8.111964  ::  [-0.6892247200012207, -0.12899644672870636, 0.055463459342718124]
1.8807833014129252  ::  8.127887  ::  [-0.6892247200012207, -0.12899644672870636, 0.055463459342718124]
1.8813365467356962  ::  8.143845  ::  [-0.6829359531402588, -0.12920628488063812, 0.05546420440077782]
1.8813365467356962  ::  8.159822  ::  [-0.679802417755127, -0.12930741906166077, 0.05546394735574722]
1.8827847602831504  ::  8.175531  ::  [-0.673510730266571, -0.12951722741127014, 0.05546468868851662]
1.8837023535094595  ::  8.191459  ::  [-0.6703736782073975, -0.12961703538894653, 0.05546509474515915]
1.8847063913174513  ::  8.207446  ::  [-0.6640956401824951, -0.12982547283172607, 0.055465444922447205]
1.8850427781340744  ::  8.223374  ::  [-0.6452394723892212, -0.13044396042823792, 0.05546773225069046]
1.8847996660883042  ::  8.239359  ::  [-0.6452394723892212, -0.13044396042823792, 0.05546773225069046]
1.884146956135745  ::  8.254749  ::  [-0.6295305490493774, -0.1309625804424286, 0.05546773225069046]
1.8827518899977698  ::  8.270716  ::  [-0.6295305490493774, -0.1309625804424286, 0.05546773225069046]
1.8822035538734647  ::  8.287191  ::  [-0.6169571876525879, -0.13137222826480865, 0.05547187477350235]
1.8811514912978713  ::  8.302151  ::  [-0.6169571876525879, -0.13137222826480865, 0.05547187477350235]
1.8795897258554655  ::  8.317136  ::  [-0.6012439727783203, -0.13188764452934265, 0.05546731874346733]
1.8788260253288935  ::  8.332104  ::  [-0.6012439727783203, -0.13188764452934265, 0.05546731874346733]
1.878199782359368  ::  8.348089  ::  [-0.5949678421020508, -0.13209424912929535, 0.055469416081905365]
1.877980575975693  ::  8.364084  ::  [-0.5855444669723511, -0.13240502774715424, 0.055467359721660614]
1.878328702179952  ::  8.379045  ::  [-0.5761221647262573, -0.13271255791187286, 0.055464986711740494]
1.8792341291318018  ::  8.395028  ::  [-0.5666994452476501, -0.13302581012248993, 0.05546487867832184]
1.8806507530543446  ::  8.410551  ::  [-0.5604193210601807, -0.13322946429252625, 0.055464234203100204]
1.8823651305360178  ::  8.426508  ::  [-0.5509926080703735, -0.13354024291038513, 0.05546451359987259]
1.883672257988429  ::  8.442442  ::  [-0.5415710806846619, -0.13385072350502014, 0.0554608516395092]
1.883672257988429  ::  8.457956  ::  [-0.5321433544158936, -0.13416104018688202, 0.05546537786722183]
1.885049821766656  ::  8.4739  ::  [-0.5227210521697998, -0.13446912169456482, 0.05546491593122482]
1.885183650785706  ::  8.489353  ::  [-0.516423225402832, -0.13467419147491455, 0.05546488240361214]
1.8842684054369243  ::  8.505084  ::  [-0.5070139169692993, -0.13498404622077942, 0.055466342717409134]
1.8842684054369243  ::  8.521025  ::  [-0.4975844919681549, -0.1352943778038025, 0.05546756088733673]
1.8829757921364993  ::  8.53699  ::  [-0.48815178871154785, -0.13560375571250916, 0.05547105893492699]
1.8814560750461715  ::  8.552915  ::  [-0.4787245988845825, -0.13591375946998596, 0.05547143891453743]
1.880300919302793  ::  8.568896  ::  [-0.4724453389644623, -0.1361192762851715, 0.05546805262565613]
1.8780608306984405  ::  8.585506  ::  [-0.4535925090312958, -0.13673779368400574, 0.05546847730875015]
1.8780388460270494  ::  8.600787  ::  [-0.44417351484298706, -0.13704876601696014, 0.05546509474515915]
1.8780388460270494  ::  8.616835  ::  [-0.44417351484298706, -0.13704876601696014, 0.05546509474515915]
1.87938823527495  ::  8.632795  ::  [-0.43475106358528137, -0.13735926151275635, 0.05546233803033829]
1.8807833014129252  ::  8.648753  ::  [-0.4284674823284149, -0.13756541907787323, 0.05546465888619423]
1.8807833014129252  ::  8.664762  ::  [-0.4190473258495331, -0.13787582516670227, 0.055464643985033035]
1.8839341530544167  ::  8.680719  ::  [-0.409620463848114, -0.13818491995334625, 0.055465392768383026]
1.8839341530544167  ::  8.696691  ::  [-0.4001960754394531, -0.13849428296089172, 0.05545905604958534]
1.8851915481919337  ::  8.712636  ::  [-0.390765905380249, -0.1388067901134491, 0.05546427518129349]
1.8851915481919337  ::  8.728569  ::  [-0.38448548316955566, -0.13901028037071228, 0.055467672646045685]
1.884920901946072  ::  8.744527  ::  [-0.37505435943603516, -0.1393188238143921, 0.055468134582042694]
1.884245566991887  ::  8.760062  ::  [-0.3656195402145386, -0.13962964713573456, 0.055467501282691956]
1.8815117837765893  ::  8.775978  ::  [-0.3561914265155792, -0.13993984460830688, 0.055468253791332245]
1.880339552560286  ::  8.791498  ::  [-0.346780002117157, -0.14024749398231506, 0.055469147861003876]
1.8790614534118473  ::  8.807455  ::  [-0.3404845893383026, -0.14045526087284088, 0.05547008663415909]
1.8786174911157965  ::  8.822826  ::  [-0.33107104897499084, -0.1407642662525177, 0.05546756833791733]
1.8786174911157965  ::  8.838812  ::  [-0.32477256655693054, -0.14097145199775696, 0.0554690882563591]
1.8788115111769073  ::  8.854646  ::  [-0.31536248326301575, -0.1412791907787323, 0.05546724796295166]
1.8788115111769073  ::  8.870603  ::  [-0.30594250559806824, -0.1415923684835434, 0.0554659403860569]
1.8813817967389477  ::  8.885758  ::  [-0.29652005434036255, -0.14190161228179932, 0.05546319857239723]
1.8824353534184222  ::  8.901739  ::  [-0.2870955765247345, -0.14221179485321045, 0.05546491593122482]
1.8838483488029685  ::  8.918747  ::  [-0.2713811993598938, -0.14272719621658325, 0.05546332150697708]
1.8838483488029685  ::  8.93317  ::  [-0.2713811993598938, -0.14272719621658325, 0.05546332150697708]
1.8854474668423977  ::  8.949157  ::  [-0.26196277141571045, -0.14303404092788696, 0.05546526238322258]
1.8854474668423977  ::  8.965115  ::  [-0.25254005193710327, -0.14334633946418762, 0.05546615272760391]
1.8849420328438167  ::  8.981068  ::  [-0.24310728907585144, -0.14365479350090027, 0.055469490587711334]
1.8843890009644573  ::  8.996398  ::  [-0.23682716488838196, -0.14386335015296936, 0.055465176701545715]
1.8833653263626016  ::  9.012106  ::  [-0.2305249571800232, -0.1440684199333191, 0.055469296872615814]
1.8820140161239969  ::  9.028036  ::  [-0.22425255179405212, -0.14427468180656433, 0.05547187104821205]
1.8820140161239969  ::  9.043993  ::  [-0.21483133733272552, -0.1445835381746292, 0.05546772480010986]
1.8798059440313788  ::  9.059683  ::  [-0.2054056078195572, -0.1448945701122284, 0.05546828359365463]
1.8798059440313788  ::  9.075638  ::  [-0.1991160809993744, -0.14509952068328857, 0.05546845495700836]
1.8791218578973197  ::  9.091597  ::  [-0.1928422898054123, -0.14530624449253082, 0.05546754598617554]
1.8793276173460662  ::  9.107215  ::  [-0.18656225502490997, -0.14551475644111633, 0.05546583980321884]
1.8793276173460662  ::  9.123173  ::  [-0.18341900408267975, -0.1456148624420166, 0.055463485419750214]
1.8794949569807315  ::  9.139129  ::  [-0.17712903022766113, -0.14582489430904388, 0.05546698346734047]
1.879913306067395  ::  9.154569  ::  [-0.17084087431430817, -0.14603272080421448, 0.05546385049819946]
1.8825173156884623  ::  9.17053  ::  [-0.16143302619457245, -0.14634205400943756, 0.055462080985307693]
1.8830756836531108  ::  9.185822  ::  [-0.15200646221637726, -0.14665161073207855, 0.05546374246478081]
1.8841424738241022  ::  9.201778  ::  [-0.14886577427387238, -0.1467542201280594, 0.05546363443136215]
1.8851789550306515  ::  9.217897  ::  [-0.13315775990486145, -0.14726890623569489, 0.05546238273382187]
1.885943936217693  ::  9.233927  ::  [-0.13315775990486145, -0.14726890623569489, 0.05546238273382187]
1.8860058348070463  ::  9.249914  ::  [-0.12372849136590958, -0.14758184552192688, 0.05546712502837181]
1.8860058348070463  ::  9.265894  ::  [-0.11745056509971619, -0.14778712391853333, 0.05546396225690842]
1.88522655291143  ::  9.28183  ::  [-0.10802070796489716, -0.14809684455394745, 0.05546647310256958]
1.884289963221492  ::  9.297756  ::  [-0.10173901170492172, -0.14830222725868225, 0.055468522012233734]
1.883241529183895  ::  9.312903  ::  [-0.09544806182384491, -0.14850983023643494, 0.05546959117054939]
1.882263531472114  ::  9.328133  ::  [-0.08917223662137985, -0.1487138271331787, 0.05546574667096138]
1.882263531472114  ::  9.344264  ::  [-0.08288370817899704, -0.14892062544822693, 0.05546753108501434]
1.8797011433163013  ::  9.360194  ::  [-0.07345064729452133, -0.1492309868335724, 0.0554673857986927]
1.879041603174572  ::  9.376179  ::  [-0.06404127925634384, -0.14953985810279846, 0.055466510355472565]
1.8792770312575258  ::  9.392156  ::  [-0.054610032588243484, -0.14985056221485138, 0.055467791855335236]
1.8792770312575258  ::  9.407684  ::  [-0.04519229382276535, -0.1501617729663849, 0.05546297878026962]
1.8814870243408481  ::  9.42358  ::  [-0.0357690267264843, -0.1504715383052826, 0.05546421557664871]
1.8814870243408481  ::  9.439561  ::  [-0.026344304904341698, -0.1507793813943863, 0.055464714765548706]
1.882399281481868  ::  9.45552  ::  [-0.020060380920767784, -0.1509876400232315, 0.05546465888619423]
1.8849164196344292  ::  9.471452  ::  [-0.01063297688961029, -0.1512974351644516, 0.05546581372618675]
1.8849164196344292  ::  9.486837  ::  [-0.0043396009132266045, -0.15150412917137146, 0.05546499788761139]
1.8862463855318776  ::  9.502776  ::  [0.014495697803795338, -0.1521238088607788, 0.05546410381793976]
1.88571000223862  ::  9.518735  ::  [0.02392120286822319, -0.1524331271648407, 0.05546622723340988]
1.885113854790125  ::  9.534692  ::  [0.03020896390080452, -0.15263913571834564, 0.05546800419688225]
1.8847230399035533  ::  9.550582  ::  [0.03335242718458176, -0.15274295210838318, 0.055469512939453125]
1.8837612638910508  ::  9.566567  ::  [0.03335242718458176, -0.15274295210838318, 0.055469512939453125]
1.8837612638910508  ::  9.582437  ::  [0.039642587304115295, -0.15294861793518066, 0.055467624217271805]
1.881254157578833  ::  9.598389  ::  [0.049074750393629074, -0.15326017141342163, 0.055464960634708405]
1.881254157578833  ::  9.613367  ::  [0.055349014699459076, -0.15346482396125793, 0.055470384657382965]
1.8798193909663072  ::  9.628287  ::  [0.061625946313142776, -0.15367071330547333, 0.05546156316995621]
1.8798193909663072  ::  9.643246  ::  [0.06790728867053986, -0.1538759171962738, 0.05546344444155693]
1.8793811916423686  ::  9.659231  ::  [0.07732830941677094, -0.15418921411037445, 0.05546502023935318]
1.879413208154103  ::  9.674812  ::  [0.08361553400754929, -0.15439456701278687, 0.055463407188653946]
1.8799877978180304  ::  9.690332  ::  [0.0867520347237587, -0.1544971913099289, 0.05546138435602188]
1.8808074205184317  ::  9.706288  ::  [0.09303788095712662, -0.1547044813632965, 0.055464062839746475]
1.8808074205184317  ::  9.722246  ::  [0.09931900352239609, -0.15491104125976562, 0.0554632730782032]
1.8812195797461597  ::  9.738204  ::  [0.11503064632415771, -0.1554267704486847, 0.05545923486351967]
1.8812195797461597  ::  9.753554  ::  [0.11503064632415771, -0.1554267704486847, 0.05545923486351967]
1.8826201954128354  ::  9.769501  ::  [0.12445278465747833, -0.15572687983512878, 0.055456969887018204]
1.8828927626494014  ::  9.784463  ::  [0.14015749096870422, -0.1562548577785492, 0.055463869124650955]
1.8829960692605978  ::  9.800447  ::  [0.14645066857337952, -0.15646147727966309, 0.05546847730875015]
1.8826686470672602  ::  9.815385  ::  [0.14645066857337952, -0.15646147727966309, 0.05546847730875015]
1.8826686470672602  ::  9.83137  ::  [0.15272463858127594, -0.15666651725769043, 0.0554673932492733]
1.8808616351449687  ::  9.846628  ::  [0.1590149998664856, -0.15687209367752075, 0.055468879640102386]
1.8808616351449687  ::  9.862588  ::  [0.16843989491462708, -0.1571817249059677, 0.05546989291906357]
1.8782815311859964  ::  9.87872  ::  [0.17786428332328796, -0.15749037265777588, 0.05546964704990387]
1.8779581644174788  ::  9.894676  ::  [0.1841530203819275, -0.15769699215888977, 0.05547047406435013]
1.8779581644174788  ::  9.910206  ::  [0.18728646636009216, -0.15779918432235718, 0.05546458065509796]
1.8773884839520174  ::  9.92622  ::  [0.20298239588737488, -0.1583247035741806, 0.0554560124874115]
1.8773884839520174  ::  9.942154  ::  [0.20298239588737488, -0.1583247035741806, 0.0554560124874115]
1.8786979592819557  ::  9.958111  ::  [0.20928062498569489, -0.15852956473827362, 0.05545855686068535]
1.8864658053589642  ::  9.973072  ::  [0.21868693828582764, -0.1588381975889206, 0.055458929389715195]
1.8874288620319362  ::  9.989029  ::  [0.22811773419380188, -0.15914607048034668, 0.05546465516090393]
1.8874288620319362  ::  10.004985  ::  [0.23440028727054596, -0.1593530923128128, 0.05546342208981514]
1.8904055438495921  ::  10.020944  ::  [0.24382531642913818, -0.159662663936615, 0.055464208126068115]
1.8904055438495921  ::  10.036309  ::  [0.2532458007335663, -0.15997456014156342, 0.05546170845627785]
1.8915513080828619  ::  10.051832  ::  [0.26267069578170776, -0.16028663516044617, 0.05546414852142334]
1.8920601571760278  ::  10.06682  ::  [0.272098571062088, -0.16059571504592896, 0.05546725168824196]
1.8916855639887349  ::  10.082346  ::  [0.28152328729629517, -0.1609068512916565, 0.05546595901250839]
1.8916855639887349  ::  10.097855  ::  [0.2878108322620392, -0.16111323237419128, 0.05546640604734421]
1.888913360959356  ::  10.113845  ::  [0.29723966121673584, -0.16142289340496063, 0.05547086149454117]
1.8874634398646093  ::  10.129349  ::  [0.30665892362594604, -0.16173353791236877, 0.05546692758798599]
1.8874634398646093  ::  10.145305  ::  [0.31608864665031433, -0.1620440036058426, 0.055469103157520294]
1.8855620859544069  ::  10.161175  ::  [0.32551732659339905, -0.1623552292585373, 0.05547000840306282]
1.8855620859544069  ::  10.177141  ::  [0.3317958414554596, -0.1625637263059616, 0.055466484278440475]
1.885416517547721  ::  10.193097  ::  [0.34121444821357727, -0.16287291049957275, 0.0554613322019577]
1.8864167133743048  ::  10.209043  ::  [0.3506441116333008, -0.1631837636232376, 0.05546266958117485]
1.8864167133743048  ::  10.225128  ::  [0.3600710332393646, -0.16349554061889648, 0.05546291545033455]
1.888382100307976  ::  10.241065  ::  [0.3663492202758789, -0.16370564699172974, 0.05546344444155693]
1.8899579530155448  ::  10.25647  ::  [0.3726314306259155, -0.16391146183013916, 0.05546428635716438]
1.8899579530155448  ::  10.272422  ::  [0.38205310702323914, -0.16422200202941895, 0.05546191334724426]
1.8918757420684376  ::  10.28838  ::  [0.3914770185947418, -0.16453297436237335, 0.05546385422348976]
1.8918757420684376  ::  10.304342  ::  [0.400907963514328, -0.16484403610229492, 0.05546395480632782]
1.8921451076538298  ::  10.3203  ::  [0.407190203666687, -0.1650516837835312, 0.05546652898192406]
1.891173726687807  ::  10.336229  ::  [0.41661226749420166, -0.16536496579647064, 0.05546606332063675]
1.8896934966286185  ::  10.352186  ::  [0.42604154348373413, -0.16567465662956238, 0.05546852946281433]
1.8887374835882282  ::  10.367888  ::  [0.43547070026397705, -0.16598302125930786, 0.0554705448448658]
1.8887374835882282  ::  10.383597  ::  [0.4417508840560913, -0.16619008779525757, 0.055468153208494186]
1.8864201284688897  ::  10.399114  ::  [0.4511778652667999, -0.16650325059890747, 0.0554673932492733]
1.8864201284688897  ::  10.415091  ::  [0.45746156573295593, -0.16671103239059448, 0.055467389523983]
1.8854681708533192  ::  10.431034  ::  [0.46688175201416016, -0.16701951622962952, 0.05546543374657631]
1.8860301673559643  ::  10.446987  ::  [0.4731709063053131, -0.16722653806209564, 0.05546781048178673]
1.8868826603417466  ::  10.4626  ::  [0.48259437084198, -0.1675380915403366, 0.05546167865395546]
1.8872882028237161  ::  10.477561  ::  [0.49515587091445923, -0.16795256733894348, 0.055465031415224075]
1.8879076156040717  ::  10.492705  ::  [0.49515587091445923, -0.16795256733894348, 0.055465031415224075]
1.888338557852017  ::  10.507833  ::  [0.501433253288269, -0.16816109418869019, 0.055459946393966675]
1.8887759034023095  ::  10.536731  ::  [0.50457364320755, -0.1682642102241516, 0.055463455617427826]
1.8897577430954988  ::  10.545707  ::  [0.5108674764633179, -0.1684729903936386, 0.055464498698711395]
1.8902992490306338  ::  10.55568  ::  [0.5108674764633179, -0.1684729903936386, 0.055464498698711395]
1.8902992490306338  ::  10.571639  ::  [0.513999342918396, -0.16857489943504333, 0.055462561547756195]
1.8907126889188313  ::  10.587595  ::  [0.5171405076980591, -0.1686784327030182, 0.05546239763498306]
1.8916640062041672  ::  10.603141  ::  [0.5171405076980591, -0.1686784327030182, 0.05546239763498306]
1.8923781878592565  ::  10.61913  ::  [0.5234241485595703, -0.16888795793056488, 0.055464863777160645]
1.8928622775166812  ::  10.635233  ::  [0.5297107696533203, -0.16909447312355042, 0.05546272173523903]
1.8926332527360743  ::  10.651016  ::  [0.5485650300979614, -0.16971394419670105, 0.05546603724360466]
1.8914909035973895  ::  10.666996  ::  [0.5485650300979614, -0.16971394419670105, 0.05546603724360466]
1.8905959353727064  ::  10.682965  ::  [0.5579895973205566, -0.1700257509946823, 0.0554683618247509]
1.8888452725110674  ::  10.697913  ::  [0.5642720460891724, -0.17022913694381714, 0.05546583980321884]
1.887511891519034  ::  10.712893  ::  [0.5737035870552063, -0.17054346203804016, 0.05547066777944565]
1.886653422117728  ::  10.728849  ::  [0.5831194519996643, -0.1708560436964035, 0.05546486750245094]
1.8858602664003603  ::  10.744785  ::  [0.5894086956977844, -0.1710590124130249, 0.05546756088733673]
1.8857908972916024  ::  10.760541  ::  [0.598832368850708, -0.17137131094932556, 0.05546761304140091]
1.885935611924642  ::  10.775669  ::  [0.6051138639450073, -0.17158018052577972, 0.055467091500759125]
1.8864892841342362  ::  10.7914  ::  [0.6082578897476196, -0.17168191075325012, 0.05546340346336365]
1.8864892841342362  ::  10.807336  ::  [0.6176761388778687, -0.17199496924877167, 0.05546082556247711]
1.8884994941843356  ::  10.822394  ::  [0.623957633972168, -0.17220225930213928, 0.05546404793858528]
1.8901001063276457  ::  10.838226  ::  [0.6333804130554199, -0.17251431941986084, 0.05546112358570099]
1.8907553776011439  ::  10.853479  ::  [0.6428080797195435, -0.1728246957063675, 0.05546364188194275]
1.8919542892438925  ::  10.869456  ::  [0.649091362953186, -0.17303091287612915, 0.05546274036169052]
1.892567512165313  ::  10.884682  ::  [0.6585143804550171, -0.1733434647321701, 0.05546350032091141]
1.892265703181363  ::  10.900672  ::  [0.6679469347000122, -0.1736527532339096, 0.05546183884143829]
1.8915333788362907  ::  10.915983  ::  [0.677370011806488, -0.1739661991596222, 0.05546512082219124]
1.8915333788362907  ::  10.931954  ::  [0.6867949962615967, -0.17427381873130798, 0.05546782165765762]
1.8891782442331055  ::  10.946627  ::  [0.6930758953094482, -0.17448267340660095, 0.05546676740050316]
1.8876536179443117  ::  10.962578  ::  [0.702505350112915, -0.17479196190834045, 0.05546882376074791]
1.8876536179443117  ::  10.978512  ::  [0.7119346857070923, -0.1751028299331665, 0.05547044053673744]
1.8864139386099545  ::  10.993794  ::  [0.7213538289070129, -0.17541445791721344, 0.05546411871910095]
1.885638285252335  ::  11.010751  ::  [0.7339143753051758, -0.17582862079143524, 0.05546193942427635]
1.8856673135563076  ::  11.025739  ::  [0.7402123808860779, -0.17603623867034912, 0.05546347051858902]
1.8856673135563076  ::  11.041693  ::  [0.7402123808860779, -0.17603623867034912, 0.05546347051858902]
1.887190659184632  ::  11.057647  ::  [0.75590580701828, -0.17655344307422638, 0.05546397715806961]
1.887190659184632  ::  11.072591  ::  [0.75590580701828, -0.17655344307422638, 0.05546397715806961]
1.889294784335819  ::  11.087624  ::  [0.7684739828109741, -0.17697173357009888, 0.05546501278877258]
1.8904727785242346  ::  11.103602  ::  [0.7684739828109741, -0.17697173357009888, 0.05546501278877258]
1.8913195085379046  ::  11.119071  ::  [0.7810484170913696, -0.17738300561904907, 0.05546204000711441]
1.8920379590612253  ::  11.135028  ::  [0.7810484170913696, -0.17738300561904907, 0.05546204000711441]
1.8931771065487364  ::  11.150985  ::  [0.7967442870140076, -0.17790380120277405, 0.055463746190071106]
1.8931771065487364  ::  11.16697  ::  [0.7967442870140076, -0.17790380120277405, 0.055463746190071106]
1.8927990982668585  ::  11.182923  ::  [0.8061757683753967, -0.17821328341960907, 0.055467359721660614]
1.8919423364128451  ::  11.197882  ::  [0.8124608993530273, -0.17841969430446625, 0.05546925216913223]
1.8919423364128451  ::  11.212848  ::  [0.8218812942504883, -0.1787288784980774, 0.05546540766954422]
1.889408122787359  ::  11.228234  ::  [0.8313083648681641, -0.17904016375541687, 0.055467601865530014]
1.8880284245750163  ::  11.243195  ::  [0.8375972509384155, -0.17924976348876953, 0.05546712875366211]
1.8880284245750163  ::  11.258829  ::  [0.8470202684402466, -0.17955803871154785, 0.055466946214437485]
1.8866715648077108  ::  11.274788  ::  [0.8533057570457458, -0.1797666996717453, 0.0554683580994606]
1.8863185294049858  ::  11.290744  ::  [0.8595985174179077, -0.179972305893898, 0.05546438321471214]
1.886436136724757  ::  11.30631  ::  [0.8690094351768494, -0.18028542399406433, 0.055463600903749466]
1.887135377341037  ::  11.322265  ::  [0.8752938508987427, -0.1804911196231842, 0.05546478554606438]
1.8884032312057206  ::  11.338201  ::  [0.8847180008888245, -0.18080438673496246, 0.05546615272760391]
1.8903920969146637  ::  11.353162  ::  [0.8941435217857361, -0.18111638724803925, 0.05546649172902107]
1.8903920969146637  ::  11.369125  ::  [0.9035643339157104, -0.18142788112163544, 0.05546533316373825]
1.8934372940674316  ::  11.384085  ::  [0.9129915237426758, -0.18173937499523163, 0.05546659603714943]
1.8935220311018222  ::  11.400042  ::  [0.9224172234535217, -0.18204915523529053, 0.055461298674345016]
1.8941454993069973  ::  11.41567  ::  [0.9255555868148804, -0.18215222656726837, 0.0554656907916069]
1.8939931007111415  ::  11.431628  ::  [0.9318523406982422, -0.18236126005649567, 0.05546625703573227]
1.8937262964466879  ::  11.446586  ::  [0.9381198883056641, -0.18256759643554688, 0.055466629564762115]
1.893622136061845  ::  11.461548  ::  [0.9444057941436768, -0.18277312815189362, 0.05546722188591957]
1.8929115829447523  ::  11.477503  ::  [0.9475497007369995, -0.18287773430347443, 0.05546672269701958]
1.8924695416394055  ::  11.493173  ::  [0.9538369178771973, -0.18308481574058533, 0.055469904094934464]
1.8907737337345383  ::  11.508617  ::  [0.9663995504379272, -0.18350011110305786, 0.05546779930591583]
1.8907737337345383  ::  11.524574  ::  [0.9663995504379272, -0.18350011110305786, 0.05546779930591583]
1.8891496428159562  ::  11.540561  ::  [0.9726903438568115, -0.18370673060417175, 0.05547083541750908]
1.888104196986121  ::  11.556516  ::  [0.9758358001708984, -0.1838105320930481, 0.055470310151576996]
1.888104196986121  ::  11.572453  ::  [0.9821130037307739, -0.1840178370475769, 0.05546927824616432]
1.8869157440705389  ::  11.588409  ::  [0.9915398359298706, -0.184329554438591, 0.05546781048178673]
1.8869157440705389  ::  11.604366  ::  [0.9978160858154297, -0.18453586101531982, 0.05546531081199646]
1.887393216982205  ::  11.620293  ::  [1.0072426795959473, -0.18484894931316376, 0.05546628683805466]
1.8897404541791623  ::  11.63561  ::  [1.0260941982269287, -0.18547223508358002, 0.05546574667096138]
1.8910842938983623  ::  11.65121  ::  [1.0260941982269287, -0.18547223508358002, 0.05546574667096138]
1.8923224791288387  ::  11.667167  ::  [1.0418002605438232, -0.18599046766757965, 0.055467136204242706]
1.8923224791288387  ::  11.68274  ::  [1.0418002605438232, -0.18599046766757965, 0.055467136204242706]
1.8946686491087381  ::  11.698698  ::  [1.0606509447097778, -0.1866130232810974, 0.05546734854578972]
1.8946686491087381  ::  11.714174  ::  [1.0606509447097778, -0.1866130232810974, 0.05546734854578972]
1.8942054769056464  ::  11.730111  ::  [1.0669299364089966, -0.18682008981704712, 0.055466897785663605]
1.8942054769056464  ::  11.746141  ::  [1.076357364654541, -0.1871309131383896, 0.05546664446592331]
1.893393111281238  ::  11.762116  ::  [1.0826388597488403, -0.18733716011047363, 0.055466942489147186]
1.8910616688967365  ::  11.77757  ::  [1.0920640230178833, -0.18764588236808777, 0.0554676279425621]
1.889373331511274  ::  11.793528  ::  [1.1046345233917236, -0.18806344270706177, 0.055467940866947174]
1.8881601191599506  ::  11.808511  ::  [1.1046345233917236, -0.18806344270706177, 0.055467940866947174]
1.887281372634546  ::  11.824469  ::  [1.1140626668930054, -0.1883721947669983, 0.055468056350946426]
1.8867475506622273  ::  11.839594  ::  [1.1203382015228271, -0.18858179450035095, 0.0554652102291584]
1.8868322876966177  ::  11.854869  ::  [1.1297694444656372, -0.1888892650604248, 0.05546528100967407]
1.8879197818785307  ::  11.870831  ::  [1.1360490322113037, -0.18909920752048492, 0.055464968085289]
1.8888623479839926  ::  11.886761  ::  [1.1454765796661377, -0.1894126981496811, 0.05546652898192406]
1.8888623479839926  ::  11.902743  ::  [1.154900312423706, -0.18972350656986237, 0.055466074496507645]
1.890377369319266  ::  11.918645  ::  [1.1643257141113281, -0.1900344043970108, 0.05546710640192032]
1.8930686772956626  ::  11.93379  ::  [1.1737518310546875, -0.190345898270607, 0.055467210710048676]
1.893630033468073  ::  11.949761  ::  [1.1831755638122559, -0.19065675139427185, 0.055467959493398666]
1.8937008966807118  ::  11.965597  ::  [1.1926019191741943, -0.19096705317497253, 0.055467795580625534]
1.89312566668655  ::  11.981556  ::  [1.1988757848739624, -0.19117389619350433, 0.05546553432941437]
1.89312566668655  ::  11.997508  ::  [1.208304524421692, -0.19148559868335724, 0.0554647222161293]
1.8914036052420604  ::  12.012489  ::  [1.217732548713684, -0.19179576635360718, 0.0554654486477375]
1.8908044695858033  ::  12.028446  ::  [1.2208750247955322, -0.19189880788326263, 0.05546852573752403]
1.8908044695858033  ::  12.044414  ::  [1.2240206003189087, -0.19200275838375092, 0.055470678955316544]
1.8879413396630986  ::  12.059613  ::  [1.2334458827972412, -0.19231367111206055, 0.05547049269080162]
1.8879413396630986  ::  12.075597  ::  [1.2428697347640991, -0.19262228906154633, 0.05546873062849045]
1.886538162675484  ::  12.091692  ::  [1.2522954940795898, -0.19293519854545593, 0.05546806752681732]
1.8868026190624105  ::  12.107199  ::  [1.2617158889770508, -0.19324538111686707, 0.05546577274799347]
1.8873592794797664  ::  12.123159  ::  [1.2711360454559326, -0.1935558170080185, 0.055463649332523346]
1.8876890495506313  ::  12.139115  ::  [1.2742775678634644, -0.19366401433944702, 0.05546199530363083]
1.8893122866955672  ::  12.155073  ::  [1.2805674076080322, -0.1938702017068863, 0.05546679347753525]
1.8907513221763241  ::  12.171059  ::  [1.2900036573410034, -0.19418208301067352, 0.055465150624513626]
1.8907513221763241  ::  12.187016  ::  [1.2994155883789062, -0.1944928914308548, 0.05546728894114494]
1.8928740169043172  ::  12.202533  ::  [1.3056998252868652, -0.1947004348039627, 0.05546735227108002]
1.893681259886848  ::  12.218538  ::  [1.315124273300171, -0.1950114369392395, 0.05546782538294792]
1.893401008687466  ::  12.234423  ::  [1.3245487213134766, -0.19532273709774017, 0.05546685308218002]
1.8925924850444658  ::  12.250396  ::  [1.3339745998382568, -0.19563347101211548, 0.055467743426561356]
1.8925924850444658  ::  12.265658  ::  [1.3433936834335327, -0.19594423472881317, 0.0554659441113472]
