1.4340214815760375  ::  0.016016  ::  [-4.649742603302002, 9.931686508934945e-05, 0.05546621233224869]
1.4341205193190025  ::  0.031974  ::  [-4.64974308013916, 9.92117784335278e-05, 0.05546630173921585]
1.4341205193190025  ::  0.047959  ::  [-4.649742126464844, 9.926922211889178e-05, 0.05546654015779495]
1.4627445614700567  ::  0.063888  ::  [-4.647866249084473, 5.395016341935843e-05, 0.056708287447690964]
1.4685898160174125  ::  0.079873  ::  [-4.634542942047119, -0.0003109792887698859, 0.05607099086046219]
1.539473412502099  ::  0.095802  ::  [-4.621994972229004, -0.0005312248831614852, 0.056953709572553635]
1.8209702676340658  ::  0.111788  ::  [-4.6135478019714355, -0.0006838389672338963, 0.05592294782400131]
1.8209702676340658  ::  0.127807  ::  [-4.600659370422363, -0.0007305613835342228, 0.055472828447818756]
1.8186842886962271  ::  0.142705  ::  [-4.594208240509033, -0.0009298889199271798, 0.05553295463323593]
1.7927238068780664  ::  0.157977  ::  [-4.58789587020874, -0.0011367221595719457, 0.05546887218952179]
1.7927238068780664  ::  0.173926  ::  [-4.5784711837768555, -0.0014308785321190953, 0.055470556020736694]
1.791638447130269  ::  0.189889  ::  [-4.5721917152404785, -0.0016259057447314262, 0.05546886473894119]
1.7884709469026756  ::  0.205848  ::  [-4.565903186798096, -0.0018213562434539199, 0.05546349287033081]
1.7884709469026756  ::  0.221804  ::  [-4.5564799308776855, -0.002117260592058301, 0.055469706654548645]
1.7859207250213223  ::  0.237757  ::  [-4.550191879272461, -0.0023156555835157633, 0.055468473583459854]
1.7859207250213223  ::  0.253729  ::  [-4.54075813293457, -0.0026084878481924534, 0.05546847730875015]
1.785282102333926  ::  0.26971  ::  [-4.531345367431641, -0.0028989436104893684, 0.0554676428437233]
1.7854931978679618  ::  0.285659  ::  [-4.525064468383789, -0.0030987916979938745, 0.055465858429670334]
1.786520501007814  ::  0.304585  ::  [-4.509354114532471, -0.0035901933442801237, 0.0554678849875927]
1.786520501007814  ::  0.317551  ::  [-4.509354114532471, -0.0035901933442801237, 0.0554678849875927]
1.786520501007814  ::  0.332511  ::  [-4.509354114532471, -0.0035901933442801237, 0.0554678849875927]
1.787940540024942  ::  0.348082  ::  [-4.506213188171387, -0.003687064629048109, 0.05546242371201515]
1.787940540024942  ::  0.364068  ::  [-4.499929904937744, -0.0038868833798915148, 0.05546603724360466]
1.7888930312490414  ::  0.379863  ::  [-4.493646621704102, -0.004081301856786013, 0.0554673932492733]
1.7906158397454712  ::  0.395825  ::  [-4.484220027923584, -0.0043759471736848354, 0.055467888712882996]
1.791480285562301  ::  0.411672  ::  [-4.477930068969727, -0.004571426659822464, 0.05546583980321884]
1.7916977843986837  ::  0.42763  ::  [-4.468515396118164, -0.004865684546530247, 0.055466677993535995]
1.7922930780735324  ::  0.442589  ::  [-4.462224960327148, -0.0050636110827326775, 0.055468760430812836]
1.7923615934086443  ::  0.457549  ::  [-4.4559454917907715, -0.00525728240609169, 0.0554683692753315]
1.7915364211795421  ::  0.473509  ::  [-4.446523666381836, -0.0055512916296720505, 0.0554683543741703]
1.790546684080125  ::  0.48937  ::  [-4.440234184265137, -0.005749300122261047, 0.05547100305557251]
1.7896026238707823  ::  0.505329  ::  [-4.433955669403076, -0.005943259224295616, 0.055469755083322525]
1.7884903702531278  ::  0.521284  ::  [-4.424529552459717, -0.006240910850465298, 0.05546543747186661]
1.7869082209649179  ::  0.537218  ::  [-4.415100574493408, -0.006531695369631052, 0.05547034367918968]
1.785289359409919  ::  0.553203  ::  [-4.408817291259766, -0.006731071509420872, 0.055467016994953156]
1.785404725573869  ::  0.569158  ::  [-4.399381160736084, -0.007024130318313837, 0.055469147861003876]
1.785404725573869  ::  0.584661  ::  [-4.393104553222656, -0.007223243825137615, 0.055467236787080765]
1.7853692939675494  ::  0.600596  ::  [-4.386821746826172, -0.007416384760290384, 0.05546575039625168]
1.7863613789444939  ::  0.6164  ::  [-4.3836846351623535, -0.0075139799155294895, 0.055467039346694946]
1.7869402374766523  ::  0.637346  ::  [-4.374258041381836, -0.00780825037509203, 0.055466145277023315]
1.7869402374766523  ::  0.65031  ::  [-4.374258041381836, -0.00780825037509203, 0.055466145277023315]
1.7869402374766523  ::  0.666268  ::  [-4.374258041381836, -0.00780825037509203, 0.055466145277023315]
1.7869402374766523  ::  0.679746  ::  [-4.374258041381836, -0.00780825037509203, 0.055466145277023315]
1.7869402374766523  ::  0.698696  ::  [-4.374258041381836, -0.00780825037509203, 0.055466145277023315]
1.787432651427128  ::  0.736594  ::  [-4.37111234664917, -0.007910246029496193, 0.05546121671795845]
1.7878366998052166  ::  0.762525  ::  [-4.367976188659668, -0.008005577139556408, 0.05546562001109123]
1.7881847192877698  ::  0.773521  ::  [-4.367976188659668, -0.008005577139556408, 0.05546562001109123]
1.7892631421246914  ::  0.789451  ::  [-4.3648362159729, -0.008106689900159836, 0.055463068187236786]
1.7901101923034788  ::  0.80446  ::  [-4.358553409576416, -0.008301477879285812, 0.05546484515070915]
1.791220524930429  ::  0.820369  ::  [-4.352269649505615, -0.008497419767081738, 0.05546313896775246]
1.791220524930429  ::  0.836348  ::  [-4.345982551574707, -0.008693715557456017, 0.05546063184738159]
1.7920358787625992  ::  0.852303  ::  [-4.3397016525268555, -0.00888777431100607, 0.05546749383211136]
1.792790401222474  ::  0.868243  ::  [-4.3334126472473145, -0.009083876386284828, 0.05546709895133972]
1.7928512325947694  ::  0.884255  ::  [-4.32713508605957, -0.00928201898932457, 0.0554678812623024]
1.792497983748633  ::  0.899855  ::  [-4.320841312408447, -0.009480721317231655, 0.05546712502837181]
1.7917588292143907  ::  0.915811  ::  [-4.308284759521484, -0.009870639070868492, 0.05546756833791733]
1.7917588292143907  ::  0.931768  ::  [-4.308284759521484, -0.009870639070868492, 0.05546756833791733]
1.7900000555031124  ::  0.94775  ::  [-4.301995277404785, -0.010068090632557869, 0.05546978861093521]
1.7887709416176274  ::  0.963706  ::  [-4.295711040496826, -0.01026350911706686, 0.05546989291906357]
1.7887709416176274  ::  0.979664  ::  [-4.286284923553467, -0.010554786771535873, 0.0554683543741703]
1.7876730954302535  ::  0.99562  ::  [-4.279993057250977, -0.010752050206065178, 0.05546465143561363]
1.7870266820583354  ::  1.011605  ::  [-4.273718357086182, -0.010952225886285305, 0.055468250066041946]
1.7870266820583354  ::  1.027585  ::  [-4.264291286468506, -0.011243607848882675, 0.05546563118696213]
1.787402876071215  ::  1.042521  ::  [-4.258011341094971, -0.011442477814853191, 0.05546664074063301]
1.7880949663332077  ::  1.058476  ::  [-4.248584270477295, -0.011735247448086739, 0.05546598136425018]
1.7880949663332077  ::  1.074439  ::  [-4.2422966957092285, -0.011930585838854313, 0.05546104162931442]
1.7890442559061337  ::  1.09007  ::  [-4.23602294921875, -0.01212931890040636, 0.05546555668115616]
1.790663864513073  ::  1.106015  ::  [-4.226596832275391, -0.012425577268004417, 0.05546312406659126]
1.7936574083602426  ::  1.122108  ::  [-4.22031307220459, -0.01262251753360033, 0.05546645075082779]
1.7936574083602426  ::  1.138037  ::  [-4.210888385772705, -0.012915966100990772, 0.055465880781412125]
1.7945478942732829  ::  1.154047  ::  [-4.201457500457764, -0.013210972771048546, 0.05546846613287926]
1.7944855687971066  ::  1.169955  ::  [-4.1920366287231445, -0.013502632267773151, 0.055466942489147186]
1.7949451124622016  ::  1.185909  ::  [-4.1920366287231445, -0.013502632267773151, 0.055466942489147186]
1.7949451124622016  ::  1.201899  ::  [-4.188896656036377, -0.013602010905742645, 0.055466581135988235]
1.7941944319837348  ::  1.217823  ::  [-4.182610511779785, -0.013800171203911304, 0.055466488003730774]
1.7919825179097084  ::  1.233804  ::  [-4.173178672790527, -0.014095154590904713, 0.055471234023571014]
1.7909624718458494  ::  1.249767  ::  [-4.163751602172852, -0.014388385228812695, 0.0554717555642128]
1.7900047512581667  ::  1.265787  ::  [-4.157472133636475, -0.014583567157387733, 0.05546950176358223]
1.7892784033286182  ::  1.281725  ::  [-4.141768455505371, -0.015075025148689747, 0.055465780198574066]
1.7892784033286182  ::  1.296936  ::  [-4.141768455505371, -0.015075025148689747, 0.055465780198574066]
1.78899527064318  ::  1.312893  ::  [-4.13547945022583, -0.015274465084075928, 0.05546702817082405]
1.7894742376587272  ::  1.328878  ::  [-4.1291913986206055, -0.015470854938030243, 0.05546899884939194]
1.7894742376587272  ::  1.344367  ::  [-4.122916221618652, -0.015667308121919632, 0.05546648055315018]
1.7904692041217276  ::  1.360325  ::  [-4.113489627838135, -0.015963803976774216, 0.05546645075082779]
1.791189789079164  ::  1.376283  ::  [-4.107212543487549, -0.016160691156983376, 0.055465079843997955]
1.7920173091857932  ::  1.392265  ::  [-4.1009321212768555, -0.01635628566145897, 0.05546553432941437]
1.7941700994348166  ::  1.408198  ::  [-4.094639778137207, -0.016551896929740906, 0.055463019758462906]
1.7941700994348166  ::  1.424181  ::  [-4.085208892822266, -0.01684940792620182, 0.0554630421102047]
1.794878945004617  ::  1.44015  ::  [-4.078936576843262, -0.01704675517976284, 0.05546664446592331]
1.7952490558802672  ::  1.456077  ::  [-4.072651386260986, -0.017242228612303734, 0.055465422570705414]
1.7952490558802672  ::  1.472026  ::  [-4.066368579864502, -0.017438579350709915, 0.05546604469418526]
1.79383051096702  ::  1.48668  ::  [-4.056941509246826, -0.017733801156282425, 0.05546697974205017]
1.79383051096702  ::  1.502619  ::  [-4.047509670257568, -0.018023690208792686, 0.055468104779720306]
1.7930452526558802  ::  1.518432  ::  [-4.041229724884033, -0.018224013969302177, 0.05546950548887253]
1.7904652554186136  ::  1.534366  ::  [-4.034948825836182, -0.018416589125990868, 0.05546652898192406]
1.7891951603981087  ::  1.54935  ::  [-4.025519371032715, -0.018712643533945084, 0.05546772852540016]
1.7888822523567574  ::  1.565287  ::  [-4.012955665588379, -0.019104916602373123, 0.05546318739652634]
1.7888822523567574  ::  1.581186  ::  [-4.012955665588379, -0.019104916602373123, 0.05546318739652634]
1.7884040323931507  ::  1.596886  ::  [-3.997246742248535, -0.019599759951233864, 0.055466774851083755]
1.7892274970749604  ::  1.612844  ::  [-3.997246742248535, -0.019599759951233864, 0.055466774851083755]
1.7898305814343314  ::  1.627803  ::  [-3.990962028503418, -0.019797086715698242, 0.05546530708670616]
1.7898305814343314  ::  1.642789  ::  [-3.9846768379211426, -0.01999352127313614, 0.055466584861278534]
1.7915061122151001  ::  1.658721  ::  [-3.9752535820007324, -0.020287029445171356, 0.055466607213020325]
1.7915061122151001  ::  1.674699  ::  [-3.9689714908599854, -0.020482923835515976, 0.055464908480644226]
1.7936840887866878  ::  1.690125  ::  [-3.962688684463501, -0.02068132720887661, 0.05546598881483078]
1.7942467256195678  ::  1.70611  ::  [-3.956406354904175, -0.02087589167058468, 0.05546501651406288]
1.7942467256195678  ::  1.72204  ::  [-3.9501190185546875, -0.021075356751680374, 0.055464692413806915]
1.7946208919200375  ::  1.738056  ::  [-3.94069766998291, -0.0213663000613451, 0.055466439574956894]
1.7945231348375417  ::  1.753989  ::  [-3.9344141483306885, -0.021566642448306084, 0.055467065423727036]
1.7937745887931906  ::  1.769946  ::  [-3.924989700317383, -0.021860376000404358, 0.05546622723340988]
1.7932303080937053  ::  1.78391  ::  [-3.9186980724334717, -0.0220571868121624, 0.0554666668176651]
1.7932303080937053  ::  1.799886  ::  [-3.9186980724334717, -0.0220571868121624, 0.0554666668176651]
1.7923726924660455  ::  1.816823  ::  [-3.90926456451416, -0.02235182747244835, 0.055468183010816574]
1.791707816239027  ::  1.830807  ::  [-3.90926456451416, -0.02235182747244835, 0.055468183010816574]
1.790750735981579  ::  1.845555  ::  [-3.9029898643493652, -0.022547874599695206, 0.055469922721385956]
1.790750735981579  ::  1.861533  ::  [-3.896705150604248, -0.022742193192243576, 0.05546937137842178]
1.790350849750016  ::  1.877494  ::  [-3.893564462661743, -0.02284003421664238, 0.05546729639172554]
1.7887964481053091  ::  1.893072  ::  [-3.884138584136963, -0.023136671632528305, 0.055467329919338226]
1.7878396880129783  ::  1.909026  ::  [-3.87785267829895, -0.02333294227719307, 0.055468086153268814]
1.7878396880129783  ::  1.924986  ::  [-3.8684234619140625, -0.02362908609211445, 0.0554642491042614]
1.78863679243346  ::  1.94053  ::  [-3.862149953842163, -0.023822147399187088, 0.055464111268520355]
1.7888377494054466  ::  1.956189  ::  [-3.849586248397827, -0.02421853505074978, 0.055465228855609894]
1.7888377494054466  ::  1.972174  ::  [-3.849586248397827, -0.02421853505074978, 0.055465228855609894]
1.79026878075827  ::  1.988127  ::  [-3.8464348316192627, -0.024317938834428787, 0.055463116616010666]
1.79026878075827  ::  2.0037  ::  [-3.8401622772216797, -0.02451403997838497, 0.055465780198574066]
1.791511448300389  ::  2.019686  ::  [-3.833874225616455, -0.024711137637495995, 0.05546438321471214]
1.7936298741601508  ::  2.03566  ::  [-3.818173408508301, -0.02520236000418663, 0.05546530336141586]
1.7936298741601508  ::  2.050608  ::  [-3.818173408508301, -0.02520236000418663, 0.05546530336141586]
1.7942761808103633  ::  2.066633  ::  [-3.808745861053467, -0.02549557015299797, 0.05546456575393677]
1.7938800298385027  ::  2.081764  ::  [-3.802459716796875, -0.02569296583533287, 0.05546814948320389]
1.792983354066527  ::  2.097746  ::  [-3.796177864074707, -0.025887539610266685, 0.05546647682785988]
1.792983354066527  ::  2.113709  ::  [-3.786746025085449, -0.026181841269135475, 0.05546949803829193]
1.792088172398432  ::  2.129666  ::  [-3.780467987060547, -0.026378536596894264, 0.05546649172902107]
1.7893301633559222  ::  2.144637  ::  [-3.771040916442871, -0.026672858744859695, 0.05546832084655762]
1.7893301633559222  ::  2.16055  ::  [-3.761615514755249, -0.026967275887727737, 0.05546773225069046]
1.7883869569202258  ::  2.176507  ::  [-3.755330801010132, -0.027162011712789536, 0.05546847730875015]
1.7869534709681694  ::  2.191472  ::  [-3.7459065914154053, -0.02745898999273777, 0.05546824261546135]
1.7865260505365146  ::  2.20746  ::  [-3.7364861965179443, -0.02775152027606964, 0.055466506630182266]
1.7867246596309738  ::  2.223417  ::  [-3.730201482772827, -0.02794954553246498, 0.05546479672193527]
1.7882835435873234  ::  2.239376  ::  [-3.7207720279693604, -0.028246428817510605, 0.0554659441113472]
1.7887254781709645  ::  2.25521  ::  [-3.711346387863159, -0.02853984571993351, 0.055466178804636]
1.789897175778739  ::  2.271168  ::  [-3.7050654888153076, -0.02873798832297325, 0.055463969707489014]
1.791191710069868  ::  2.287125  ::  [-3.69564151763916, -0.029032299295067787, 0.055466365069150925]
1.7925137785610885  ::  2.303085  ::  [-3.6862196922302246, -0.029324745759367943, 0.055466752499341965]
1.7928198564132698  ::  2.319041  ::  [-3.676792621612549, -0.029620235785841942, 0.05546485632658005]
1.7927199648966583  ::  2.334997  ::  [-3.670497417449951, -0.029816290363669395, 0.05546605959534645]
1.7922271240593597  ::  2.350507  ::  [-3.6642262935638428, -0.03001323714852333, 0.05546169728040695]
1.7916032289673611  ::  2.366716  ::  [-3.6547956466674805, -0.03030577301979065, 0.05547042936086655]
1.7904097601316074  ::  2.381675  ::  [-3.6547956466674805, -0.03030577301979065, 0.05547042936086655]
1.7904097601316074  ::  2.396654  ::  [-3.6453702449798584, -0.03060128353536129, 0.055468667298555374]
1.7888669911528308  ::  2.412612  ::  [-3.6359400749206543, -0.030892973765730858, 0.05546930059790611]
1.7873138701685933  ::  2.428569  ::  [-3.6296606063842773, -0.031088968738913536, 0.055465176701545715]
1.7873138701685933  ::  2.444527  ::  [-3.6233606338500977, -0.03128603845834732, 0.05546656996011734]
1.7862727999286951  ::  2.460484  ::  [-3.6170918941497803, -0.03148267790675163, 0.05546760931611061]
1.7862727999286951  ::  2.476539  ::  [-3.607663154602051, -0.031775690615177155, 0.0554673969745636]
1.786095108288569  ::  2.491524  ::  [-3.601377487182617, -0.03197415918111801, 0.05546555295586586]
1.787586864291982  ::  2.507456  ::  [-3.595102548599243, -0.03217187896370888, 0.055466827005147934]
1.7888291049472782  ::  2.523454  ::  [-3.5888185501098633, -0.0323658362030983, 0.055462922900915146]
1.7899869287333012  ::  2.53937  ::  [-3.579393148422241, -0.0326615646481514, 0.05546117573976517]
1.791550081557882  ::  2.55433  ::  [-3.573110342025757, -0.032857611775398254, 0.05546628683805466]
1.7920196570633204  ::  2.570289  ::  [-3.5636887550354004, -0.033155251294374466, 0.05546443164348602]
1.7928546476893545  ::  2.586267  ::  [-3.5574052333831787, -0.03335048258304596, 0.05546609312295914]
1.7935679755707976  ::  2.602202  ::  [-3.547978162765503, -0.0336446575820446, 0.05546622723340988]
1.7932343635185248  ::  2.618185  ::  [-3.5385539531707764, -0.03393874317407608, 0.05546577274799347]
1.792251883495101  ::  2.634153  ::  [-3.5322673320770264, -0.03413507342338562, 0.05546969920396805]
1.791171219502358  ::  2.649991  ::  [-3.522841215133667, -0.034427445381879807, 0.05546920746564865]
1.7905364387963698  ::  2.665512  ::  [-3.5165514945983887, -0.034623872488737106, 0.05547059699892998]
1.7894955819998835  ::  2.681469  ::  [-3.5134165287017822, -0.0347244068980217, 0.05546429753303528]
1.7894955819998835  ::  2.69746  ::  [-3.503990650177002, -0.03501693531870842, 0.05546823516488075]
1.7879931538258922  ::  2.713418  ::  [-3.497695207595825, -0.03521456941962242, 0.055466845631599426]
1.7879931538258922  ::  2.729399  ::  [-3.4882829189300537, -0.03550902381539345, 0.05546466261148453]
1.7877793902492118  ::  2.745359  ::  [-3.4788565635681152, -0.03580210730433464, 0.05546654388308525]
1.7876360629983474  ::  2.760292  ::  [-3.4694221019744873, -0.03609888255596161, 0.055468641221523285]
1.789418528928309  ::  2.776276  ::  [-3.4631459712982178, -0.036293286830186844, 0.055466677993535995]
1.7905076239358089  ::  2.791237  ::  [-3.453723907470703, -0.03659223020076752, 0.055463168770074844]
1.7916685426512995  ::  2.807213  ::  [-3.444301128387451, -0.03688567876815796, 0.05546240136027336]
1.7916685426512995  ::  2.823176  ::  [-3.4380128383636475, -0.03708336129784584, 0.05546671152114868]
1.7932330828580556  ::  2.839153  ::  [-3.428593158721924, -0.037377145141363144, 0.05546485260128975]
1.7937427857248678  ::  2.855094  ::  [-3.425445079803467, -0.03747541457414627, 0.05546801537275314]
1.7943918671394306  ::  2.871024  ::  [-3.41916561126709, -0.037673257291316986, 0.05546598508954048]
1.7945854603137181  ::  2.88701  ::  [-3.4097423553466797, -0.03796621039509773, 0.0554664209485054]
1.79458161833231  ::  2.902965  ::  [-3.400311231613159, -0.03825933858752251, 0.05546637997031212]
1.7942422433079248  ::  2.918896  ::  [-3.3971714973449707, -0.03835945576429367, 0.05546969175338745]
1.7933331878180785  ::  2.934879  ::  [-3.390890121459961, -0.038554802536964417, 0.055469997227191925]
1.7906455083796784  ::  2.94984  ::  [-3.381465435028076, -0.03885037451982498, 0.055468760430812836]
1.7900743338103362  ::  2.96577  ::  [-3.372035264968872, -0.039144955575466156, 0.05547016113996506]
1.7900743338103362  ::  2.982821  ::  [-3.3688952922821045, -0.03924078494310379, 0.055467359721660614]
1.7874092793735619  ::  2.997781  ::  [-3.36261248588562, -0.03943753242492676, 0.05546543747186661]
1.7872572009428234  ::  3.01374  ::  [-3.350046157836914, -0.039831291884183884, 0.05546549707651138]
1.7870593389003044  ::  3.029695  ::  [-3.343756675720215, -0.04003029316663742, 0.05546274781227112]
1.7870593389003044  ::  3.045244  ::  [-3.3374850749969482, -0.04022569581866264, 0.05546334385871887]
1.7879545205683993  ::  3.061174  ::  [-3.3280563354492188, -0.0405208095908165, 0.05546350032091141]
1.7893992122995628  ::  3.077148  ::  [-3.3186287879943848, -0.040813665837049484, 0.05546480417251587]
1.7913978964054378  ::  3.092381  ::  [-3.309211492538452, -0.04111147299408913, 0.05546613037586212]
1.7928277538194977  ::  3.108338  ::  [-3.3029327392578125, -0.0413048081099987, 0.05546174943447113]
1.7933133375808032  ::  3.123271  ::  [-3.299788475036621, -0.04140562191605568, 0.055464670062065125]
1.7949715794452354  ::  3.139234  ::  [-3.290363073348999, -0.04170053452253342, 0.05546329915523529]
1.7949715794452354  ::  3.155191  ::  [-3.2840774059295654, -0.04189630597829819, 0.05546175688505173]
1.7942038234938436  ::  3.171149  ::  [-3.2746524810791016, -0.04219050705432892, 0.055466052144765854]
1.7937683989342552  ::  3.187108  ::  [-3.26836895942688, -0.042384710162878036, 0.05546550452709198]
1.7937683989342552  ::  3.20317  ::  [-3.262078285217285, -0.042582523077726364, 0.055466704070568085]
1.79341941895635  ::  3.219155  ::  [-3.2589430809020996, -0.04268365725874901, 0.055467389523983]
1.7900127553861003  ::  3.235139  ::  [-3.2495174407958984, -0.04297638684511185, 0.055468782782554626]
1.7888050925634773  ::  3.250045  ::  [-3.2400929927825928, -0.043268583714962006, 0.05546601116657257]
1.7881071326076667  ::  3.266031  ::  [-3.233807325363159, -0.04346492514014244, 0.05546697601675987]
1.7876200547424803  ::  3.288449  ::  [-3.2212443351745605, -0.04385664686560631, 0.05546410381793976]
1.7875069297343518  ::  3.297425  ::  [-3.218099594116211, -0.043959252536296844, 0.05546464025974274]
1.7875069297343518  ::  3.312953  ::  [-3.218099594116211, -0.043959252536296844, 0.05546464025974274]
1.7871360718067613  ::  3.328912  ::  [-3.2149550914764404, -0.04405658692121506, 0.05546346306800842]
1.7871871915038307  ::  3.344414  ::  [-3.208676815032959, -0.0442521870136261, 0.0554642379283905]
1.787997636137535  ::  3.360371  ::  [-3.205535411834717, -0.044350385665893555, 0.05546429380774498]
1.7889555701686293  ::  3.376361  ::  [-3.1992509365081787, -0.044549353420734406, 0.05546282231807709]
1.789976256562723  ::  3.392337  ::  [-3.1898279190063477, -0.04484432190656662, 0.0554642528295517]
1.7908222395244526  ::  3.408272  ::  [-3.18353271484375, -0.045039102435112, 0.055463362485170364]
1.792162023818833  ::  3.424243  ::  [-3.177260398864746, -0.04523570090532303, 0.05546622723340988]
1.7928966960414323  ::  3.440209  ::  [-3.1678361892700195, -0.045529093593358994, 0.05546525865793228]
1.793296902438113  ::  3.456132  ::  [-3.161555767059326, -0.045728616416454315, 0.055462419986724854]
1.793296902438113  ::  3.472101  ::  [-3.1584103107452393, -0.045826759189367294, 0.05546719208359718]
1.794003400130386  ::  3.487931  ::  [-3.148986577987671, -0.046120766550302505, 0.05546427145600319]
1.7942738329328363  ::  3.503848  ::  [-3.142695903778076, -0.04631785303354263, 0.055462878197431564]
1.7944008317627163  ::  3.519833  ::  [-3.1395609378814697, -0.04641445353627205, 0.05546563118696213]
1.7936744838331675  ::  3.535671  ::  [-3.130126953125, -0.04671044275164604, 0.05546490475535393]
1.792496062757929  ::  3.551632  ::  [-3.123854398727417, -0.046904172748327255, 0.05546751618385315]
1.7912911746996563  ::  3.56759  ::  [-3.1144258975982666, -0.047200750559568405, 0.055465273559093475]
1.7890478844441302  ::  3.582552  ::  [-3.1081409454345703, -0.04739472642540932, 0.05546699836850166]
1.7890478844441302  ::  3.59751  ::  [-3.0987133979797363, -0.04768895357847214, 0.05546627193689346]
1.7881757546644843  ::  3.613467  ::  [-3.0924344062805176, -0.047886915504932404, 0.05546741932630539]
1.7877626349414042  ::  3.629426  ::  [-3.089292526245117, -0.047985490411520004, 0.05546398460865021]
1.7873216608531153  ::  3.644905  ::  [-3.0798678398132324, -0.048279233276844025, 0.05546589568257332]
1.7873234751221136  ::  3.660786  ::  [-3.076713800430298, -0.04837897792458534, 0.05546417087316513]
1.7877252823443808  ::  3.676729  ::  [-3.070441961288452, -0.04857439547777176, 0.05546518415212631]
1.789939224130817  ::  3.692687  ::  [-3.0610220432281494, -0.048871029168367386, 0.05546287074685097]
1.789939224130817  ::  3.708639  ::  [-3.0547304153442383, -0.04906604439020157, 0.055464841425418854]
1.791168231294596  ::  3.724601  ::  [-3.0453040599823, -0.049362413585186005, 0.05546122044324875]
1.793984403666757  ::  3.74056  ::  [-3.0358855724334717, -0.049656275659799576, 0.055465973913669586]
1.793984403666757  ::  3.756513  ::  [-3.0264627933502197, -0.049950480461120605, 0.05546552687883377]
1.7946001879091158  ::  3.772473  ::  [-3.0201830863952637, -0.0501454658806324, 0.05546344071626663]
1.7950629332253842  ::  3.787911  ::  [-3.0138959884643555, -0.050347208976745605, 0.05546607822179794]
1.7941131100439294  ::  3.803874  ::  [-3.0076112747192383, -0.05054011195898056, 0.055467259138822556]
1.793826668985612  ::  3.819828  ::  [-3.001328468322754, -0.050734322518110275, 0.05546698719263077]
1.7922768563742537  ::  3.835754  ::  [-2.9981837272644043, -0.050834137946367264, 0.05546819791197777]
1.7918042926610536  ::  3.85171  ::  [-2.9887635707855225, -0.05113210529088974, 0.05546526983380318]
1.7918042926610536  ::  3.867669  ::  [-2.9856197834014893, -0.05122656375169754, 0.05546773225069046]
1.7887707281742158  ::  3.882987  ::  [-2.9761900901794434, -0.05152071267366409, 0.055466704070568085]
1.7878083118314787  ::  3.89881  ::  [-2.96048641204834, -0.052011601626873016, 0.0554664321243763]
1.7878083118314787  ::  3.913797  ::  [-2.96048641204834, -0.052011601626873016, 0.0554664321243763]
1.7873196331407055  ::  3.929751  ::  [-2.9541990756988525, -0.05221148580312729, 0.055466074496507645]
1.7870601926739507  ::  3.944976  ::  [-2.9479176998138428, -0.05240263789892197, 0.055465664714574814]
1.7869915706171333  ::  3.960948  ::  [-2.9384937286376953, -0.0527021661400795, 0.0554657056927681]
1.787518562400282  ::  3.976863  ::  [-2.9322104454040527, -0.05289740115404129, 0.055463600903749466]
1.7902869234482528  ::  3.992409  ::  [-2.922785520553589, -0.05319266393780708, 0.05546226724982262]
1.7902869234482528  ::  4.008371  ::  [-2.916508913040161, -0.05338917300105095, 0.055462002754211426]
1.7915987466557184  ::  4.024341  ::  [-2.907081127166748, -0.05368364602327347, 0.0554637610912323]
1.7925872030946661  ::  4.040287  ::  [-2.9007952213287354, -0.05387819930911064, 0.055462710559368134]
1.7932153670548958  ::  4.056238  ::  [-2.894517183303833, -0.054075926542282104, 0.05546325817704201]
1.7936533529354228  ::  4.072224  ::  [-2.8882293701171875, -0.0542728491127491, 0.05546706169843674]
1.793538947266825  ::  4.08771  ::  [-2.8819499015808105, -0.05447135493159294, 0.05546455830335617]
1.793538947266825  ::  4.103668  ::  [-2.8725192546844482, -0.0547640323638916, 0.05546611547470093]
1.7911673775209498  ::  4.119494  ::  [-2.866232395172119, -0.0549619197845459, 0.05546789616346359]
1.7901240661252305  ::  4.135453  ::  [-2.8568100929260254, -0.05525291711091995, 0.05546600744128227]
1.7901240661252305  ::  4.150794  ::  [-2.8505239486694336, -0.055449239909648895, 0.05546806380152702]
1.7885886609441526  ::  4.166114  ::  [-2.841097831726074, -0.055743683129549026, 0.05546722933650017]
1.7873389497694518  ::  4.181329  ::  [-2.831669807434082, -0.05603832006454468, 0.0554654523730278]
1.7864968087891304  ::  4.196909  ::  [-2.8159687519073486, -0.056527864187955856, 0.055464278906583786]
1.7867738583373391  ::  4.212863  ::  [-2.8159687519073486, -0.056527864187955856, 0.055464278906583786]
1.787373634323831  ::  4.228826  ::  [-2.809680223464966, -0.0567256323993206, 0.055465973913669586]
1.787373634323831  ::  4.24378  ::  [-2.800264596939087, -0.057023487985134125, 0.055464304983615875]
1.7896033709227226  ::  4.259716  ::  [-2.7908384799957275, -0.05731726437807083, 0.05546131357550621]
1.7911793303519974  ::  4.275673  ::  [-2.7845516204833984, -0.057515304535627365, 0.055464692413806915]
1.7922585002408593  ::  4.291636  ::  [-2.7751309871673584, -0.05780953913927078, 0.05546452850103378]
1.7922585002408593  ::  4.307592  ::  [-2.7657012939453125, -0.05810290575027466, 0.055463433265686035]
1.7934040510307174  ::  4.323549  ::  [-2.7562789916992188, -0.058397430926561356, 0.0554644800722599]
1.7934040510307174  ::  4.339486  ::  [-2.7531352043151855, -0.05849491432309151, 0.055466312915086746]
1.7927077986221993  ::  4.355426  ::  [-2.746857166290283, -0.05869013071060181, 0.055465951561927795]
1.7927077986221993  ::  4.371389  ::  [-2.7374267578125, -0.05898335576057434, 0.05546807125210762]
1.7911806110124666  ::  4.38692  ::  [-2.728001594543457, -0.059277307242155075, 0.055466294288635254]
1.7885800164859844  ::  4.402879  ::  [-2.7217156887054443, -0.059475988149642944, 0.05546857416629791]
1.7876798188977179  ::  4.418835  ::  [-2.7122855186462402, -0.05976835638284683, 0.05546960234642029]
1.7876798188977179  ::  4.434685  ::  [-2.706005334854126, -0.05996463820338249, 0.05546953156590462]
1.7870847386662805  ::  4.450214  ::  [-2.6997227668762207, -0.06016215682029724, 0.05546797439455986]
1.786045802860498  ::  4.465814  ::  [-2.690295457839966, -0.06045783311128616, 0.05546754226088524]
1.786045802860498  ::  4.48177  ::  [-2.680867910385132, -0.060751773416996, 0.0554669052362442]
1.7865361890985638  ::  4.497727  ::  [-2.6714415550231934, -0.06104612350463867, 0.05546378344297409]
1.7874982852761836  ::  4.512687  ::  [-2.665170907974243, -0.06124308705329895, 0.05546380952000618]
1.7898371981800898  ::  4.52813  ::  [-2.655745029449463, -0.06153818964958191, 0.05546386539936066]
1.7898371981800898  ::  4.543216  ::  [-2.649456262588501, -0.06173394247889519, 0.055464521050453186]
1.791231197101007  ::  4.558869  ::  [-2.640033721923828, -0.06202549859881401, 0.05546265095472336]
1.7923302172271445  ::  4.574823  ::  [-2.6306138038635254, -0.062325138598680496, 0.05546573922038078]
1.792839279763722  ::  4.590813  ::  [-2.6243247985839844, -0.0625167042016983, 0.05546633526682854]
1.792839279763722  ::  4.60677  ::  [-2.6180436611175537, -0.06271292269229889, 0.055465273559093475]
1.792649315127431  ::  4.622271  ::  [-2.6086173057556152, -0.06301075965166092, 0.055468086153268814]
1.7914689730614881  ::  4.638225  ::  [-2.5991926193237305, -0.06330150365829468, 0.05546664819121361]
1.7904158432688368  ::  4.654183  ::  [-2.5929105281829834, -0.06349821388721466, 0.055468566715717316]
1.7872035199248153  ::  4.670142  ::  [-2.5834836959838867, -0.06379454582929611, 0.05546862632036209]
1.7872035199248153  ::  4.686184  ::  [-2.574057102203369, -0.06408651173114777, 0.05546905845403671]
1.7853437874798677  ::  4.702124  ::  [-2.561479330062866, -0.06448062509298325, 0.055461518466472626]
1.7853437874798677  ::  4.718236  ::  [-2.561479330062866, -0.06448062509298325, 0.055461518466472626]
1.7854902096602  ::  4.734193  ::  [-2.555210590362549, -0.06467721611261368, 0.055465102195739746]
1.7854902096602  ::  4.750124  ::  [-2.5457839965820312, -0.06497222185134888, 0.05546390637755394]
1.7868786590524164  ::  4.766102  ::  [-2.5363588333129883, -0.06526736170053482, 0.05546460673213005]
1.787326676773287  ::  4.782037  ::  [-2.530076503753662, -0.06546305119991302, 0.055463604629039764]
1.7887109640189782  ::  4.798102  ::  [-2.5269315242767334, -0.06556104123592377, 0.05546215549111366]
1.7887109640189782  ::  4.814028  ::  [-2.517512798309326, -0.06585564464330673, 0.055464811623096466]
1.7908945968409724  ::  4.830026  ::  [-2.511229991912842, -0.06605261564254761, 0.05546189099550247]
1.7908945968409724  ::  4.845942  ::  [-2.5049452781677246, -0.0662461668252945, 0.05546233803033829]
1.7912726051228502  ::  4.861899  ::  [-2.4986612796783447, -0.06644339859485626, 0.055463045835494995]
1.7922670379773218  ::  4.877885  ::  [-2.4892334938049316, -0.06673954427242279, 0.05546589568257332]
1.7921073823054727  ::  4.893457  ::  [-2.479804754257202, -0.06703252345323563, 0.055466655641794205]
1.791394267867441  ::  4.909444  ::  [-2.470369338989258, -0.06732726097106934, 0.05546537786722183]
1.7906226699346413  ::  4.925413  ::  [-2.4640953540802, -0.06752139329910278, 0.05546941980719566]
1.7896323992266951  ::  4.941328  ::  [-2.457808256149292, -0.06771941483020782, 0.05546672269701958]
1.7890383862123156  ::  4.957286  ::  [-2.4546711444854736, -0.06781870126724243, 0.0554681196808815]
1.7877514291622971  ::  4.973274  ::  [-2.445246458053589, -0.06811114400625229, 0.05546710267663002]
1.7863805888515345  ::  4.988516  ::  [-2.435818672180176, -0.06840576976537704, 0.055468618869781494]
1.7855939431582193  ::  5.004471  ::  [-2.426391124725342, -0.06870196759700775, 0.05546412616968155]
1.7855939431582193  ::  5.020426  ::  [-2.420114278793335, -0.06889771670103073, 0.05546465143561363]
1.7861880628943048  ::  5.036378  ::  [-2.4106898307800293, -0.06919099390506744, 0.05546294152736664]
1.787400421471982  ::  5.052341  ::  [-2.401263952255249, -0.06948630511760712, 0.05546385422348976]
1.7907291781970112  ::  5.068302  ::  [-2.3918397426605225, -0.0697806254029274, 0.05546461045742035]
1.7907291781970112  ::  5.08426  ::  [-2.3824121952056885, -0.07007511705160141, 0.05546272173523903]
1.7919368410196341  ::  5.099439  ::  [-2.376136302947998, -0.07026981562376022, 0.05546543002128601]
1.7949075464217665  ::  5.11637  ::  [-2.3572769165039062, -0.07085943967103958, 0.055467862635850906]
1.7950979379448806  ::  5.131366  ::  [-2.3572769165039062, -0.07085943967103958, 0.055467862635850906]
1.7950979379448806  ::  5.14731  ::  [-2.3510024547576904, -0.07105635106563568, 0.055464666336774826]
1.7950891867650065  ::  5.16327  ::  [-2.347843647003174, -0.07115189731121063, 0.05546366423368454]
1.7949690181242965  ::  5.1792  ::  [-2.338432788848877, -0.07144679129123688, 0.05546651780605316]
1.7932145132812496  ::  5.19519  ::  [-2.328996181488037, -0.0717397928237915, 0.0554681159555912]
1.7923769613342768  ::  5.211156  ::  [-2.3227219581604004, -0.07193933427333832, 0.055466122925281525]
1.7905912937531416  ::  5.2271  ::  [-2.3164384365081787, -0.07213447988033295, 0.05546661466360092]
1.7897728449915036  ::  5.243055  ::  [-2.3132975101470947, -0.07223036885261536, 0.05546573922038078]
1.7894717830594942  ::  5.259013  ::  [-2.3038671016693115, -0.07252956926822662, 0.055466942489147186]
1.7894717830594942  ::  5.274985  ::  [-2.3007287979125977, -0.07262576371431351, 0.05546700581908226]
1.7892383826889502  ::  5.290756  ::  [-2.2944445610046387, -0.0728214681148529, 0.0554654598236084]
1.7892383826889502  ::  5.306737  ::  [-2.2913033962249756, -0.07292160391807556, 0.05546567216515541]
1.78926090096887  ::  5.322694  ::  [-2.2818806171417236, -0.07321827858686447, 0.05546592175960541]
1.790355758948482  ::  5.337655  ::  [-2.2724525928497314, -0.07351204007863998, 0.055463556200265884]
1.791728306806537  ::  5.353615  ::  [-2.2630345821380615, -0.07380867749452591, 0.055461760610342026]
1.7946642209325847  ::  5.368578  ::  [-2.2567453384399414, -0.07400308549404144, 0.05546463280916214]
1.7946642209325847  ::  5.384533  ::  [-2.247312068939209, -0.07429966330528259, 0.05546562746167183]
1.79603474107823  ::  5.400096  ::  [-2.237903594970703, -0.07459533214569092, 0.05546420067548752]
1.7965593849838517  ::  5.415475  ::  [-2.2284750938415527, -0.07489241659641266, 0.05546434968709946]
1.7961203318862669  ::  5.431433  ::  [-2.219048500061035, -0.07518374919891357, 0.05546345189213753]
1.7961203318862669  ::  5.447431  ::  [-2.212759256362915, -0.07538104057312012, 0.05546736344695091]
1.7937425722814562  ::  5.46339  ::  [-2.2064783573150635, -0.0755777582526207, 0.055466387420892715]
1.7937425722814562  ::  5.479345  ::  [-2.200195550918579, -0.0757724791765213, 0.05546426400542259]
1.792489232568759  ::  5.495303  ::  [-2.1970536708831787, -0.07586954534053802, 0.05546359717845917]
1.792489232568759  ::  5.511262  ::  [-2.1907639503479004, -0.07606856524944305, 0.05546865612268448]
1.7913686546580536  ::  5.526924  ::  [-2.184478759765625, -0.07626347243785858, 0.05547032877802849]
1.7906177607361753  ::  5.54236  ::  [-2.1813411712646484, -0.0763644129037857, 0.05546616017818451]
1.7895795719823333  ::  5.558391  ::  [-2.171910285949707, -0.07665754109621048, 0.05546014755964279]
1.7886887659041757  ::  5.574349  ::  [-2.1624908447265625, -0.07695432007312775, 0.0554666593670845]
1.7884955996167111  ::  5.590303  ::  [-2.1562116146087646, -0.07715089619159698, 0.055462561547756195]
1.7888484215760247  ::  5.606283  ::  [-2.146775484085083, -0.07744495570659637, 0.055463485419750214]
1.7908805095758094  ::  5.622251  ::  [-2.1279373168945312, -0.07803699374198914, 0.0554632768034935]
1.7919445249824504  ::  5.638233  ::  [-2.1279373168945312, -0.07803699374198914, 0.0554632768034935]
1.7919445249824504  ::  5.654192  ::  [-2.1216533184051514, -0.07823310792446136, 0.05546502023935318]
1.7940183411691955  ::  5.669148  ::  [-2.1153669357299805, -0.07842867076396942, 0.055467527359724045]
1.7940183411691955  ::  5.685105  ::  [-2.1059489250183105, -0.07872255146503448, 0.05546430125832558]
1.7944046737441244  ::  5.701063  ::  [-2.099661350250244, -0.07891851663589478, 0.055462755262851715]
1.7944046737441244  ::  5.716024  ::  [-2.090240001678467, -0.07921583205461502, 0.05546390265226364]
1.7936597562377699  ::  5.731964  ::  [-2.083954095840454, -0.07941056787967682, 0.05546673387289047]
1.7936597562377699  ::  5.747628  ::  [-2.0776753425598145, -0.07961075007915497, 0.055465348064899445]
1.7927304236238248  ::  5.763586  ::  [-2.07138729095459, -0.0798029899597168, 0.05546532943844795]
1.7915086735360388  ::  5.779149  ::  [-2.0619540214538574, -0.08009948581457138, 0.055467985570430756]
1.7901050696616012  ::  5.794114  ::  [-2.052523612976074, -0.08039342612028122, 0.05546391010284424]
1.7888095748751203  ::  5.810072  ::  [-2.043111562728882, -0.08068796247243881, 0.05546718090772629]
1.7881982729444041  ::  5.826028  ::  [-2.0368199348449707, -0.08088497072458267, 0.055467940866947174]
1.7881982729444041  ::  5.84137  ::  [-2.0336828231811523, -0.08098169416189194, 0.055466778576374054]
1.7880329610221486  ::  5.857336  ::  [-2.0273969173431396, -0.08117882162332535, 0.05546344444155693]
1.7885758543394588  ::  5.873258  ::  [-2.0211172103881836, -0.08137547969818115, 0.05546434968709946]
1.7885758543394588  ::  5.889052  ::  [-2.014838457107544, -0.08157169073820114, 0.05546220391988754]
1.7890054092052292  ::  5.904978  ::  [-2.0116944313049316, -0.08167199045419693, 0.055463191121816635]
1.7902244912503706  ::  5.920965  ::  [-2.005415201187134, -0.08186928927898407, 0.05546211823821068]
1.7906373975300391  ::  5.936892  ::  [-2.0022761821746826, -0.08196885883808136, 0.05546284094452858]
1.7918926582334405  ::  5.952849  ::  [-1.9959934949874878, -0.08216283470392227, 0.055464185774326324]
1.7923993728924907  ::  5.968807  ::  [-1.9928514957427979, -0.08225996792316437, 0.055459678173065186]
1.7945995475788812  ::  5.984764  ::  [-1.9834280014038086, -0.08255430310964584, 0.055463697761297226]
1.7945995475788812  ::  6.000721  ::  [-1.9740021228790283, -0.08285188674926758, 0.0554632768034935]
1.7949357209520929  ::  6.015986  ::  [-1.9677178859710693, -0.08304839581251144, 0.0554637610912323]
1.7949664568033579  ::  6.03294  ::  [-1.9488608837127686, -0.08363699913024902, 0.05546822398900986]
1.7949664568033579  ::  6.04749  ::  [-1.9488608837127686, -0.08363699913024902, 0.05546822398900986]
1.7938800298385027  ::  6.062474  ::  [-1.9457213878631592, -0.08373373001813889, 0.055466435849666595]
1.7938800298385027  ::  6.078431  ::  [-1.9394357204437256, -0.0839318186044693, 0.055468641221523285]
1.7922608481183866  ::  6.094364  ::  [-1.93001389503479, -0.08422670513391495, 0.055466122925281525]
1.791092031996668  ::  6.110007  ::  [-1.9205912351608276, -0.08451762795448303, 0.055465810000896454]
1.789296012410072  ::  6.125935  ::  [-1.9143016338348389, -0.08471767604351044, 0.05546654760837555]
1.789296012410072  ::  6.140918  ::  [-1.908019781112671, -0.08491227775812149, 0.05546563118696213]
1.788865923935773  ::  6.156852  ::  [-1.9017326831817627, -0.08510994166135788, 0.05546605587005615]
1.788865923935773  ::  6.172832  ::  [-1.8954521417617798, -0.0853060707449913, 0.05546601116657257]
1.7887744634339182  ::  6.188766  ::  [-1.8891674280166626, -0.08550439029932022, 0.05546441674232483]
1.7901029352274855  ::  6.204748  ::  [-1.8797446489334106, -0.08579842746257782, 0.05546420067548752]
1.7908373940066735  ::  6.220704  ::  [-1.8734620809555054, -0.08599594980478287, 0.055463287979364395]
1.7924614849252556  ::  6.235839  ::  [-1.8640388250350952, -0.08629149198532104, 0.05546415597200394]
1.7952396643701583  ::  6.251803  ::  [-1.8577489852905273, -0.08648864924907684, 0.05546398088335991]
1.7952396643701583  ::  6.267767  ::  [-1.8483322858810425, -0.08678271621465683, 0.05546361207962036]
1.7960473342395122  ::  6.283689  ::  [-1.8389077186584473, -0.08707742393016815, 0.05546586960554123]
1.796327798882306  ::  6.299352  ::  [-1.8326226472854614, -0.08727656304836273, 0.05546398088335991]
1.796327798882306  ::  6.314607  ::  [-1.8231992721557617, -0.08757184445858002, 0.055464573204517365]
1.7958097717224428  ::  6.330663  ::  [-1.813767671585083, -0.08786382526159286, 0.05546804517507553]
1.7929611559517245  ::  6.346592  ::  [-1.8043434619903564, -0.08815881609916687, 0.05546668916940689]
1.7921534860823705  ::  6.362578  ::  [-1.794917106628418, -0.08845466375350952, 0.05546896532177925]
1.7921534860823705  ::  6.378507  ::  [-1.788636565208435, -0.08865152299404144, 0.055465031415224075]
1.7902258786325458  ::  6.393667  ::  [-1.779208779335022, -0.08894477784633636, 0.05546543374657631]
1.789822470584692  ::  6.408627  ::  [-1.7729166746139526, -0.08914266526699066, 0.05546456575393677]
1.7900717724893975  ::  6.424584  ::  [-1.7635000944137573, -0.08943761140108109, 0.05546429753303528]
1.7900717724893975  ::  6.440542  ::  [-1.7572190761566162, -0.08963422477245331, 0.055464085191488266]
1.7917011994932686  ::  6.456523  ::  [-1.747794508934021, -0.08992946147918701, 0.05546342581510544]
1.7917011994932686  ::  6.471921  ::  [-1.7383663654327393, -0.09022314101457596, 0.05546234920620918]
1.7947856702337641  ::  6.487879  ::  [-1.7289360761642456, -0.09052301943302155, 0.05546141415834427]
1.7947856702337641  ::  6.503871  ::  [-1.7226660251617432, -0.09071937948465347, 0.05546391010284424]
1.7957982457782184  ::  6.519459  ::  [-1.7163807153701782, -0.09091401845216751, 0.0554654523730278]
1.7968759215631995  ::  6.53539  ::  [-1.7100954055786133, -0.0911095142364502, 0.055466894060373306]
1.7968759215631995  ::  6.55035  ::  [-1.7038137912750244, -0.09130740165710449, 0.05546494200825691]
1.7961604592476408  ::  6.566327  ::  [-1.697525978088379, -0.09150730073451996, 0.05546516552567482]
1.7961604592476408  ::  6.582264  ::  [-1.6880897283554077, -0.09179846942424774, 0.05546308308839798]
1.7940012656962705  ::  6.598024  ::  [-1.672389030456543, -0.09229052066802979, 0.05546945333480835]
1.7940012656962705  ::  6.61408  ::  [-1.672389030456543, -0.09229052066802979, 0.05546945333480835]
1.793122946057689  ::  6.630007  ::  [-1.6661078929901123, -0.09248678386211395, 0.05546758323907852]
1.7914525379187978  ::  6.645819  ::  [-1.6566838026046753, -0.09278052300214767, 0.05546769127249718]
1.7911319459146304  ::  6.661409  ::  [-1.653536319732666, -0.09287950396537781, 0.05546942353248596]
1.7899217217710688  ::  6.676652  ::  [-1.6441160440444946, -0.09317134320735931, 0.05546439439058304]
1.7896375218685727  ::  6.691945  ::  [-1.6378302574157715, -0.09337066113948822, 0.05546756088733673]
1.7894570554640963  ::  6.707875  ::  [-1.631547212600708, -0.09356801956892014, 0.05546816438436508]
1.7894570554640963  ::  6.723835  ::  [-1.6221272945404053, -0.09386365115642548, 0.055463798344135284]
1.790120864474057  ::  6.738802  ::  [-1.615842342376709, -0.09406314790248871, 0.0554632693529129]
1.791463210089376  ::  6.75476  ::  [-1.6127032041549683, -0.09415911138057709, 0.055461201816797256]
1.793331907157609  ::  6.770716  ::  [-1.6064156293869019, -0.09435354173183441, 0.05546300858259201]
1.7940467291429334  ::  6.786673  ::  [-1.5969882011413574, -0.09465283155441284, 0.05546383932232857]
1.795114799974394  ::  6.802631  ::  [-1.5938538312911987, -0.09475107491016388, 0.05546345189213753]
1.795114799974394  ::  6.817927  ::  [-1.5875728130340576, -0.09494629502296448, 0.05546252056956291]
1.796614026497212  ::  6.833105  ::  [-1.5812921524047852, -0.09514307975769043, 0.055464230477809906]
1.7969999321853176  ::  6.849062  ::  [-1.5750036239624023, -0.09533873200416565, 0.055466290563344955]
1.7969999321853176  ::  6.864851  ::  [-1.568718671798706, -0.09553559124469757, 0.05546761304140091]
1.7962616314247215  ::  6.879839  ::  [-1.5592889785766602, -0.09582915902137756, 0.05546775832772255]
1.7962616314247215  ::  6.895796  ::  [-1.5530035495758057, -0.09602616727352142, 0.055467020720243454]
1.795579679724778  ::  6.911768  ::  [-1.5467206239700317, -0.09622232615947723, 0.055468250066041946]
1.7943754319967402  ::  6.927684  ::  [-1.5372940301895142, -0.09651927649974823, 0.055469345301389694]
1.7918262773324445  ::  6.942671  ::  [-1.5310138463974, -0.09671483933925629, 0.05546931177377701]
1.7918262773324445  ::  6.957632  ::  [-1.5215857028961182, -0.09701208770275116, 0.055468104779720306]
1.790577846818213  ::  6.973614  ::  [-1.5121638774871826, -0.09730315953493118, 0.05546652525663376]
1.789932287219941  ::  6.98888  ::  [-1.5058729648590088, -0.09750278294086456, 0.05546658858656883]
1.7895524646690648  ::  7.004838  ::  [-1.4964559078216553, -0.09779690206050873, 0.05546434223651886]
1.7903905502245667  ::  7.020795  ::  [-1.4870283603668213, -0.0980948805809021, 0.055463578552007675]
1.791161401105426  ::  7.036752  ::  [-1.4807522296905518, -0.09828934073448181, 0.05546213686466217]
1.7919438846522155  ::  7.05271  ::  [-1.4744675159454346, -0.09848728775978088, 0.05546155199408531]
1.7934228340509348  ::  7.068709  ::  [-1.4650421142578125, -0.09878255426883698, 0.05546555668115616]
1.7942605994413192  ::  7.084647  ::  [-1.4587470293045044, -0.0989779531955719, 0.05546172335743904]
1.7955534261851558  ::  7.099986  ::  [-1.4493346214294434, -0.09927262365818024, 0.05546363815665245]
1.7959519250345437  ::  7.115944  ::  [-1.4430510997772217, -0.09947039186954498, 0.055465277284383774]
1.7958432823380581  ::  7.131901  ::  [-1.424198865890503, -0.10005886852741241, 0.05546799674630165]
1.7958432823380581  ::  7.14712  ::  [-1.424198865890503, -0.10005886852741241, 0.05546799674630165]
1.7950170428918983  ::  7.162729  ::  [-1.414772391319275, -0.10035470873117447, 0.05546559765934944]
1.7939244260681078  ::  7.178688  ::  [-1.4084815979003906, -0.10055208206176758, 0.05546609312295914]
1.7925270120526056  ::  7.194643  ::  [-1.399045467376709, -0.10084816813468933, 0.055469293147325516]
1.7909387796271659  ::  7.210677  ::  [-1.3896278142929077, -0.10114113986492157, 0.055471181869506836]
1.7893939829359795  ::  7.226634  ::  [-1.3833463191986084, -0.1013377457857132, 0.05546989291906357]
1.7893939829359795  ::  7.242671  ::  [-1.3739196062088013, -0.10163304209709167, 0.05546965450048447]
1.7894349640709994  ::  7.257549  ::  [-1.364501953125, -0.1019291952252388, 0.05546548217535019]
1.7909342973155231  ::  7.27351  ::  [-1.3582165241241455, -0.10212599486112595, 0.05546698719263077]
1.791092031996668  ::  7.289438  ::  [-1.3487927913665771, -0.10241924971342087, 0.055464692413806915]
1.7927447243323995  ::  7.305422  ::  [-1.3456392288208008, -0.10252220928668976, 0.05546196550130844]
1.7945195062995452  ::  7.32138  ::  [-1.3362268209457397, -0.1028129905462265, 0.05546477809548378]
1.795428775232803  ::  7.337337  ::  [-1.326807975769043, -0.10311096906661987, 0.05546333268284798]
1.7962859639736397  ::  7.352297  ::  [-1.3205167055130005, -0.10330713540315628, 0.0554652139544487]
1.796455224599009  ::  7.367587  ::  [-1.3110904693603516, -0.10360253602266312, 0.05546622723340988]
1.796573899135838  ::  7.383215  ::  [-1.307952642440796, -0.10369785875082016, 0.055466122925281525]
1.7965028224797877  ::  7.399776  ::  [-1.2953836917877197, -0.10409174859523773, 0.055467329919338226]
1.7965028224797877  ::  7.414736  ::  [-1.2953836917877197, -0.10409174859523773, 0.055467329919338226]
1.7955056148609656  ::  7.43075  ::  [-1.2922369241714478, -0.10419051349163055, 0.05547027289867401]
1.7955056148609656  ::  7.446409  ::  [-1.2859535217285156, -0.10438715666532516, 0.05547076091170311]
1.7941991277387892  ::  7.462088  ::  [-1.276526927947998, -0.10468198359012604, 0.05547007918357849]
1.7930181453426117  ::  7.477037  ::  [-1.270243763923645, -0.10487683862447739, 0.05546869710087776]
1.7916480520837894  ::  7.49253  ::  [-1.2608134746551514, -0.1051744595170021, 0.055469803512096405]
1.790631634557927  ::  7.508487  ::  [-1.2545307874679565, -0.10536987334489822, 0.05547036975622177]
1.7897665484108625  ::  7.524468  ::  [-1.2482476234436035, -0.10556852072477341, 0.05546795576810837]
1.7893320843466263  ::  7.540426  ::  [-1.2419705390930176, -0.10576439648866653, 0.05546533316373825]
1.7893320843466263  ::  7.555963  ::  [-1.232545018196106, -0.1060575544834137, 0.05546601861715317]
1.7896693249368956  ::  7.571919  ::  [-1.226264238357544, -0.10625739395618439, 0.05546463280916214]
1.791464704193257  ::  7.58785  ::  [-1.2199771404266357, -0.10645363479852676, 0.05546676367521286]
1.791464704193257  ::  7.603571  ::  [-1.2105538845062256, -0.10674994438886642, 0.05546528846025467]
1.7924435556786844  ::  7.618818  ::  [-1.204270362854004, -0.10694648325443268, 0.05546337366104126]
1.7938712786586286  ::  7.634802  ::  [-1.1948426961898804, -0.10724130272865295, 0.05546214058995247]
1.795895149087068  ::  7.650888  ::  [-1.1854208707809448, -0.10753282904624939, 0.05546484515070915]
1.795895149087068  ::  7.665925  ::  [-1.1759963035583496, -0.10783212631940842, 0.05546615272760391]
1.7953741337194429  ::  7.68186  ::  [-1.1697139739990234, -0.10802803933620453, 0.05546747148036957]
1.794490264552161  ::  7.69702  ::  [-1.163422703742981, -0.10822216421365738, 0.05547035485506058]
1.794490264552161  ::  7.712974  ::  [-1.15399968624115, -0.10851945728063583, 0.055467478930950165]
1.7928567821234702  ::  7.728989  ::  [-1.1445608139038086, -0.10881214588880539, 0.055470820516347885]
1.791324044985037  ::  7.743809  ::  [-1.141425609588623, -0.10891012847423553, 0.055471841245889664]
1.791324044985037  ::  7.759767  ::  [-1.1320016384124756, -0.10920636355876923, 0.055470384657382965]
1.789380536001051  ::  7.775712  ::  [-1.1257190704345703, -0.10940246284008026, 0.055466003715991974]
1.7891511910553266  ::  7.7909  ::  [-1.1162834167480469, -0.10969643294811249, 0.05546807125210762]
1.7891511910553266  ::  7.806857  ::  [-1.1068768501281738, -0.10999235510826111, 0.05546656996011734]
1.7893528950792537  ::  7.822785  ::  [-1.1005855798721313, -0.11018792539834976, 0.05546681210398674]
1.7899567264905651  ::  7.838773  ::  [-1.09116530418396, -0.11048533767461777, 0.0554654523730278]
1.7911827454465823  ::  7.854753  ::  [-1.0817406177520752, -0.11077975481748581, 0.05546493083238602]
1.7922211476438359  ::  7.870716  ::  [-1.0754599571228027, -0.11097784340381622, 0.05546466261148453]
1.7946386077231973  ::  7.88665  ::  [-1.069178819656372, -0.11117465794086456, 0.055464740842580795]
1.7946386077231973  ::  7.902181  ::  [-1.0597529411315918, -0.11146791279315948, 0.05546299368143082]
1.7951752044598663  ::  7.918138  ::  [-1.0534613132476807, -0.1116633415222168, 0.05546548590064049]
1.7958163884682012  ::  7.93376  ::  [-1.0471842288970947, -0.11185965687036514, 0.05546625703573227]
1.7962010134958377  ::  7.949718  ::  [-1.0377565622329712, -0.11215552687644958, 0.055468861013650894]
1.7952782976276511  ::  7.96471  ::  [-1.0314744710922241, -0.11235204339027405, 0.05546654760837555]
1.7940448081522293  ::  7.980663  ::  [-1.025184988975525, -0.11254831403493881, 0.055464599281549454]
1.7928873045313236  ::  7.996629  ::  [-1.0157477855682373, -0.1128440573811531, 0.055467210710048676]
1.7928873045313236  ::  8.012611  ::  [-1.0094783306121826, -0.11303947865962982, 0.05546775832772255]
1.7914277784830566  ::  8.028019  ::  [-1.0000486373901367, -0.11333509534597397, 0.05546899884939194]
1.7891205619257673  ::  8.043968  ::  [-0.9906156659126282, -0.1136300265789032, 0.055469345301389694]
1.7886679551715483  ::  8.059921  ::  [-0.9843432903289795, -0.11382691562175751, 0.05546848475933075]
1.7891801126375935  ::  8.075877  ::  [-0.9749157428741455, -0.1141204684972763, 0.05546698719263077]
1.7900169175326257  ::  8.091104  ::  [-0.9654936194419861, -0.11441542953252792, 0.05546505004167557]
1.790796199428242  ::  8.107047  ::  [-0.9560662508010864, -0.11471381783485413, 0.05546266958117485]
1.790796199428242  ::  8.12303  ::  [-0.9497916102409363, -0.11490917950868607, 0.05546332150697708]
1.791497361035226  ::  8.138957  ::  [-0.9435030221939087, -0.11510317027568817, 0.05546381324529648]
1.7931018151599443  ::  8.154243  ::  [-0.9340811371803284, -0.11539997160434723, 0.0554647296667099]
1.7949833188328712  ::  8.170197  ::  [-0.9246543645858765, -0.11569709330797195, 0.05546493083238602]
1.7949833188328712  ::  8.186127  ::  [-0.9183617830276489, -0.11589337140321732, 0.05546228587627411]
1.7955184214656594  ::  8.201786  ::  [-0.9089357256889343, -0.11618909984827042, 0.05546354129910469]
1.7950614391215034  ::  8.217744  ::  [-0.899518609046936, -0.11648040264844894, 0.055468857288360596]
1.793527848209424  ::  8.232673  ::  [-0.8900941610336304, -0.1167735606431961, 0.05546686053276062]
1.793527848209424  ::  8.247836  ::  [-0.883808970451355, -0.11697323620319366, 0.055465687066316605]
1.7920687490479799  ::  8.263347  ::  [-0.8743817210197449, -0.11726595461368561, 0.05546776205301285]
1.7898218302544573  ::  8.279095  ::  [-0.8680931925773621, -0.11746585369110107, 0.055468253791332245]
1.7893622865893624  ::  8.295071  ::  [-0.8586695790290833, -0.11775770783424377, 0.055467937141656876]
1.7888657104923613  ::  8.311012  ::  [-0.8523851037025452, -0.11795452237129211, 0.0554659329354763]
1.7888657104923613  ::  8.325971  ::  [-0.8429605960845947, -0.11824880540370941, 0.055467359721660614]
1.7889226998832486  ::  8.341954  ::  [-0.8366765379905701, -0.11844642460346222, 0.05546168237924576]
1.789494834947943  ::  8.357941  ::  [-0.8303981423377991, -0.11864404380321503, 0.05546475946903229]
1.791651680621786  ::  8.373898  ::  [-0.8241130709648132, -0.11884384602308273, 0.05546487122774124]
1.7932418340379297  ::  8.389826  ::  [-0.814693033695221, -0.119136281311512, 0.0554623082280159]
1.7941997680690238  ::  8.40494  ::  [-0.8052703142166138, -0.11943352967500687, 0.05546101927757263]
1.7953284568293686  ::  8.420694  ::  [-0.7989818453788757, -0.11962687224149704, 0.055466458201408386]
1.7953284568293686  ::  8.436071  ::  [-0.7895596623420715, -0.1199221983551979, 0.055465634912252426]
1.7958215111100788  ::  8.452032  ::  [-0.7832741737365723, -0.12011972814798355, 0.0554654598236084]
1.7955066820780234  ::  8.467986  ::  [-0.77385014295578, -0.1204180121421814, 0.055464260280132294]
1.7955066820780234  ::  8.483944  ::  [-0.7644196152687073, -0.12070827931165695, 0.0554666630923748]
1.7932454625759262  ::  8.499368  ::  [-0.7549871206283569, -0.12100396305322647, 0.05547160655260086]
1.7922147443414889  ::  8.51482  ::  [-0.7392772436141968, -0.12149537354707718, 0.055471718311309814]
1.7922147443414889  ::  8.5308  ::  [-0.7392772436141968, -0.12149537354707718, 0.055471718311309814]
1.7910811463826783  ::  8.546763  ::  [-0.7298575639724731, -0.12179039418697357, 0.05546820908784866]
1.7902392188457685  ::  8.56272  ::  [-0.7235679626464844, -0.12198694050312042, 0.05547061562538147]
1.789934741819174  ::  8.577755  ::  [-0.7141455411911011, -0.1222812682390213, 0.05546876788139343]
1.7905336640320195  ::  8.592611  ::  [-0.7047255039215088, -0.12258047610521317, 0.055463872849941254]
1.7911234081781677  ::  8.60857  ::  [-0.6921608448028564, -0.12296932935714722, 0.05546405166387558]
1.791408568576016  ::  8.624527  ::  [-0.6890150308609009, -0.12306986004114151, 0.055465273559093475]
1.7924335238383409  ::  8.640485  ::  [-0.6890150308609009, -0.12306986004114151, 0.055465273559093475]
1.792941305714449  ::  8.656441  ::  [-0.6827373504638672, -0.12326501309871674, 0.05546291545033455]
1.793729979120174  ::  8.672399  ::  [-0.6795946955680847, -0.12336541712284088, 0.055465277284383774]
1.794839884860301  ::  8.689354  ::  [-0.6670281291007996, -0.1237567588686943, 0.05546397715806961]
1.795501986322969  ::  8.72033  ::  [-0.6670281291007996, -0.1237567588686943, 0.05546397715806961]
1.7958381596961808  ::  8.736286  ::  [-0.6607458591461182, -0.12395761162042618, 0.055465348064899445]
1.7961384745762496  ::  8.751246  ::  [-0.6607458591461182, -0.12395761162042618, 0.055465348064899445]
1.7961384745762496  ::  8.766369  ::  [-0.6576054096221924, -0.12405510991811752, 0.05546532943844795]
1.796493857856502  ::  8.781688  ::  [-0.6544564962387085, -0.12415335327386856, 0.05546257272362709]
1.7964934309696787  ::  8.797681  ::  [-0.645028829574585, -0.12444771081209183, 0.055465180426836014]
1.7958402941302962  ::  8.812877  ::  [-0.6387470960617065, -0.124644435942173, 0.0554690808057785]
1.7958402941302962  ::  8.828815  ::  [-0.6293244361877441, -0.12493809312582016, 0.05546991527080536]
1.79333340126149  ::  8.844796  ::  [-0.6230424046516418, -0.1251349151134491, 0.05546906962990761]
1.7923511346814776  ::  8.860753  ::  [-0.6136007905006409, -0.12543001770973206, 0.05547105148434639]
1.7909569223171489  ::  8.876683  ::  [-0.6073230504989624, -0.12562641501426697, 0.05547156184911728]
1.7909569223171489  ::  8.892659  ::  [-0.5978970527648926, -0.12592236697673798, 0.05546995624899864]
1.7897683626798608  ::  8.907625  ::  [-0.5916181802749634, -0.12611699104309082, 0.05546489357948303]
1.7897683626798608  ::  8.923582  ::  [-0.5821928381919861, -0.12641409039497375, 0.055465903133153915]
1.7899267376912404  ::  8.939594  ::  [-0.572770357131958, -0.12670861184597015, 0.055464282631874084]
1.792077073341031  ::  8.955551  ::  [-0.5633455514907837, -0.12700723111629486, 0.055463798344135284]
1.792077073341031  ::  8.971509  ::  [-0.5539237260818481, -0.12730000913143158, 0.05546393245458603]
1.791887962478386  ::  8.987041  ::  [-0.5444989204406738, -0.12759622931480408, 0.055464889854192734]
1.7934149366447072  ::  9.002729  ::  [-0.5350696444511414, -0.1278907209634781, 0.055462390184402466]
1.7944127845937636  ::  9.018389  ::  [-0.5256473422050476, -0.12818296253681183, 0.05546361580491066]
1.7950469249695171  ::  9.034347  ::  [-0.5162193775177002, -0.12848003208637238, 0.05546814948320389]
1.794862296418515  ::  9.050303  ::  [-0.5067888498306274, -0.12877334654331207, 0.05546889454126358]
1.7925972349350097  ::  9.066242  ::  [-0.4973639249801636, -0.12906751036643982, 0.05547032877802849]
1.7925972349350097  ::  9.081769  ::  [-0.48793429136276245, -0.12936264276504517, 0.055471695959568024]
1.789528025398441  ::  9.09774  ::  [-0.4785078167915344, -0.12965714931488037, 0.05547196418046951]
1.788239787687953  ::  9.113684  ::  [-0.4690854549407959, -0.12995141744613647, 0.05546962469816208]
1.7878341384842777  ::  9.129693  ::  [-0.4596579372882843, -0.13024714589118958, 0.05547022446990013]
1.7878341384842777  ::  9.14544  ::  [-0.45023399591445923, -0.1305399239063263, 0.055468250066041946]
1.7877306184296697  ::  9.161379  ::  [-0.44709983468055725, -0.13064013421535492, 0.05546372011303902]
1.7879695683289145  ::  9.176544  ::  [-0.43767622113227844, -0.1309354603290558, 0.055462442338466644]
1.788948846701165  ::  9.192501  ::  [-0.42824500799179077, -0.13122989237308502, 0.055466584861278534]
1.7905488185142404  ::  9.207458  ::  [-0.41882461309432983, -0.13152459263801575, 0.055462926626205444]
1.7919946841841676  ::  9.22311  ::  [-0.4093974530696869, -0.1318216472864151, 0.05546273663640022]
1.7936066088282907  ::  9.238719  ::  [-0.39997002482414246, -0.1321159303188324, 0.05546284094452858]
1.794478525164525  ::  9.254717  ::  [-0.39054161310195923, -0.13240918517112732, 0.055461954325437546]
1.7949764886437012  ::  9.270633  ::  [-0.3811245262622833, -0.13270461559295654, 0.05546697974205017]
1.794607444985109  ::  9.286617  ::  [-0.3716937303543091, -0.1329982429742813, 0.0554683543741703]
1.7926730073461146  ::  9.302603  ::  [-0.3654065728187561, -0.13319504261016846, 0.0554710254073143]
1.791111668790532  ::  9.317926  ::  [-0.35598286986351013, -0.1334904581308365, 0.05546893924474716]
1.791111668790532  ::  9.33389  ::  [-0.34655216336250305, -0.13378411531448364, 0.05547171086072922]
1.7896640955733123  ::  9.349411  ::  [-0.33713001012802124, -0.13407669961452484, 0.055468905717134476]
1.7884226019699567  ::  9.364934  ::  [-0.3245644271373749, -0.13447310030460358, 0.05546782538294792]
1.7878533483913184  ::  9.380893  ::  [-0.3151373267173767, -0.13476607203483582, 0.055467694997787476]
1.7881498212899793  ::  9.396853  ::  [-0.3088548183441162, -0.13496480882167816, 0.05546286702156067]
1.788354513521668  ::  9.41291  ::  [-0.30257153511047363, -0.1351599097251892, 0.055466555058956146]
1.7902689942016816  ::  9.428866  ::  [-0.29942891001701355, -0.1352611780166626, 0.05546421557664871]
1.7902689942016816  ::  9.44459  ::  [-0.29001155495643616, -0.13555558025836945, 0.055463291704654694]
1.7909791204319514  ::  9.460346  ::  [-0.2868659496307373, -0.1356513947248459, 0.055459700524806976]
1.793002350530156  ::  9.475304  ::  [-0.2774435579776764, -0.13594812154769897, 0.0554652139544487]
1.7937856878505918  ::  9.491259  ::  [-0.27116528153419495, -0.13614396750926971, 0.055461760610342026]
1.7941760758503404  ::  9.506769  ::  [-0.2648649215698242, -0.13633902370929718, 0.05546333268284798]
1.7941760758503404  ::  9.522722  ::  [-0.2617315948009491, -0.13643768429756165, 0.055467598140239716]
1.7947054155110165  ::  9.537717  ::  [-0.2554379999637604, -0.13663554191589355, 0.05546214431524277]
1.7949967657677997  ::  9.553703  ::  [-0.24601507186889648, -0.13692793250083923, 0.055464740842580795]
1.7943903730355495  ::  9.569141  ::  [-0.23659643530845642, -0.13722330331802368, 0.05546901375055313]
1.793224545121593  ::  9.584636  ::  [-0.22716671228408813, -0.13751982152462006, 0.05547096207737923]
1.7916378068000345  ::  9.600229  ::  [-0.21773892641067505, -0.13781310617923737, 0.055471520870923996]
1.7889896143927735  ::  9.616166  ::  [-0.2083154171705246, -0.1381075382232666, 0.05547080188989639]
1.7882707369826296  ::  9.631783  ::  [-0.19888794422149658, -0.13840381801128387, 0.055470071732997894]
1.7880497163299562  ::  9.646438  ::  [-0.18946656584739685, -0.13869887590408325, 0.055468469858169556]
1.7884016845156236  ::  9.662397  ::  [-0.18318098783493042, -0.13889378309249878, 0.055464308708906174]
1.7889587718198028  ::  9.678375  ::  [-0.17690807580947876, -0.13909167051315308, 0.05546408146619797]
1.7889587718198028  ::  9.693378  ::  [-0.17062035202980042, -0.13928790390491486, 0.05546562001109123]
1.7915861534944362  ::  9.708895  ::  [-0.16433943808078766, -0.1394852101802826, 0.05546531826257706]
1.7915861534944362  ::  9.724848  ::  [-0.15177904069423676, -0.1398763209581375, 0.055461958050727844]
1.793989312865223  ::  9.740831  ::  [-0.14547719061374664, -0.1400754451751709, 0.05546405911445618]
1.7948947398170727  ::  9.756771  ::  [-0.136070117354393, -0.1403694748878479, 0.05546557158231735]
1.7948947398170727  ::  9.771895  ::  [-0.12664391100406647, -0.14066490530967712, 0.055463653057813644]
1.7952274980956993  ::  9.787883  ::  [-0.11721480637788773, -0.14095854759216309, 0.05546589940786362]
1.794357929636992  ::  9.803842  ::  [-0.1077786311507225, -0.1412554383277893, 0.055463969707489014]
1.7932441819154568  ::  9.819795  ::  [-0.10464566946029663, -0.14135217666625977, 0.05546567961573601]
1.7917633115260334  ::  9.835244  ::  [-0.09522084891796112, -0.14164666831493378, 0.055466823279857635]
1.7917633115260334  ::  9.850648  ::  [-0.08579041063785553, -0.14194005727767944, 0.05546889454126358]
1.790721494234195  ::  9.866048  ::  [-0.07950850576162338, -0.14213605225086212, 0.055469658225774765]
1.7881218602030646  ::  9.881556  ::  [-0.07008074223995209, -0.14242970943450928, 0.055467747151851654]
1.787976078352967  ::  9.897558  ::  [-0.05751558393239975, -0.14282633364200592, 0.055466484278440475]
1.787976078352967  ::  9.913059  ::  [-0.05123577639460564, -0.14302246272563934, 0.055465009063482285]
1.7883107576222976  ::  9.928272  ::  [-0.04494765028357506, -0.14322076737880707, 0.05546606332063675]
1.7909315225511728  ::  9.943911  ::  [-0.03552524745464325, -0.14351512491703033, 0.055464647710323334]
1.7909315225511728  ::  9.959729  ::  [-0.022961042821407318, -0.14390814304351807, 0.055464401841163635]
1.7924907266726398  ::  9.975655  ::  [-0.013536962680518627, -0.14420275390148163, 0.05546417087316513]
1.7938904885656692  ::  9.990657  ::  [-0.0041128345765173435, -0.14449602365493774, 0.055464811623096466]
1.7948791584480286  ::  10.005989  ::  [0.0053154476918280125, -0.1447904258966446, 0.05546577647328377]
1.7949901490220412  ::  10.021139  ::  [0.011594867333769798, -0.1449892520904541, 0.05546589195728302]
1.7942046772674898  ::  10.036439  ::  [0.021028002724051476, -0.1452823281288147, 0.055467329919338226]
1.7942046772674898  ::  10.052397  ::  [0.030457302927970886, -0.14557728171348572, 0.05546731874346733]
1.7926860273942198  ::  10.068356  ::  [0.039887331426143646, -0.14587128162384033, 0.055468473583459854]
1.7911385626603888  ::  10.084312  ::  [0.04930402711033821, -0.14616620540618896, 0.0554681159555912]
1.7900879941886763  ::  10.100034  ::  [0.05558841675519943, -0.14636147022247314, 0.055467087775468826]
1.7893019888255959  ::  10.115541  ::  [0.06188109517097473, -0.14656011760234833, 0.05546778440475464]
1.7884079810962645  ::  10.130935  ::  [0.07129806280136108, -0.14685362577438354, 0.05546719580888748]
1.788444373197936  ::  10.146612  ::  [0.08072106540203094, -0.14714956283569336, 0.055465832352638245]
1.788444373197936  ::  10.16257  ::  [0.09014178812503815, -0.1474442034959793, 0.05546296760439873]
1.7893378473187385  ::  10.178526  ::  [0.09642279148101807, -0.14763663709163666, 0.05545952543616295]
1.7893378473187385  ::  10.194514  ::  [0.10584361106157303, -0.14792948961257935, 0.05545579269528389]
1.7902963149583615  ::  10.210466  ::  [0.1152583435177803, -0.1482205092906952, 0.05545283108949661]
1.7888199268805811  ::  10.226511  ::  [0.12154679000377655, -0.1484159231185913, 0.055454909801483154]
1.7887453284082397  ::  10.242492  ::  [0.12783178687095642, -0.1486169993877411, 0.05545812100172043]
1.7892314457780742  ::  10.258421  ::  [0.13411766290664673, -0.1488175094127655, 0.05546339601278305]
1.7871794008193087  ::  10.274028  ::  [0.14354103803634644, -0.149113267660141, 0.05546508729457855]
1.7870490936165495  ::  10.289758  ::  [0.15297241508960724, -0.14940476417541504, 0.05546576902270317]
1.7847296040630953  ::  10.305689  ::  [0.16240736842155457, -0.14969976246356964, 0.055466774851083755]
1.7847296040630953  ::  10.321665  ::  [0.17182476818561554, -0.14999105036258698, 0.05546746775507927]
1.7832938769552176  ::  10.337623  ::  [0.1812504529953003, -0.15028658509254456, 0.055467646569013596]
1.7829876923813306  ::  10.353585  ::  [0.19066977500915527, -0.15058282017707825, 0.05546346679329872]
1.7829876923813306  ::  10.369542  ::  [0.2000901997089386, -0.15088531374931335, 0.05545031279325485]
1.7861453742119922  ::  10.385476  ::  [0.2095220535993576, -0.15117746591567993, 0.055450908839702606]
1.7861453742119922  ::  10.401433  ::  [0.21894106268882751, -0.15146112442016602, 0.05546025186777115]
1.787729124325789  ::  10.417418  ::  [0.2283698320388794, -0.15175706148147583, 0.05546524375677109]
1.787729124325789  ::  10.432701  ::  [0.23465189337730408, -0.15195202827453613, 0.05546080693602562]
1.789461537775739  ::  10.448307  ::  [0.24408268928527832, -0.15224772691726685, 0.055463727563619614]
1.7909703692520773  ::  10.464318  ::  [0.25349730253219604, -0.15254175662994385, 0.05546187609434128]
1.7923144224146887  ::  10.48044  ::  [0.2629285454750061, -0.1528356671333313, 0.05546677112579346]
1.7929336217516327  ::  10.496399  ::  [0.27235740423202515, -0.15313026309013367, 0.05546888709068298]
1.7920612785285752  ::  10.512352  ::  [0.2817772626876831, -0.15342415869235992, 0.055465057492256165]
1.7920612785285752  ::  10.528316  ::  [0.2912077009677887, -0.15371885895729065, 0.05546857789158821]
1.7905424152118936  ::  10.543273  ::  [0.29748690128326416, -0.15391525626182556, 0.05546581372618675]
1.7905424152118936  ::  10.558261  ::  [0.30377691984176636, -0.15411436557769775, 0.05546709522604942]
1.7894462765718124  ::  10.574218  ::  [0.3100653886795044, -0.15430691838264465, 0.055471133440732956]
1.787835525866453  ::  10.590148  ::  [0.31949135661125183, -0.15460121631622314, 0.05547039955854416]
1.7866529426446887  ::  10.606196  ::  [0.32891789078712463, -0.15489619970321655, 0.055469900369644165]
1.7858847598064738  ::  10.622142  ::  [0.33834031224250793, -0.15519022941589355, 0.05546800047159195]
1.7861329944941216  ::  10.637723  ::  [0.3477711081504822, -0.15548723936080933, 0.05546422675251961]
1.7861329944941216  ::  10.653706  ::  [0.3509036898612976, -0.15558551251888275, 0.05546531826257706]
1.7866074791980258  ::  10.669682  ::  [0.35718655586242676, -0.15578049421310425, 0.055465128272771835]
1.7869735346488562  ::  10.685593  ::  [0.3603406846523285, -0.15588004887104034, 0.05546281486749649]
1.789838585562265  ::  10.701579  ::  [0.36974841356277466, -0.1561727225780487, 0.05546358972787857]
1.789838585562265  ::  10.717535  ::  [0.3791734278202057, -0.15646924078464508, 0.055464357137680054]
1.792208341039142  ::  10.733493  ::  [0.388600617647171, -0.15676221251487732, 0.05546555295586586]
1.792208341039142  ::  10.749014  ::  [0.39802315831184387, -0.15705561637878418, 0.05546453967690468]
1.7928055557046951  ::  10.764642  ::  [0.40745121240615845, -0.15735024213790894, 0.05546485632658005]
1.7915061122151001  ::  10.780568  ::  [0.41688165068626404, -0.15764407813549042, 0.055465035140514374]
1.7899190537284242  ::  10.796527  ::  [0.4263084828853607, -0.15793927013874054, 0.0554700568318367]
1.7899190537284242  ::  10.812482  ::  [0.43573400378227234, -0.15823595225811005, 0.055469147861003876]
1.788450776500283  ::  10.828224  ::  [0.44516250491142273, -0.15852755308151245, 0.05547076091170311]
1.7860880646559876  ::  10.844179  ::  [0.4545864164829254, -0.1588210165500641, 0.05546902120113373]
1.7856832692259585  ::  10.860139  ::  [0.46715041995048523, -0.1592157483100891, 0.05546484515070915]
1.7856832692259585  ::  10.876127  ::  [0.47657233476638794, -0.1595100313425064, 0.0554620623588562]
1.786912596554855  ::  10.891652  ::  [0.49227479100227356, -0.16000178456306458, 0.05546359717845917]
1.786912596554855  ::  10.907608  ::  [0.49227479100227356, -0.16000178456306458, 0.05546359717845917]
1.7884189734319602  ::  10.923663  ::  [0.5017024278640747, -0.16029523313045502, 0.05546330660581589]
1.7898500047847836  ::  10.939095  ::  [0.5111247301101685, -0.16059018671512604, 0.055462948977947235]
1.7925891240853702  ::  10.955046  ::  [0.5205516815185547, -0.16088470816612244, 0.05546317994594574]
1.7925891240853702  ::  10.970985  ::  [0.529973030090332, -0.16117988526821136, 0.055461715906858444]
1.792999362322394  ::  10.986676  ::  [0.5394065976142883, -0.16147291660308838, 0.05546743422746658]
1.7930540038357543  ::  11.002635  ::  [0.5425410270690918, -0.1615726202726364, 0.055464792996644974]
1.7919537030491475  ::  11.017801  ::  [0.548830509185791, -0.16176700592041016, 0.05546603724360466]
1.7919537030491475  ::  11.033783  ::  [0.558256208896637, -0.16206184029579163, 0.05546705052256584]
1.790171984171126  ::  11.048963  ::  [0.5676884055137634, -0.16235530376434326, 0.05547041445970535]
1.7893415825784407  ::  11.064843  ::  [0.5739732384681702, -0.16255438327789307, 0.055468108505010605]
1.786184007469485  ::  11.0808  ::  [0.5834071040153503, -0.16284434497356415, 0.055466845631599426]
1.7861543388352779  ::  11.096517  ::  [0.5928241014480591, -0.16314223408699036, 0.05546298995614052]
1.7861543388352779  ::  11.112501  ::  [0.5991067290306091, -0.1633370816707611, 0.055468861013650894]
1.7865065204643567  ::  11.128458  ::  [0.6085283756256104, -0.1636321097612381, 0.055466316640377045]
1.7865065204643567  ::  11.14342  ::  [0.6179508566856384, -0.1639273464679718, 0.055462904274463654]
1.7877855801081473  ::  11.15838  ::  [0.6273707151412964, -0.16422215104103088, 0.05546315759420395]
1.7899546987781552  ::  11.174338  ::  [0.6336578130722046, -0.16441763937473297, 0.055464476346969604]
1.7914252171621177  ::  11.19029  ::  [0.6399349570274353, -0.16461597383022308, 0.055460672825574875]
1.7924051358646031  ::  11.206229  ::  [0.6493604183197021, -0.16491132974624634, 0.05546126514673233]
1.7924051358646031  ::  11.222209  ::  [0.6556491255760193, -0.16510625183582306, 0.055465199053287506]
1.7930324460511864  ::  11.238195  ::  [0.6650717258453369, -0.16539748013019562, 0.055464327335357666]
1.7932104578564299  ::  11.254155  ::  [0.6682180166244507, -0.16549763083457947, 0.05546427518129349]
1.7931186771894578  ::  11.270107  ::  [0.6713557243347168, -0.1655953824520111, 0.05546466261148453]
1.7931186771894578  ::  11.286061  ::  [0.6807813048362732, -0.16589178144931793, 0.05546531453728676]
1.7911099612432393  ::  11.301859  ::  [0.6902178525924683, -0.16618475317955017, 0.05547018349170685]
1.7895815996947433  ::  11.317008  ::  [0.6964998245239258, -0.16638068854808807, 0.05546993762254715]
1.7895815996947433  ::  11.332966  ::  [0.7059277296066284, -0.16667558252811432, 0.05547080188989639]
1.7867121731913975  ::  11.348928  ::  [0.7153539657592773, -0.16696982085704803, 0.05547048896551132]
1.7867121731913975  ::  11.364937  ::  [0.7247743606567383, -0.16726328432559967, 0.05546737462282181]
1.7859621330431654  ::  11.379922  ::  [0.7341959476470947, -0.16755744814872742, 0.05546394735574722]
1.7860231778588724  ::  11.395277  ::  [0.7436251640319824, -0.16785363852977753, 0.055464424192905426]
1.7860231778588724  ::  11.410285  ::  [0.7436251640319824, -0.16785363852977753, 0.055464424192905426]
1.7862792032310422  ::  11.426243  ::  [0.7467584609985352, -0.16795404255390167, 0.05546210706233978]
1.7870279627188048  ::  11.441782  ::  [0.7530552744865417, -0.1681511104106903, 0.05546299368143082]
1.7884646503220345  ::  11.457739  ::  [0.7624635696411133, -0.16844326257705688, 0.0554618313908577]
1.7899622760192657  ::  11.473697  ::  [0.7718918323516846, -0.16873548924922943, 0.05546072870492935]
1.7920241393749632  ::  11.488883  ::  [0.7813156247138977, -0.16902951896190643, 0.05546192079782486]
1.792883675993327  ::  11.504842  ::  [0.787600576877594, -0.1692296862602234, 0.05546287074685097]
1.793192315166447  ::  11.520315  ::  [0.7970335483551025, -0.1695231795310974, 0.055465251207351685]
1.7931398080872025  ::  11.536272  ::  [0.8033125400543213, -0.16972024738788605, 0.05546696484088898]
1.7925201818634355  ::  11.55223  ::  [0.8095962405204773, -0.169918030500412, 0.05546592175960541]
1.7918802785155699  ::  11.568188  ::  [0.8158844709396362, -0.17011398077011108, 0.055462904274463654]
1.7907163715923173  ::  11.584144  ::  [0.8221642971038818, -0.17030812799930573, 0.05546757951378822]
1.7899998420597008  ::  11.599733  ::  [0.8284565210342407, -0.17050236463546753, 0.055468302220106125]
1.7883395724828588  ::  11.615668  ::  [0.8347375392913818, -0.17070013284683228, 0.05546984821557999]
1.7875496184166644  ::  11.631626  ::  [0.8441598415374756, -0.17099405825138092, 0.055467747151851654]
1.7875496184166644  ::  11.647583  ::  [0.8504495620727539, -0.17119115591049194, 0.05546654015779495]
1.7866060918158506  ::  11.663571  ::  [0.8598687648773193, -0.17148332297801971, 0.05546567589044571]
1.7863184768187697  ::  11.679526  ::  [0.8661506175994873, -0.17168110609054565, 0.05546455830335617]
1.7870542162584269  ::  11.694462  ::  [0.8755757808685303, -0.17197662591934204, 0.05546315759420395]
1.7870542162584269  ::  11.710437  ::  [0.8850094079971313, -0.1722719967365265, 0.055462099611759186]
1.7889553567252177  ::  11.726414  ::  [0.8912773728370667, -0.1724674552679062, 0.05546409636735916]
1.7889553567252177  ::  11.742329  ::  [0.8975739479064941, -0.17266568541526794, 0.05546579882502556]
1.7895408320031347  ::  11.75831  ::  [0.9007096290588379, -0.17276518046855927, 0.05546490475535393]
1.7907991876360039  ::  11.77428  ::  [0.9101364612579346, -0.17305868864059448, 0.05546656996011734]
1.7918205143603323  ::  11.789721  ::  [0.9195563793182373, -0.17334963381290436, 0.055463217198848724]
1.792366075720287  ::  11.805678  ::  [0.9289888143539429, -0.17364566028118134, 0.05546281114220619]
1.7924181559127084  ::  11.821636  ::  [0.9352620244026184, -0.1738429069519043, 0.05546410754323006]
1.7913061157384658  ::  11.837544  ::  [0.9446953535079956, -0.174136221408844, 0.05546756833791733]
1.790753724189341  ::  11.852913  ::  [0.9541266560554504, -0.17443010210990906, 0.05546516552567482]
1.790753724189341  ::  11.868356  ::  [0.9604018330574036, -0.17462900280952454, 0.05546581372618675]
1.7875113053242888  ::  11.883896  ::  [0.969835102558136, -0.17492087185382843, 0.05547062307596207]
1.7875113053242888  ::  11.899852  ::  [0.9792619943618774, -0.1752150058746338, 0.05547003448009491]
1.7868391720212773  ::  11.915409  ::  [0.9792619943618774, -0.1752150058746338, 0.05547003448009491]
1.7868391720212773  ::  11.930762  ::  [0.9855507612228394, -0.17541098594665527, 0.05546487867832184]
1.7860514591109045  ::  11.946719  ::  [0.994979739189148, -0.17570644617080688, 0.05546364560723305]
1.7863621259964342  ::  11.962673  ::  [1.0043867826461792, -0.17600013315677643, 0.055462926626205444]
1.7863621259964342  ::  11.978607  ::  [1.0106734037399292, -0.1761949211359024, 0.05546453595161438]
1.787038101280854  ::  11.994592  ::  [1.0200908184051514, -0.1764896661043167, 0.0554596371948719]
1.788592823090678  ::  12.00955  ::  [1.0295276641845703, -0.17678700387477875, 0.05546272546052933]
1.7917223303910133  ::  12.025506  ::  [1.0389472246170044, -0.1770825982093811, 0.05546627193689346]
1.7917223303910133  ::  12.041439  ::  [1.048370122909546, -0.1773763746023178, 0.05546540766954422]
1.792220080426778  ::  12.057419  ::  [1.0546512603759766, -0.17757096886634827, 0.055463794618844986]
1.7925116441269728  ::  12.073379  ::  [1.0640805959701538, -0.17786841094493866, 0.05546720325946808]
1.7925116441269728  ::  12.089332  ::  [1.0735009908676147, -0.17816048860549927, 0.05546390637755394]
1.7914262843791755  ::  12.105274  ::  [1.0829333066940308, -0.17845222353935242, 0.055467136204242706]
1.790631634557927  ::  12.121231  ::  [1.0892186164855957, -0.17865055799484253, 0.055469319224357605]
1.7893303767993336  ::  12.136583  ::  [1.098648190498352, -0.1789453625679016, 0.05547070875763893]
1.7886106456155435  ::  12.15254  ::  [1.1049329042434692, -0.17913970351219177, 0.05546874925494194]
1.7868895446664061  ::  12.168498  ::  [1.1143620014190674, -0.17943531274795532, 0.05546889826655388]
1.7863028954497255  ::  12.184455  ::  [1.1174978017807007, -0.17953279614448547, 0.05546795204281807]
1.786083902509462  ::  12.199625  ::  [1.123779058456421, -0.17973092198371887, 0.05546168237924576]
1.786012078801471  ::  12.215374  ::  [1.130059838294983, -0.17992651462554932, 0.05546550825238228]
1.786779728031157  ::  12.231329  ::  [1.1363389492034912, -0.18012210726737976, 0.055463094264268875]
1.7870168636614034  ::  12.247287  ::  [1.1457685232162476, -0.18041858077049255, 0.055465519428253174]
1.7870168636614034  ::  12.262646  ::  [1.148916244506836, -0.18051785230636597, 0.05546603351831436]
1.7878599651370768  ::  12.278147  ::  [1.1551964282989502, -0.18071389198303223, 0.05546688288450241]
1.789323866775281  ::  12.293856  ::  [1.1646233797073364, -0.1810082644224167, 0.05546683818101883]
1.790911885757309  ::  12.309813  ::  [1.1740467548370361, -0.18130286037921906, 0.05546693131327629]
1.7919494341809163  ::  12.325742  ::  [1.1834721565246582, -0.18159735202789307, 0.05546785145998001]
1.7927758870704877  ::  12.340801  ::  [1.19289231300354, -0.1818927824497223, 0.055465519428253174]
1.7933139779110379  ::  12.356678  ::  [1.2023227214813232, -0.18218667805194855, 0.055467888712882996]
1.7926900828190395  ::  12.371809  ::  [1.211743950843811, -0.18248140811920166, 0.05546677112579346]
1.791816245492101  ::  12.387807  ::  [1.2180343866348267, -0.18267355859279633, 0.05546729266643524]
1.790338576753851  ::  12.403746  ::  [1.2274552583694458, -0.18296819925308228, 0.055464837700128555]
1.7891216291428251  ::  12.419708  ::  [1.2337455749511719, -0.1831655502319336, 0.055466797202825546]
1.7869186796920846  ::  12.43466  ::  [1.2400305271148682, -0.1833619773387909, 0.055469974875450134]
1.7869186796920846  ::  12.449722  ::  [1.2494516372680664, -0.1836564540863037, 0.05546749010682106]
1.7865381100892679  ::  12.465724  ::  [1.2588717937469482, -0.18395161628723145, 0.05546388402581215]
1.7867986177730804  ::  12.481681  ::  [1.268304705619812, -0.1842484325170517, 0.0554676428437233]
1.7878395812912726  ::  12.497644  ::  [1.2745829820632935, -0.18444451689720154, 0.05546427145600319]
1.7897576905092827  ::  12.513601  ::  [1.2840160131454468, -0.18473856151103973, 0.05546668916940689]
1.7912706841321462  ::  12.529558  ::  [1.2934383153915405, -0.18503381311893463, 0.05546668544411659]
1.7912706841321462  ::  12.545632  ::  [1.3028643131256104, -0.18532857298851013, 0.055466294288635254]
1.79275432928592  ::  12.561589  ::  [1.31229829788208, -0.18562349677085876, 0.05546436458826065]
1.7935466312296415  ::  12.577381  ::  [1.321712613105774, -0.18591782450675964, 0.05546816810965538]
1.7939747987132366  ::  12.59304  ::  [1.3311364650726318, -0.18621310591697693, 0.05546773225069046]
1.7928674542940484  ::  12.608025  ::  [1.3405643701553345, -0.18650585412979126, 0.05546664819121361]
1.7928674542940484  ::  12.623957  ::  [1.3468470573425293, -0.18670250475406647, 0.055466968566179276]
