1.4336219155095917  ::  0.015516  ::  [-4.649745464324951, 9.930091619025916e-05, 0.055466178804636]
1.438962483110307  ::  0.031474  ::  [-4.649746417999268, 9.942747419700027e-05, 0.055466316640377045]
1.438962483110307  ::  0.047439  ::  [-4.650130748748779, 0.00010971839219564572, 0.05609946325421333]
1.4613373290576226  ::  0.063429  ::  [-4.647865295410156, 5.177493585506454e-05, 0.056704264134168625]
1.4691963154713683  ::  0.079393  ::  [-4.6345343589782715, -0.0003096085856668651, 0.0560758039355278]
1.6447598180624936  ::  0.095368  ::  [-4.618039131164551, -0.00041207042522728443, 0.05554378405213356]
1.6447598180624936  ::  0.110702  ::  [-4.6136651039123535, -0.0005382433300837874, 0.05592527240514755]
1.6817394227242946  ::  0.126634  ::  [-4.600818634033203, -0.0007582285325042903, 0.0554763600230217]
1.6817394227242946  ::  0.1426  ::  [-4.591165542602539, -0.0010355712147429585, 0.055485304445028305]
1.675586489499171  ::  0.15858  ::  [-4.581619739532471, -0.0013173260958865285, 0.05546870082616806]
1.674069227008076  ::  0.17451  ::  [-4.572192668914795, -0.0015905542531982064, 0.05546608567237854]
1.6710403582762927  ::  0.19049  ::  [-4.562767505645752, -0.001864979392848909, 0.055465470999479294]
1.6710403582762927  ::  0.206022  ::  [-4.553333282470703, -0.0021411837078630924, 0.055471036583185196]
1.6701308758996232  ::  0.221478  ::  [-4.54705286026001, -0.002322586253285408, 0.05546339973807335]
1.6689588581267314  ::  0.23746  ::  [-4.53762674331665, -0.0026004521641880274, 0.05546792596578598]
1.6682143675071999  ::  0.253036  ::  [-4.5281982421875, -0.0028746258467435837, 0.05546743795275688]
1.6688446659015452  ::  0.2681  ::  [-4.51877498626709, -0.003149614203721285, 0.05546221137046814]
1.6707666171009634  ::  0.283982  ::  [-4.509345531463623, -0.003428179305046797, 0.05546567216515541]
1.6707666171009634  ::  0.299954  ::  [-4.503063678741455, -0.0036092097871005535, 0.055467426776885986]
1.672415254011875  ::  0.315465  ::  [-4.493641376495361, -0.00388326239772141, 0.05546615272760391]
1.672936376101206  ::  0.331423  ::  [-4.49049186706543, -0.003977219574153423, 0.05546470358967781]
1.674381281275781  ::  0.347295  ::  [-4.481078147888184, -0.004252343438565731, 0.055467549711465836]
1.6751934334567777  ::  0.363252  ::  [-4.471646308898926, -0.00452848244458437, 0.05546800047159195]
1.6755394252269213  ::  0.37921  ::  [-4.462223052978516, -0.0048034824430942535, 0.05546235293149948]
1.6739293148517966  ::  0.39518  ::  [-4.452796936035156, -0.005078377202153206, 0.055466897785663605]
1.6739293148517966  ::  0.410128  ::  [-4.4433674812316895, -0.005350823979824781, 0.055468954145908356]
1.6728979562871247  ::  0.425655  ::  [-4.43707275390625, -0.005533927120268345, 0.05546443909406662]
1.670225217887534  ::  0.441579  ::  [-4.430803298950195, -0.005717032589018345, 0.05546983703970909]
1.670225217887534  ::  0.456782  ::  [-4.424514293670654, -0.005900599993765354, 0.05546789988875389]
1.6678875856440971  ::  0.47274  ::  [-4.405666828155518, -0.006450015120208263, 0.055467043071985245]
1.6678875856440971  ::  0.488726  ::  [-4.405666828155518, -0.006450015120208263, 0.055467043071985245]
1.667048753036655  ::  0.50428  ::  [-4.396235942840576, -0.006723660975694656, 0.055467743426561356]
1.6676145915207081  ::  0.520237  ::  [-4.386812210083008, -0.007003731094300747, 0.05546595901250839]
1.6699773033650036  ::  0.535911  ::  [-4.380529880523682, -0.007183178327977657, 0.05546512082219124]
1.6699773033650036  ::  0.551209  ::  [-4.367965221405029, -0.007552626077085733, 0.055466197431087494]
1.670668112966527  ::  0.566234  ::  [-4.361683368682861, -0.007733193691819906, 0.05546422675251961]
1.6734595259029466  ::  0.582127  ::  [-4.352255821228027, -0.008010780438780785, 0.05546499416232109]
1.6734595259029466  ::  0.598085  ::  [-4.345971584320068, -0.008194905705749989, 0.05546659603714943]
1.6744884298683855  ::  0.61404  ::  [-4.336548805236816, -0.008470134809613228, 0.05546443909406662]
1.6744884298683855  ::  0.629999  ::  [-4.327123165130615, -0.00874398835003376, 0.055466923862695694]
1.6745706055818372  ::  0.64597  ::  [-4.323974609375, -0.00883540790528059, 0.055470310151576996]
1.6726815246678  ::  0.661892  ::  [-4.314554214477539, -0.009109973907470703, 0.05546874180436134]
1.6726815246678  ::  0.677851  ::  [-4.305121421813965, -0.009385762736201286, 0.055469952523708344]
1.6714736484017654  ::  0.693806  ::  [-4.2988386154174805, -0.009567084722220898, 0.05546810105443001]
1.6689811629632396  ::  0.709764  ::  [-4.292552947998047, -0.009751176461577415, 0.055466968566179276]
1.6689811629632396  ::  0.725731  ::  [-4.286266803741455, -0.009931734763085842, 0.055469051003456116]
1.6682707165678525  ::  0.741688  ::  [-4.276846408843994, -0.010206015780568123, 0.05546712502837181]
1.6673330596608567  ::  0.757327  ::  [-4.267422199249268, -0.010484308935701847, 0.05546598508954048]
1.6674410620271076  ::  0.772721  ::  [-4.257996082305908, -0.010760369710624218, 0.055465955287218094]
1.6674410620271076  ::  0.788702  ::  [-4.257996082305908, -0.010760369710624218, 0.055465955287218094]
1.6677390290296494  ::  0.804633  ::  [-4.248569488525391, -0.011036637239158154, 0.05546613037586212]
1.6691145650954664  ::  0.820618  ::  [-4.245424747467041, -0.011127716861665249, 0.05546708405017853]
1.6691145650954664  ::  0.836604  ::  [-4.23914098739624, -0.011308575049042702, 0.05546591058373451]
1.6705727037615583  ::  0.852235  ::  [-4.229708194732666, -0.011584920808672905, 0.05545917898416519]
1.6727474786819727  ::  0.868193  ::  [-4.220295429229736, -0.011861439794301987, 0.055463217198848724]
1.675085964699056  ::  0.883357  ::  [-4.210855484008789, -0.012136838398873806, 0.055464908480644226]
1.675085964699056  ::  0.899314  ::  [-4.204583644866943, -0.012321923859417439, 0.05546516552567482]
1.6749299375652034  ::  0.914274  ::  [-4.195152282714844, -0.01259099505841732, 0.05546695739030838]
1.6743463832779903  ::  0.930234  ::  [-4.188872814178467, -0.012774740345776081, 0.05546734482049942]
1.6743463832779903  ::  0.946189  ::  [-4.182589054107666, -0.012960009276866913, 0.055468205362558365]
1.6723870794815487  ::  0.962146  ::  [-4.176303863525391, -0.013144063763320446, 0.0554683655500412]
1.6723870794815487  ::  0.978114  ::  [-4.170008182525635, -0.01332554779946804, 0.055466506630182266]
1.6697996117248777  ::  0.994043  ::  [-4.163735866546631, -0.013510016724467278, 0.05546749010682106]
1.6697996117248777  ::  1.010001  ::  [-4.154302597045898, -0.013782898895442486, 0.05546901002526283]
1.6687701741509098  ::  1.025626  ::  [-4.14802360534668, -0.013966751284897327, 0.055470023304224014]
1.6679344364729352  ::  1.041611  ::  [-4.1417412757873535, -0.014149228110909462, 0.055465154349803925]
1.6679344364729352  ::  1.057299  ::  [-4.138599395751953, -0.014243541285395622, 0.05546746402978897]
1.6684056128039604  ::  1.073147  ::  [-4.129169464111328, -0.01451852172613144, 0.05546938255429268]
1.6684056128039604  ::  1.089146  ::  [-4.119742393493652, -0.014795156195759773, 0.05546624958515167]
1.6693470049706585  ::  1.105091  ::  [-4.110321998596191, -0.015068416483700275, 0.055465590208768845]
1.6698281064203213  ::  1.121047  ::  [-4.10718297958374, -0.015160515904426575, 0.055464401841163635]
1.6706551996401275  ::  1.137004  ::  [-4.10089635848999, -0.015343567356467247, 0.05546630918979645]
1.6725744827969011  ::  1.151967  ::  [-4.091474533081055, -0.015619009733200073, 0.055465150624513626]
1.67393454421538  ::  1.167923  ::  [-4.082050323486328, -0.015895556658506393, 0.05546581745147705]
1.674490137415678  ::  1.183951  ::  [-4.075752258300781, -0.01607559248805046, 0.0554657019674778]
1.6749474399249515  ::  1.198835  ::  [-4.066341876983643, -0.016349243000149727, 0.055465295910835266]
1.6742051904612416  ::  1.214768  ::  [-4.056910514831543, -0.01662602648139, 0.0554688535630703]
1.6732128920408857  ::  1.230726  ::  [-4.047482490539551, -0.016900327056646347, 0.05547076836228371]
1.6720887923138896  ::  1.246711  ::  [-4.03806209564209, -0.017175326123833656, 0.05546785518527031]
1.6701775132850496  ::  1.262668  ::  [-4.028631687164307, -0.017448678612709045, 0.0554686076939106]
1.667409579123902  ::  1.278623  ::  [-4.019205570220947, -0.017725618556141853, 0.05546785518527031]
1.6677786227824942  ::  1.293761  ::  [-4.009781837463379, -0.017999151721596718, 0.05546632036566734]
1.6677786227824942  ::  1.309694  ::  [-4.0003533363342285, -0.01827075146138668, 0.05546571686863899]
1.6679634647769077  ::  1.325652  ::  [-3.994070053100586, -0.01845542900264263, 0.05546620488166809]
1.6683750903961068  ::  1.341609  ::  [-3.984647512435913, -0.01873195357620716, 0.05546668916940689]
1.6696325922553297  ::  1.357334  ::  [-3.9752206802368164, -0.01900693029165268, 0.05546465888619423]
1.673424201018333  ::  1.372507  ::  [-3.965792179107666, -0.01928357593715191, 0.05546451359987259]
1.674054072525855  ::  1.388464  ::  [-3.956366777420044, -0.019557030871510506, 0.055465731769800186]
1.674054072525855  ::  1.404421  ::  [-3.946936845779419, -0.019830921664834023, 0.05546706169843674]
1.6748916244728278  ::  1.420378  ::  [-3.93751859664917, -0.02010631375014782, 0.055463530123233795]
1.6746712441503893  ::  1.436308  ::  [-3.9280874729156494, -0.02038089744746685, 0.05547042936086655]
1.672834777037302  ::  1.452274  ::  [-3.9186582565307617, -0.02065696381032467, 0.05546737089753151]
1.672834777037302  ::  1.468261  ::  [-3.912377119064331, -0.020838255062699318, 0.05546808987855911]
1.6705910598949527  ::  1.484189  ::  [-3.906092882156372, -0.021019626408815384, 0.055466048419475555]
1.6705910598949527  ::  1.500177  ::  [-3.8998093605041504, -0.02120552584528923, 0.05546880140900612]
1.669439959576394  ::  1.516109  ::  [-3.893524646759033, -0.021388405933976173, 0.05546963959932327]
1.6680939854230785  ::  1.532067  ::  [-3.8841042518615723, -0.02166241779923439, 0.0554654560983181]
1.6670598520940563  ::  1.547835  ::  [-3.8746750354766846, -0.021938620135188103, 0.0554649718105793]
1.6673458662655505  ::  1.563791  ::  [-3.868387222290039, -0.022123286500573158, 0.05546575412154198]
1.66795353965827  ::  1.579331  ::  [-3.858952283859253, -0.02239777334034443, 0.05546493083238602]
1.6688562985674753  ::  1.595338  ::  [-3.855818510055542, -0.02248944714665413, 0.055467285215854645]
1.6688562985674753  ::  1.61128  ::  [-3.8495354652404785, -0.022673415020108223, 0.05546746402978897]
1.6704061111788335  ::  1.627239  ::  [-3.843257188796997, -0.022855553776025772, 0.0554637610912323]
1.6704061111788335  ::  1.643197  ::  [-3.836974620819092, -0.023040398955345154, 0.05546433478593826]
1.6714511301218455  ::  1.659148  ::  [-3.830687999725342, -0.02322249487042427, 0.05546524375677109]
1.6732841821403477  ::  1.675112  ::  [-3.821260452270508, -0.023496124893426895, 0.055466677993535995]
1.6732841821403477  ::  1.691045  ::  [-3.8149678707122803, -0.023680511862039566, 0.05546507239341736]
1.673964746458116  ::  1.707003  ::  [-3.8086934089660645, -0.023863861337304115, 0.05546800047159195]
1.6742701839800624  ::  1.72296  ::  [-3.799267053604126, -0.0241396464407444, 0.055467765778303146]
1.6740456415110982  ::  1.738917  ::  [-3.796121597290039, -0.02423280104994774, 0.0554686114192009]
1.6732817275411147  ::  1.754876  ::  [-3.789839267730713, -0.02441275492310524, 0.05546896904706955]
1.6732817275411147  ::  1.770833  ::  [-3.7835566997528076, -0.024594765156507492, 0.05546865984797478]
1.6728403265660026  ::  1.785792  ::  [-3.780409097671509, -0.02468816749751568, 0.05547071620821953]
1.6719175039761105  ::  1.801749  ::  [-3.774115562438965, -0.024870123714208603, 0.055468712002038956]
1.6699181795400009  ::  1.817707  ::  [-3.770981788635254, -0.024962758645415306, 0.05546899139881134]
1.6693923616956157  ::  1.833664  ::  [-3.764699935913086, -0.02514568902552128, 0.05546731501817703]
1.6687653716741495  ::  1.848791  ::  [-3.7584128379821777, -0.025330131873488426, 0.05546971410512924]
1.6687653716741495  ::  1.864749  ::  [-3.7521276473999023, -0.025511503219604492, 0.05546781048178673]
1.6680586605384649  ::  1.880679  ::  [-3.745849609375, -0.025695886462926865, 0.05546782910823822]
1.6690676075449227  ::  1.895802  ::  [-3.739558696746826, -0.02588118053972721, 0.05546599626541138]
1.6703457066933614  ::  1.911771  ::  [-3.7332777976989746, -0.02606581710278988, 0.05546652898192406]
1.6703457066933614  ::  1.927717  ::  [-3.723849058151245, -0.026340583339333534, 0.05546402558684349]
1.6729743690284642  ::  1.943675  ::  [-3.717571496963501, -0.026522863656282425, 0.05546495318412781]
1.6729743690284642  ::  1.959656  ::  [-3.708144187927246, -0.026798835024237633, 0.05546720698475838]
1.6733902635158944  ::  1.975613  ::  [-3.705002784729004, -0.026892056688666344, 0.05546683818101883]
1.6758465702961602  ::  1.991603  ::  [-3.698720932006836, -0.027073442935943604, 0.055465370416641235]
1.676502588621599  ::  2.006752  ::  [-3.6892917156219482, -0.027348700910806656, 0.05546562746167183]
1.676502588621599  ::  2.02237  ::  [-3.6798596382141113, -0.02762402594089508, 0.05546396225690842]
1.6768998068105174  ::  2.037498  ::  [-3.6704421043395996, -0.027900177985429764, 0.05546765774488449]
1.6757424099113176  ::  2.052751  ::  [-3.6610171794891357, -0.028173144906759262, 0.0554664209485054]
1.6757424099113176  ::  2.06873  ::  [-3.6547205448150635, -0.028361324220895767, 0.0554664246737957]
1.673887159778013  ::  2.084689  ::  [-3.648444175720215, -0.028543272987008095, 0.055470630526542664]
1.673887159778013  ::  2.100644  ::  [-3.6421632766723633, -0.028726676478981972, 0.055469855666160583]
1.6728769321110857  ::  2.116577  ::  [-3.6358797550201416, -0.02890777215361595, 0.05546744912862778]
1.6713417403734194  ::  2.132535  ::  [-3.626443862915039, -0.029185166582465172, 0.0554693304002285]
1.6698810403863888  ::  2.14781  ::  [-3.6138837337493896, -0.029551824554800987, 0.05546679347753525]
1.6695138109967949  ::  2.163766  ::  [-3.6076011657714844, -0.029734987765550613, 0.05546281486749649]
1.6691233162753405  ::  2.179729  ::  [-3.598174571990967, -0.030010944232344627, 0.055465154349803925]
1.669409223725129  ::  2.195684  ::  [-3.5950236320495605, -0.03010213002562523, 0.05546438321471214]
1.670423506816876  ::  2.211639  ::  [-3.5856032371520996, -0.030378326773643494, 0.055468056350946426]
1.671975880749173  ::  2.227594  ::  [-3.5761799812316895, -0.03065378963947296, 0.05546760931611061]
1.673635083108957  ::  2.243531  ::  [-3.5667624473571777, -0.030929481610655785, 0.055461376905441284]
1.675579659310001  ::  2.259484  ::  [-3.557332754135132, -0.03120596706867218, 0.055463846772909164]
1.6760494482588508  ::  2.275442  ::  [-3.5479049682617188, -0.03147777542471886, 0.055467475205659866]
1.6757063379747634  ::  2.291134  ::  [-3.538482666015625, -0.0317552387714386, 0.055466488003730774]
1.674948186976892  ::  2.307074  ::  [-3.529053211212158, -0.0320306271314621, 0.055468007922172546]
1.674948186976892  ::  2.322638  ::  [-3.519627094268799, -0.03230176493525505, 0.05546848475933075]
1.6747711356670005  ::  2.338558  ::  [-3.516486167907715, -0.03239453583955765, 0.05546724796295166]
1.672448978070902  ::  2.353884  ::  [-3.510199785232544, -0.032576944679021835, 0.05546873062849045]
1.672448978070902  ::  2.369843  ::  [-3.5007753372192383, -0.03285529464483261, 0.055468618869781494]
1.6702510445403331  ::  2.385783  ::  [-3.491346597671509, -0.03313049301505089, 0.05546688288450241]
1.6702510445403331  ::  2.401739  ::  [-3.4819211959838867, -0.03340476006269455, 0.05546493083238602]
1.6699638564300752  ::  2.417696  ::  [-3.4756343364715576, -0.03359029069542885, 0.05546822026371956]
1.6703149708420961  ::  2.433238  ::  [-3.4693515300750732, -0.03377203643321991, 0.05546755716204643]
1.671189235055858  ::  2.449197  ::  [-3.463062286376953, -0.033955805003643036, 0.05546625703573227]
1.671189235055858  ::  2.465152  ::  [-3.453634738922119, -0.03423187881708145, 0.05546470358967781]
1.6719597657715999  ::  2.480657  ::  [-3.447368621826172, -0.03441813215613365, 0.055461056530475616]
1.673466142648705  ::  2.496458  ::  [-3.441068649291992, -0.03460060805082321, 0.05546478182077408]
1.6744533184271835  ::  2.512138  ::  [-3.431654691696167, -0.03487510606646538, 0.05546588450670242]
1.6749670767188154  ::  2.528126  ::  [-3.4253721237182617, -0.03505871444940567, 0.05546649917960167]
1.6762003527508258  ::  2.543655  ::  [-3.4159436225891113, -0.03533361107110977, 0.055467259138822556]
1.675758738332302  ::  2.559239  ::  [-3.4065170288085938, -0.03561023622751236, 0.05546896532177925]
1.6748465879129881  ::  2.575194  ::  [-3.397091865539551, -0.035883769392967224, 0.05546760931611061]
1.6728838690219614  ::  2.591021  ::  [-3.3876686096191406, -0.03615833446383476, 0.055466994643211365]
1.6722909232246397  ::  2.607007  ::  [-3.3782401084899902, -0.03643358498811722, 0.05546862632036209]
1.6712210381241808  ::  2.622968  ::  [-3.371945858001709, -0.03661813586950302, 0.05546761676669121]
1.670713469691484  ::  2.638931  ::  [-3.3656673431396484, -0.03680000826716423, 0.055469926446676254]
1.669437611698867  ::  2.654101  ::  [-3.36253023147583, -0.03689160943031311, 0.055464521050453186]
1.669437611698867  ::  2.670034  ::  [-3.3530991077423096, -0.03716540336608887, 0.05546748638153076]
1.669357036811002  ::  2.686014  ::  [-3.3499643802642822, -0.03726032376289368, 0.0554642528295517]
1.669357036811002  ::  2.701976  ::  [-3.3436813354492188, -0.037445854395627975, 0.05546320229768753]
1.6702736695419589  ::  2.716908  ::  [-3.3342549800872803, -0.03771946579217911, 0.05546386167407036]
1.6713055617151595  ::  2.732932  ::  [-3.3248291015625, -0.03799265995621681, 0.05546239763498306]
1.6733292187001874  ::  2.748859  ::  [-3.31854510307312, -0.03817718103528023, 0.055465005338191986]
1.6733292187001874  ::  2.764816  ::  [-3.309124708175659, -0.03845435753464699, 0.055462487041950226]
1.6744881097032682  ::  2.780773  ::  [-3.2997026443481445, -0.03872784599661827, 0.05546226352453232]
1.6747600366095994  ::  2.796361  ::  [-3.290273427963257, -0.03900369256734848, 0.05546308681368828]
1.6756624753536873  ::  2.812007  ::  [-3.2808494567871094, -0.039276622235774994, 0.055465225130319595]
1.6756624753536873  ::  2.827594  ::  [-3.2745563983917236, -0.03946347534656525, 0.05546848475933075]
1.6741210937570858  ::  2.843195  ::  [-3.2651257514953613, -0.039739493280649185, 0.0554637648165226]
1.6741210937570858  ::  2.859154  ::  [-3.255706310272217, -0.04001342132687569, 0.055464938282966614]
1.6717259385142327  ::  2.874654  ::  [-3.246281147003174, -0.040284521877765656, 0.055468227714300156]
1.6717259385142327  ::  2.890282  ::  [-3.2368545532226562, -0.040560282766819, 0.055464379489421844]
1.669150957197138  ::  2.906218  ::  [-3.227421998977661, -0.04083738848567009, 0.05546601489186287]
1.6705895657910719  ::  2.922199  ::  [-3.221144437789917, -0.041019927710294724, 0.05546512082219124]
1.6736759575222715  ::  2.938157  ::  [-3.211719036102295, -0.04129559174180031, 0.055463407188653946]
1.674859287795976  ::  2.954115  ::  [-3.2022860050201416, -0.04157411307096481, 0.05546526610851288]
1.674859287795976  ::  2.970072  ::  [-3.192863941192627, -0.04184965416789055, 0.05546381324529648]
1.6774995827970092  ::  2.986029  ::  [-3.183443546295166, -0.04212627187371254, 0.055462829768657684]
1.6774995827970092  ::  3.001967  ::  [-3.1740167140960693, -0.042403481900691986, 0.05546419322490692]
1.6792706295044524  ::  3.017927  ::  [-3.164594888687134, -0.042681410908699036, 0.055463917553424835]
1.6801543919500286  ::  3.033595  ::  [-3.1551661491394043, -0.04295378923416138, 0.05546626076102257]
1.6804551337169207  ::  3.049585  ::  [-3.1520121097564697, -0.04304731637239456, 0.055466555058956146]
1.6803959031702118  ::  3.065543  ::  [-3.142587184906006, -0.043321870267391205, 0.055466972291469574]
1.6803106325272925  ::  3.080668  ::  [-3.1331729888916016, -0.04359638690948486, 0.05546656996011734]
1.678541826975671  ::  3.096619  ::  [-3.1268928050994873, -0.04378032311797142, 0.0554661750793457]
1.678541826975671  ::  3.112577  ::  [-3.12060809135437, -0.043965596705675125, 0.055466797202825546]
1.6774324548440727  ::  3.128534  ::  [-3.114316463470459, -0.044147007167339325, 0.055469073355197906]
1.676535138741862  ::  3.144529  ::  [-3.1080329418182373, -0.04433276131749153, 0.055468667298555374]
1.6748936521852378  ::  3.160487  ::  [-3.0985934734344482, -0.044609490782022476, 0.05546707659959793]
1.673974031246519  ::  3.176416  ::  [-3.0891828536987305, -0.04488561674952507, 0.0554657056927681]
1.6741961191162502  ::  3.192043  ::  [-3.079760789871216, -0.04516223445534706, 0.05546482652425766]
1.6741961191162502  ::  3.20733  ::  [-3.0703368186950684, -0.0454404279589653, 0.05546130985021591]
1.6748898102038297  ::  3.223029  ::  [-3.060908317565918, -0.04571637138724327, 0.05546530708670616]
1.6774374707642443  ::  3.238937  ::  [-3.051485061645508, -0.04599554464221001, 0.055463340133428574]
1.6774374707642443  ::  3.254925  ::  [-3.042050838470459, -0.04626723378896713, 0.05545949563384056]
1.6800317687100856  ::  3.270931  ::  [-3.0326364040374756, -0.046550314873456955, 0.055463410913944244]
1.6800588760233541  ::  3.286888  ::  [-3.0232067108154297, -0.04682091996073723, 0.0554666742682457]
1.6800588760233541  ::  3.302876  ::  [-3.0137856006622314, -0.047097913920879364, 0.05546486750245094]
1.6798283571388661  ::  3.317833  ::  [-3.00435733795166, -0.047373998910188675, 0.05546704679727554]
1.6787693576523968  ::  3.333172  ::  [-2.994934558868408, -0.04765027016401291, 0.055467717349529266]
1.6766855096253082  ::  3.349089  ::  [-2.9854955673217773, -0.047922711819410324, 0.055468425154685974]
1.6751736899412082  ::  3.365052  ::  [-2.979214906692505, -0.04810743033885956, 0.05546843260526657]
1.6739103183881674  ::  3.380819  ::  [-2.9697911739349365, -0.04838224872946739, 0.055468685925006866]
1.6739103183881674  ::  3.396773  ::  [-2.960361957550049, -0.04865827038884163, 0.05546525493264198]
1.6729323206763862  ::  3.41273  ::  [-2.9509334564208984, -0.04893631488084793, 0.055467985570430756]
1.6729323206763862  ::  3.428198  ::  [-2.9477999210357666, -0.04902760311961174, 0.05546466261148453]
1.6729928318835643  ::  3.444059  ::  [-2.9415109157562256, -0.049212194979190826, 0.05546453595161438]
1.6746297294068402  ::  3.460016  ::  [-2.9320926666259766, -0.04948905110359192, 0.05546393245458603]
1.6746297294068402  ::  3.47545  ::  [-2.9258105754852295, -0.04967060685157776, 0.05546333268284798]
1.6757997194673222  ::  3.491408  ::  [-2.9163825511932373, -0.04994633048772812, 0.055464085191488266]
1.6776359731369979  ::  3.507365  ::  [-2.9069597721099854, -0.05022437497973442, 0.05546536296606064]
1.678892301057457  ::  3.522865  ::  [-2.903822422027588, -0.050317876040935516, 0.05546289682388306]
1.678892301057457  ::  3.53885  ::  [-2.8975377082824707, -0.050498753786087036, 0.05546517297625542]
1.6797265446315506  ::  3.554805  ::  [-2.884967803955078, -0.05086888000369072, 0.05546607822179794]
1.6797265446315506  ::  3.570737  ::  [-2.878675699234009, -0.051052045077085495, 0.05546656996011734]
1.6795401018115506  ::  3.585715  ::  [-2.8755433559417725, -0.05114514380693436, 0.05546174570918083]
1.6787567644911146  ::  3.601702  ::  [-2.866107940673828, -0.05141810327768326, 0.05546603351831436]
1.6774358699386576  ::  3.617659  ::  [-2.856685161590576, -0.051695432513952255, 0.05547039955854416]
1.6760622548635447  ::  3.633148  ::  [-2.8472464084625244, -0.051972053945064545, 0.0554656945168972]
1.6747061421481797  ::  3.649103  ::  [-2.837830066680908, -0.05224868282675743, 0.05546768009662628]
1.673567741712609  ::  3.665062  ::  [-2.8284099102020264, -0.05252290144562721, 0.05546634644269943]
1.6734327387547954  ::  3.681016  ::  [-2.822113275527954, -0.05270778760313988, 0.05546775832772255]
1.6733866349778979  ::  3.696974  ::  [-2.8189828395843506, -0.05279834568500519, 0.055464670062065125]
1.673689297735494  ::  3.712931  ::  [-2.8095555305480957, -0.05307362228631973, 0.055465713143348694]
1.6750588573857874  ::  3.728871  ::  [-2.8064157962799072, -0.053167086094617844, 0.055465217679739]
1.6760223409455823  ::  3.744836  ::  [-2.796992540359497, -0.05344228446483612, 0.055463023483753204]
1.6768997000888117  ::  3.760786  ::  [-2.7907090187072754, -0.05362701043486595, 0.055465519428253174]
1.677388378779585  ::  3.776744  ::  [-2.784426689147949, -0.05380979925394058, 0.05546301603317261]
1.677388378779585  ::  3.7927  ::  [-2.781287908554077, -0.05390385538339615, 0.0554632693529129]
1.6780718245834092  ::  3.808657  ::  [-2.7749996185302734, -0.05408710613846779, 0.055465079843997955]
1.6786547385403876  ::  3.824454  ::  [-2.768704652786255, -0.05427001789212227, 0.055462051182985306]
1.6802657026891585  ::  3.840416  ::  [-2.7624316215515137, -0.054455578327178955, 0.05546626076102257]
1.680260153160458  ::  3.856321  ::  [-2.753006935119629, -0.054731424897909164, 0.055468473583459854]
1.680260153160458  ::  3.872306  ::  [-2.7435851097106934, -0.05500642955303192, 0.055464886128902435]
1.6781643523023217  ::  3.888236  ::  [-2.7341511249542236, -0.05528267100453377, 0.055469755083322525]
1.6781643523023217  ::  3.903942  ::  [-2.724731206893921, -0.05555777996778488, 0.0554657056927681]
1.676877075087186  ::  3.919927  ::  [-2.7153029441833496, -0.05583864822983742, 0.055466897785663605]
1.674069227008076  ::  3.935466  ::  [-2.7058727741241455, -0.05611283704638481, 0.05546935275197029]
1.674069227008076  ::  3.950407  ::  [-2.696446180343628, -0.05638632923364639, 0.05546697601675987]
1.6731210046522078  ::  3.966346  ::  [-2.6901652812957764, -0.056572169065475464, 0.0554678738117218]
1.6736529056338225  ::  3.982304  ::  [-2.683884382247925, -0.05675821006298065, 0.055465273559093475]
1.6742501202993756  ::  3.998261  ::  [-2.6775906085968018, -0.056941449642181396, 0.05546370893716812]
1.6742501202993756  ::  4.014218  ::  [-2.6713192462921143, -0.05712753161787987, 0.05546436086297035]
1.6762754848316959  ::  4.029732  ::  [-2.665025234222412, -0.057311274111270905, 0.05546038597822189]
1.6762754848316959  ::  4.045675  ::  [-2.6556077003479004, -0.05758487805724144, 0.055465035140514374]
1.6773206104964136  ::  4.061629  ::  [-2.6493260860443115, -0.057769645005464554, 0.05546332150697708]
1.6783072526663632  ::  4.077563  ::  [-2.6430349349975586, -0.05795429274439812, 0.05545914173126221]
1.6801895033912306  ::  4.092555  ::  [-2.636763095855713, -0.058140017092227936, 0.05546381697058678]
1.6805455270017176  ::  4.107529  ::  [-2.6304736137390137, -0.058322664350271225, 0.055465757846832275]
1.6805455270017176  ::  4.123466  ::  [-2.6210505962371826, -0.05859708413481712, 0.05546567589044571]
1.6805147911504525  ::  4.138854  ::  [-2.6116268634796143, -0.058872826397418976, 0.05546533688902855]
1.6799234461787174  ::  4.154785  ::  [-2.6053428649902344, -0.05905503034591675, 0.05546372011303902]
1.679139361806341  ::  4.170741  ::  [-2.5990548133850098, -0.0592401959002018, 0.0554666630923748]
1.6784485522048178  ::  4.186734  ::  [-2.5927670001983643, -0.059424422681331635, 0.055466149002313614]
1.6773715167500713  ::  4.202657  ::  [-2.5833427906036377, -0.05969906598329544, 0.05546663701534271]
1.675431743025788  ::  4.218613  ::  [-2.5770535469055176, -0.05988157540559769, 0.05546915903687477]
1.6744454210209556  ::  4.234197  ::  [-2.573915719985962, -0.059973977506160736, 0.055468328297138214]
1.6742236533163417  ::  4.249913  ::  [-2.564487934112549, -0.060251448303461075, 0.05546869710087776]
1.6742236533163417  ::  4.265871  ::  [-2.5582025051116943, -0.06043548136949539, 0.05546604469418526]
1.6737661373636568  ::  4.281828  ::  [-2.5487847328186035, -0.06071294844150543, 0.05546453222632408]
1.67419131663949  ::  4.297785  ::  [-2.539360284805298, -0.06098874285817146, 0.05546213313937187]
1.6748891698735948  ::  4.312948  ::  [-2.529942035675049, -0.06126456335186958, 0.055461522191762924]
1.6765076045417706  ::  4.328905  ::  [-2.520512580871582, -0.061542849987745285, 0.05546264722943306]
1.6782697933476338  ::  4.344867  ::  [-2.5110843181610107, -0.06181701272726059, 0.0554625578224659]
1.679549173156542  ::  4.360533  ::  [-2.501660108566284, -0.062094274908304214, 0.05546370893716812]
1.6799845977161303  ::  4.376335  ::  [-2.495375871658325, -0.06227864697575569, 0.05546483397483826]
1.6803899267546882  ::  4.392293  ::  [-2.4859468936920166, -0.06255345791578293, 0.05546679347753525]
1.6803899267546882  ::  4.407565  ::  [-2.4765231609344482, -0.06282736361026764, 0.055465664714574814]
1.6792867444820252  ::  4.423522  ::  [-2.473381519317627, -0.06291709095239639, 0.05546792224049568]
1.6785472697826656  ::  4.43948  ::  [-2.4670979976654053, -0.0631045401096344, 0.05546773970127106]
1.6770000184922462  ::  4.455437  ::  [-2.4608144760131836, -0.06328825652599335, 0.05546609312295914]
1.6753160566967207  ::  4.470995  ::  [-2.451385498046875, -0.06356364488601685, 0.055468834936618805]
1.6749564045482372  ::  4.486953  ::  [-2.4419591426849365, -0.06383951008319855, 0.05546733736991882]
1.6743415808012303  ::  4.50291  ::  [-2.435678005218506, -0.06402505934238434, 0.0554637648165226]
1.6743415808012303  ::  4.518679  ::  [-2.426255464553833, -0.06430184841156006, 0.055464595556259155]
1.6744653779799368  ::  4.534607  ::  [-2.41682767868042, -0.06457898020744324, 0.05546325072646141]
1.6765367395674489  ::  4.549567  ::  [-2.4074034690856934, -0.0648532509803772, 0.05546434968709946]
1.6765367395674489  ::  4.564551  ::  [-2.397976875305176, -0.06513014435768127, 0.055462148040533066]
1.6778390645430998  ::  4.580483  ::  [-2.391695499420166, -0.065312460064888, 0.05546291917562485]
1.679504670205231  ::  4.596518  ::  [-2.382267951965332, -0.06558927893638611, 0.055465903133153915]
1.680733784090716  ::  4.612478  ::  [-2.37284517288208, -0.06586626917123795, 0.05546430125832558]
1.6813142434484614  ::  4.627483  ::  [-2.3634085655212402, -0.06614361703395844, 0.05546042323112488]
1.680700593640218  ::  4.64309  ::  [-2.3539953231811523, -0.066420778632164, 0.05546446889638901]
1.6797784113805605  ::  4.659018  ::  [-2.3477120399475098, -0.06660269945859909, 0.05546637997031212]
1.6797784113805605  ::  4.674975  ::  [-2.3382859230041504, -0.06687875092029572, 0.05546782538294792]
1.67706063642113  ::  4.690953  ::  [-2.3288540840148926, -0.06715492904186249, 0.05546737462282181]
1.67706063642113  ::  4.706912  ::  [-2.3194150924682617, -0.06742933392524719, 0.05546427145600319]
1.675505381002777  ::  4.722877  ::  [-2.3100013732910156, -0.06770747900009155, 0.0554657056927681]
1.675505381002777  ::  4.738837  ::  [-2.306859016418457, -0.06779927015304565, 0.05546707659959793]
1.6743235448329532  ::  4.754787  ::  [-2.297429323196411, -0.06807324290275574, 0.055466990917921066]
1.674056100238265  ::  4.77072  ::  [-2.2911489009857178, -0.06825866550207138, 0.055466603487730026]
1.6741979333852484  ::  4.786676  ::  [-2.2817256450653076, -0.06853578239679337, 0.05546221882104874]
1.6749649422846997  ::  4.802636  ::  [-2.278585910797119, -0.06862851977348328, 0.05546262115240097]
1.6758410207674597  ::  4.817635  ::  [-2.2691590785980225, -0.06890323013067245, 0.05546460300683975]
1.6768547702506775  ::  4.833574  ::  [-2.259732484817505, -0.06918267160654068, 0.05546307936310768]
1.678883016269054  ::  4.849141  ::  [-2.2503066062927246, -0.06945693492889404, 0.05546345189213753]
1.6802417970270636  ::  4.865099  ::  [-2.240872859954834, -0.06973370164632797, 0.055465053766965866]
1.681144876101386  ::  4.881056  ::  [-2.234602451324463, -0.06991378962993622, 0.055463358759880066]
1.6819318419598186  ::  4.897014  ::  [-2.2251760959625244, -0.0701904222369194, 0.05546543747186661]
1.6813083737546433  ::  4.912998  ::  [-2.215747356414795, -0.07046554237604141, 0.05546661466360092]
1.6808781785586382  ::  4.92898  ::  [-2.20632266998291, -0.07074262946844101, 0.05546583980321884]
1.6797574939262272  ::  4.944399  ::  [-2.1968889236450195, -0.07101781666278839, 0.055468812584877014]
1.677447395882882  ::  4.959344  ::  [-2.1843278408050537, -0.07138708978891373, 0.05546614155173302]
1.6769739783960356  ::  4.975325  ::  [-2.1811821460723877, -0.07147804647684097, 0.05546850711107254]
1.6753011156579114  ::  4.991285  ::  [-2.174898624420166, -0.07166453450918198, 0.05546773970127106]
1.6749286569047341  ::  5.007386  ::  [-2.165475606918335, -0.07193982601165771, 0.05546606332063675]
1.6747674004072983  ::  5.023173  ::  [-2.1623294353485107, -0.07203453034162521, 0.05546603724360466]
1.6747674004072983  ::  5.038717  ::  [-2.156043767929077, -0.07221618294715881, 0.05546506494283676]
1.6746979245768345  ::  5.054647  ::  [-2.146613836288452, -0.072495236992836, 0.05546189099550247]
1.6756560720513405  ::  5.070628  ::  [-2.140340805053711, -0.07267442345619202, 0.05546317622065544]
1.677802352276311  ::  5.086587  ::  [-2.1340603828430176, -0.07286303490400314, 0.05545979365706444]
1.6785970020975598  ::  5.10257  ::  [-2.124629497528076, -0.07313688099384308, 0.055464006960392]
1.680755235153578  ::  5.118503  ::  [-2.1183533668518066, -0.0733206495642662, 0.05546434223651886]
1.68096035427209  ::  5.133798  ::  [-2.1057751178741455, -0.07368931919336319, 0.05546265095472336]
1.6810361266831948  ::  5.149747  ::  [-2.096363067626953, -0.07396566867828369, 0.055464986711740494]
1.6809418914169898  ::  5.165708  ::  [-2.0900771617889404, -0.07415104657411575, 0.05546450987458229]
1.680328988660687  ::  5.181663  ::  [-2.086934804916382, -0.07424181699752808, 0.055466942489147186]
1.680328988660687  ::  5.197623  ::  [-2.077505111694336, -0.07451841235160828, 0.05546475201845169]
1.6782798251879774  ::  5.213578  ::  [-2.0680675506591797, -0.07479114085435867, 0.055467285215854645]
1.6763129441504252  ::  5.229538  ::  [-2.0586512088775635, -0.07506687194108963, 0.05546952039003372]
1.6750391138702179  ::  5.2449  ::  [-2.0492289066314697, -0.07534376531839371, 0.05546509474515915]
1.6726792835119784  ::  5.260831  ::  [-2.039797306060791, -0.07561824470758438, 0.05546830967068672]
1.6726056455349891  ::  5.276788  ::  [-2.030376672744751, -0.07589416205883026, 0.05546486750245094]
1.6727793884720015  ::  5.292718  ::  [-2.0240845680236816, -0.07608118653297424, 0.055461663752794266]
1.6738975117834738  ::  5.308703  ::  [-2.014669895172119, -0.07635635882616043, 0.05546214431524277]
1.6738975117834738  ::  5.323985  ::  [-2.0052435398101807, -0.07663080841302872, 0.05546288937330246]
1.6765055768293606  ::  5.339618  ::  [-1.995822548866272, -0.07691182941198349, 0.055460672825574875]
1.6765055768293606  ::  5.355577  ::  [-1.9863959550857544, -0.07718493044376373, 0.05546077340841293]
1.677673005568904  ::  5.371252  ::  [-1.9769700765609741, -0.0774577409029007, 0.055465225130319595]
1.678758578760113  ::  5.386213  ::  [-1.9675424098968506, -0.07773615419864655, 0.05546669661998749]
1.678758578760113  ::  5.402171  ::  [-1.9581154584884644, -0.07800781726837158, 0.05546633154153824]
1.6787254950313206  ::  5.417839  ::  [-1.9549729824066162, -0.07810258865356445, 0.05546741187572479]
1.6783100274307134  ::  5.43383  ::  [-1.9486902952194214, -0.07828601449728012, 0.05546632409095764]
1.677847388836151  ::  5.449779  ::  [-1.9455486536026, -0.0783783420920372, 0.05546777695417404]
1.6764017366096353  ::  5.46574  ::  [-1.9392627477645874, -0.07856142520904541, 0.05546879023313522]
1.6750427424082144  ::  5.481668  ::  [-1.9361191987991333, -0.07865150272846222, 0.05546828359365463]
1.6732549403929635  ::  5.497654  ::  [-1.9266941547393799, -0.0789279192686081, 0.05546734854578972]
1.6732549403929635  ::  5.51361  ::  [-1.9172661304473877, -0.07920383661985397, 0.055466845631599426]
1.671845360103002  ::  5.529539  ::  [-1.9078450202941895, -0.0794772356748581, 0.05546483397483826]
1.6712861383647073  ::  5.545163  ::  [-1.898412823677063, -0.07975521683692932, 0.055468179285526276]
1.6715924296603002  ::  5.561123  ::  [-1.8889966011047363, -0.08003134280443192, 0.05546315386891365]
1.672342469808532  ::  5.577079  ::  [-1.8827072381973267, -0.08021512627601624, 0.05546211078763008]
1.6731679622027518  ::  5.593038  ::  [-1.8764160871505737, -0.08040092885494232, 0.055460523813962936]
1.6731679622027518  ::  5.60911  ::  [-1.870147466659546, -0.08058147132396698, 0.05546030029654503]
1.6736791591734448  ::  5.62507  ::  [-1.8670040369033813, -0.08067456632852554, 0.0554627850651741]
1.6743141533228445  ::  5.641028  ::  [-1.8607192039489746, -0.08085696399211884, 0.05546397715806961]
1.6754923609546717  ::  5.65698  ::  [-1.8512895107269287, -0.08113560825586319, 0.05546361207962036]
1.6769323569307808  ::  5.672915  ::  [-1.8418580293655396, -0.08141091465950012, 0.05546239763498306]
1.6776120674749029  ::  5.688897  ::  [-1.8324438333511353, -0.08168596029281616, 0.05546516925096512]
1.6776120674749029  ::  5.704838  ::  [-1.8261568546295166, -0.08186887204647064, 0.0554637685418129]
1.6776727921254924  ::  5.72081  ::  [-1.8198744058609009, -0.0820515900850296, 0.05546503886580467]
1.6775643628724184  ::  5.736395  ::  [-1.8135873079299927, -0.08223708719015121, 0.05546886473894119]
1.6767165656416907  ::  5.752319  ::  [-1.8073043823242188, -0.08241896331310272, 0.05546766519546509]
1.6756578863203386  ::  5.768275  ::  [-1.8010162115097046, -0.08260083943605423, 0.05546993017196655]
1.6745903490974068  ::  5.784267  ::  [-1.7978787422180176, -0.08269544690847397, 0.055466651916503906]
1.673234769990571  ::  5.800231  ::  [-1.791590690612793, -0.08287797123193741, 0.05546989664435387]
1.6729410718562603  ::  5.816146  ::  [-1.78216552734375, -0.08315429091453552, 0.05546632781624794]
1.6729410718562603  ::  5.832104  ::  [-1.7790217399597168, -0.08324640244245529, 0.05546913295984268]
1.6719472793320236  ::  5.847882  ::  [-1.7696011066436768, -0.08352147042751312, 0.055463455617427826]
1.6719472793320236  ::  5.86388  ::  [-1.760176181793213, -0.08379732072353363, 0.055463723838329315]
1.6724102380917034  ::  5.879837  ::  [-1.7507442235946655, -0.08407224714756012, 0.055466655641794205]
1.673486206329392  ::  5.895781  ::  [-1.741326093673706, -0.08434869349002838, 0.05546409264206886]
1.6752994081106187  ::  5.911741  ::  [-1.7350420951843262, -0.0845331996679306, 0.05546140298247337]
1.6752994081106187  ::  5.927584  ::  [-1.7287601232528687, -0.08471562713384628, 0.05546524375677109]
1.6773542278337348  ::  5.943053  ::  [-1.7224750518798828, -0.08489961177110672, 0.055466510355472565]
1.6773542278337348  ::  5.958837  ::  [-1.7130544185638428, -0.08517754077911377, 0.05546201020479202]
1.6783362809703357  ::  5.974793  ::  [-1.7036240100860596, -0.08545245975255966, 0.05546638369560242]
1.6780378870809707  ::  5.99075  ::  [-1.6973342895507812, -0.08563663810491562, 0.055465586483478546]
1.6784329708357737  ::  6.006707  ::  [-1.6910561323165894, -0.08581916242837906, 0.05546789616346359]
1.677920173039494  ::  6.022663  ::  [-1.6847782135009766, -0.08600456267595291, 0.055465128272771835]
1.677920173039494  ::  6.038621  ::  [-1.6816294193267822, -0.086093969643116, 0.05546509101986885]
1.6751877772063715  ::  6.054205  ::  [-1.672203540802002, -0.08636793494224548, 0.055465780198574066]
1.6751877772063715  ::  6.070156  ::  [-1.6627728939056396, -0.0866449698805809, 0.05546794459223747]
1.6721868695615028  ::  6.085108  ::  [-1.6533458232879639, -0.0869210883975029, 0.05547023192048073]
1.6721868695615028  ::  6.101073  ::  [-1.6439192295074463, -0.08719831705093384, 0.055468227714300156]
1.6712312834079357  ::  6.117015  ::  [-1.6376287937164307, -0.08738240599632263, 0.055466242134571075]
1.6712938223275238  ::  6.131973  ::  [-1.6313557624816895, -0.08756483346223831, 0.05546749383211136]
1.6712938223275238  ::  6.147931  ::  [-1.6250689029693604, -0.08774875104427338, 0.05546710267663002]
1.6734331656416186  ::  6.164031  ::  [-1.615641474723816, -0.08802556991577148, 0.05546298250555992]
1.6752233155343965  ::  6.178998  ::  [-1.6062252521514893, -0.08830089867115021, 0.055465441197156906]
1.6752233155343965  ::  6.194962  ::  [-1.5968031883239746, -0.08857882767915726, 0.055463023483753204]
1.676813148785423  ::  6.210904  ::  [-1.5873749256134033, -0.08885277807712555, 0.05546361953020096]
1.6777191093458015  ::  6.226877  ::  [-1.5810904502868652, -0.0890352800488472, 0.05546281859278679]
1.6784423623458824  ::  6.242793  ::  [-1.574792742729187, -0.08921761065721512, 0.05546487495303154]
1.6784423623458824  ::  6.258751  ::  [-1.5716619491577148, -0.08930959552526474, 0.05546414852142334]
1.6787164236863292  ::  6.27399  ::  [-1.565379023551941, -0.08949257433414459, 0.055466558784246445]
1.677879512069591  ::  6.289668  ::  [-1.5590943098068237, -0.08967840671539307, 0.055467043071985245]
1.677879512069591  ::  6.305682  ::  [-1.5496681928634644, -0.08995179086923599, 0.05546611174941063]
1.6772152761728074  ::  6.321582  ::  [-1.5433838367462158, -0.09013605117797852, 0.055469024926424026]
1.675756817341598  ::  6.337539  ::  [-1.5339486598968506, -0.09041116386651993, 0.05547180771827698]
1.6729908041711545  ::  6.35281  ::  [-1.5245213508605957, -0.09068716317415237, 0.05546999350190163]
1.672542252841755  ::  6.3688  ::  [-1.5150952339172363, -0.09096267074346542, 0.05547095835208893]
1.672542252841755  ::  6.383753  ::  [-1.5088136196136475, -0.09114792943000793, 0.05546766147017479]
1.6722579462175533  ::  6.399712  ::  [-1.502535343170166, -0.09133029729127884, 0.055465660989284515]
1.6722430051787438  ::  6.415671  ::  [-1.4993828535079956, -0.09142432361841202, 0.05546531081199646]
1.6725333949401753  ::  6.430629  ::  [-1.4931119680404663, -0.0916069969534874, 0.055464185774326324]
1.6733174793125516  ::  6.446399  ::  [-1.4836875200271606, -0.09188477694988251, 0.05546436458826065]
1.6754635460941107  ::  6.462327  ::  [-1.4742603302001953, -0.09215657413005829, 0.0554644800722599]
1.6769729111789777  ::  6.478279  ::  [-1.46797776222229, -0.09234123677015305, 0.055464256554841995]
1.6769729111789777  ::  6.494243  ::  [-1.4585528373718262, -0.09261664748191833, 0.055463504046201706]
1.6781892184597689  ::  6.510234  ::  [-1.4491260051727295, -0.09289368987083435, 0.05546574294567108]
1.6785230439554533  ::  6.526197  ::  [-1.445981740951538, -0.09298654645681381, 0.05546607822179794]
1.6789132185117903  ::  6.542118  ::  [-1.439699411392212, -0.09316945821046829, 0.0554673932492733]
1.6789663659212695  ::  6.55736  ::  [-1.4334187507629395, -0.09335494041442871, 0.055464230477809906]
1.67864481342175  ::  6.572697  ::  [-1.4271334409713745, -0.09353706985712051, 0.05546533316373825]
1.6778772709137697  ::  6.588666  ::  [-1.4177038669586182, -0.09381115436553955, 0.055467769503593445]
1.6768683239073119  ::  6.604767  ::  [-1.4114165306091309, -0.0939951166510582, 0.055468715727329254]
1.6754426286397774  ::  6.620712  ::  [-1.4019906520843506, -0.0942714512348175, 0.05546947568655014]
1.6746622795271036  ::  6.636675  ::  [-1.3956986665725708, -0.09445522725582123, 0.05547101050615311]
1.6727588979044914  ::  6.652604  ::  [-1.38942551612854, -0.09463831037282944, 0.0554690882563591]
1.6723475924504096  ::  6.66757  ::  [-1.3831294775009155, -0.09482315927743912, 0.055470339953899384]
1.6723475924504096  ::  6.683549  ::  [-1.376857876777649, -0.0950041264295578, 0.05546551197767258]
1.6717526189406782  ::  6.699073  ::  [-1.3674302101135254, -0.09528227895498276, 0.05546596273779869]
1.672910549448407  ::  6.714996  ::  [-1.3580069541931152, -0.09555921703577042, 0.05546296015381813]
1.672910549448407  ::  6.730953  ::  [-1.3517265319824219, -0.09574154019355774, 0.055464934557676315]
1.6736019993801647  ::  6.746597  ::  [-1.3485798835754395, -0.09583646059036255, 0.055463921278715134]
1.6755895844286386  ::  6.762508  ::  [-1.342299461364746, -0.09602013975381851, 0.05546317249536514]
1.6755895844286386  ::  6.778486  ::  [-1.3328733444213867, -0.09629204869270325, 0.05546393245458603]
1.6765989583219194  ::  6.794454  ::  [-1.3265814781188965, -0.09647838771343231, 0.055464014410972595]
1.678112912440135  ::  6.810403  ::  [-1.317165732383728, -0.09675455093383789, 0.05546536296606064]
1.6788085245184186  ::  6.826365  ::  [-1.3077410459518433, -0.09703356772661209, 0.055465079843997955]
1.6790160982361635  ::  6.841959  ::  [-1.3014484643936157, -0.09721322357654572, 0.05546621233224869]
1.6782929519577885  ::  6.857286  ::  [-1.2983078956604004, -0.09730564057826996, 0.05546973645687103]
1.6773591370322007  ::  6.872894  ::  [-1.2888797521591187, -0.09757985174655914, 0.055468861013650894]
1.6773591370322007  ::  6.888862  ::  [-1.279449701309204, -0.09785621613264084, 0.05547045171260834]
1.6760117754967099  ::  6.904784  ::  [-1.2700260877609253, -0.09813227504491806, 0.055468566715717316]
1.6751200089232001  ::  6.920769  ::  [-1.2637470960617065, -0.09831583499908447, 0.055467553436756134]
1.6744606822248824  ::  6.936733  ::  [-1.2606022357940674, -0.09840737283229828, 0.05546918138861656]
1.672942672681847  ::  6.952656  ::  [-1.2511796951293945, -0.09868159890174866, 0.055465567857027054]
1.672942672681847  ::  6.968613  ::  [-1.2480262517929077, -0.09877408295869827, 0.05546361207962036]
1.6723114137921498  ::  6.984598  ::  [-1.241754412651062, -0.09896016865968704, 0.055464766919612885]
1.6730821579513033  ::  7.000332  ::  [-1.2323272228240967, -0.09923535585403442, 0.055466264486312866]
1.6730821579513033  ::  7.016279  ::  [-1.2228996753692627, -0.09951288998126984, 0.05546680465340614]
1.673875420390377  ::  7.032221  ::  [-1.216612458229065, -0.09969612210988998, 0.05546197295188904]
1.6741530035471144  ::  7.048168  ::  [-1.213479995727539, -0.09978450834751129, 0.05546324700117111]
1.6751378314480656  ::  7.064149  ::  [-1.2071868181228638, -0.0999722108244896, 0.05546272546052933]
1.6766936204749476  ::  7.080137  ::  [-1.1977739334106445, -0.10024866461753845, 0.055463530123233795]
1.6781636052503814  ::  7.096099  ::  [-1.1883465051651, -0.10052229464054108, 0.05546504259109497]
1.6790534508331871  ::  7.112023  ::  [-1.1820604801177979, -0.10070604085922241, 0.05546346306800842]
1.6790534508331871  ::  7.128003  ::  [-1.1789199113845825, -0.10079896450042725, 0.05546728894114494]
1.6794039249149733  ::  7.143937  ::  [-1.1726362705230713, -0.10098320245742798, 0.05546693876385689]
1.6786880357125913  ::  7.159102  ::  [-1.1663508415222168, -0.101163849234581, 0.05546591803431511]
1.6786880357125913  ::  7.174407  ::  [-1.160058856010437, -0.10134994238615036, 0.055471356958150864]
1.6766244648096014  ::  7.190367  ::  [-1.1506321430206299, -0.1016252189874649, 0.0554715171456337]
1.6750159552600632  ::  7.206376  ::  [-1.144347906112671, -0.10180878639221191, 0.055471017956733704]
1.673802636187034  ::  7.222332  ::  [-1.1349247694015503, -0.10208503156900406, 0.05546916276216507]
1.673802636187034  ::  7.238319  ::  [-1.1254998445510864, -0.10235891491174698, 0.05546820908784866]
1.6722906030595224  ::  7.254247  ::  [-1.1160738468170166, -0.10263462364673615, 0.05546727031469345]
1.6722906030595224  ::  7.270233  ::  [-1.109787940979004, -0.10281945765018463, 0.05546886846423149]
1.6722015971569006  ::  7.286196  ::  [-1.1035079956054688, -0.1030035987496376, 0.05546377971768379]
1.6725358495394083  ::  7.302154  ::  [-1.0940800905227661, -0.10328119248151779, 0.05546301603317261]
1.6734675300308801  ::  7.318111  ::  [-1.0877997875213623, -0.10346350073814392, 0.055463626980781555]
1.6746354923789524  ::  7.334068  ::  [-1.0783731937408447, -0.10373849421739578, 0.0554637648165226]
1.67681069418619  ::  7.349503  ::  [-1.0658087730407715, -0.10410737246274948, 0.05546412616968155]
1.677646645307576  ::  7.365488  ::  [-1.059523344039917, -0.104291632771492, 0.055465131998062134]
1.678186230252007  ::  7.381091  ::  [-1.0563849210739136, -0.10438530147075653, 0.05546411871910095]
1.6790480080261923  ::  7.397068  ::  [-1.046953797340393, -0.10466019064188004, 0.05546770244836807]
1.6786722409001358  ::  7.412998  ::  [-1.0406743288040161, -0.10484345257282257, 0.055465638637542725]
1.6784089584519728  ::  7.428992  ::  [-1.0312349796295166, -0.10511978715658188, 0.0554652102291584]
1.6782659513662257  ::  7.444496  ::  [-1.0281012058258057, -0.10520961135625839, 0.05546826124191284]
1.6782659513662257  ::  7.46046  ::  [-1.0249578952789307, -0.10530306398868561, 0.05546851083636284]
1.6778550727989672  ::  7.47646  ::  [-1.0218000411987305, -0.10539427399635315, 0.055468108505010605]
1.6755496705106763  ::  7.492487  ::  [-1.015531301498413, -0.10557758063077927, 0.05546782165765762]
1.6755496705106763  ::  7.507736  ::  [-1.0060991048812866, -0.1058516800403595, 0.055470384657382965]
1.6742541757241953  ::  7.523693  ::  [-0.9966766834259033, -0.10612866282463074, 0.05546886846423149]
1.6721983955057271  ::  7.539623  ::  [-0.9872469902038574, -0.10640403628349304, 0.05547007918357849]
1.6721983955057271  ::  7.555611  ::  [-0.9778273105621338, -0.10668070614337921, 0.05546749383211136]
1.672215150813535  ::  7.571639  ::  [-0.971544086933136, -0.10686357319355011, 0.05546563118696213]
1.672839686235768  ::  7.587553  ::  [-0.9621169567108154, -0.10714150220155716, 0.05546460673213005]
1.6750494658756787  ::  7.60318  ::  [-0.952682614326477, -0.10741651058197021, 0.05546106398105621]
1.6750494658756787  ::  7.619138  ::  [-0.946410059928894, -0.10760124772787094, 0.055463727563619614]
1.677959553348927  ::  7.635144  ::  [-0.9369871616363525, -0.1078747808933258, 0.055458951741456985]
1.677959553348927  ::  7.650689  ::  [-0.9275546669960022, -0.10815241187810898, 0.0554664209485054]
1.6791436306745724  ::  7.665762  ::  [-0.9181352853775024, -0.10842674225568771, 0.05546652153134346]
1.6795524815294212  ::  7.681753  ::  [-0.9118467569351196, -0.10861203074455261, 0.05546870455145836]
1.6786707467962547  ::  7.697677  ::  [-0.9024143815040588, -0.10888759046792984, 0.055469810962677]
1.6786707467962547  ::  7.713662  ::  [-0.892988920211792, -0.109163299202919, 0.05547160282731056]
1.6782699000693397  ::  7.729636  ::  [-0.8898433446884155, -0.1092529371380806, 0.05546766519546509]
1.6770785656677014  ::  7.745548  ::  [-0.8804209232330322, -0.10953022539615631, 0.05547109618782997]
1.6760402701921535  ::  7.760729  ::  [-0.8741329908370972, -0.10971380025148392, 0.055468205362558365]
1.6745730601810702  ::  7.776686  ::  [-0.864709734916687, -0.10998910665512085, 0.05547065660357475]
1.672657512283999  ::  7.792476  ::  [-0.855282187461853, -0.1102658063173294, 0.05547080188989639]
1.672657512283999  ::  7.808456  ::  [-0.8458581566810608, -0.11054153740406036, 0.05546905845403671]
1.6727770405944742  ::  7.823389  ::  [-0.836438775062561, -0.11081722378730774, 0.05546378716826439]
1.6733580335607485  ::  7.839345  ::  [-0.8270070552825928, -0.1110922247171402, 0.05546516552567482]
1.675918394004151  ::  7.855027  ::  [-0.8207335472106934, -0.11127866804599762, 0.05546250566840172]
1.675918394004151  ::  7.870984  ::  [-0.8113064765930176, -0.11155526340007782, 0.05546317994594574]
1.6788813087217616  ::  7.886945  ::  [-0.801883339881897, -0.1118297204375267, 0.05546293407678604]
1.6788813087217616  ::  7.902934  ::  [-0.7924547791481018, -0.11210688948631287, 0.05546391382813454]
1.6793074484929469  ::  7.918886  ::  [-0.7893168926239014, -0.11219700425863266, 0.05546542629599571]
1.6796733972220714  ::  7.934989  ::  [-0.7861722707748413, -0.11229024082422256, 0.05546485632658005]
1.6796252657327642  ::  7.950088  ::  [-0.776742696762085, -0.11256608366966248, 0.055467210710048676]
1.6796252657327642  ::  7.965609  ::  [-0.7673125863075256, -0.112840935587883, 0.05547041445970535]
1.67933519613645  ::  7.98087  ::  [-0.7610245943069458, -0.11302511394023895, 0.05546780675649643]
1.6780590179787156  ::  7.996002  ::  [-0.7516067624092102, -0.11330128461122513, 0.05546770244836807]
1.6752607748531259  ::  8.01166  ::  [-0.7421767711639404, -0.11357765644788742, 0.05546884983778]
1.6752607748531259  ::  8.027698  ::  [-0.7358874082565308, -0.1137581467628479, 0.055469296872615814]
1.6742373136946818  ::  8.043158  ::  [-0.7264583706855774, -0.11403611302375793, 0.05547039955854416]
1.673221109612231  ::  8.059164  ::  [-0.7170326709747314, -0.11431264132261276, 0.055464133620262146]
1.673221109612231  ::  8.074991  ::  [-0.7076166272163391, -0.11458730697631836, 0.05546242743730545]
1.6744241834015052  ::  8.090951  ::  [-0.701331377029419, -0.11477023363113403, 0.0554654523730278]
1.6744241834015052  ::  8.106878  ::  [-0.6919070482254028, -0.11504902690649033, 0.05546579509973526]
1.6753161634184264  ::  8.122808  ::  [-0.6856233477592468, -0.11523416638374329, 0.05546470731496811]
1.6764190255259719  ::  8.138765  ::  [-0.6793422102928162, -0.11541813611984253, 0.055464375764131546]
1.677432241400661  ::  8.154745  ::  [-0.6730546355247498, -0.11560159921646118, 0.05546670779585838]
1.6791109738326033  ::  8.17068  ::  [-0.6604893803596497, -0.11596640199422836, 0.05546440929174423]
1.6798218471148134  ::  8.186636  ::  [-0.6542096734046936, -0.11615332961082458, 0.05546573922038078]
1.680076485104808  ::  8.201762  ::  [-0.6479200124740601, -0.11633660644292831, 0.05546872317790985]
1.6798443653947335  ::  8.21694  ::  [-0.6384941339492798, -0.11661303043365479, 0.05546748638153076]
1.6783550639905533  ::  8.232897  ::  [-0.6322088241577148, -0.1167961061000824, 0.05546938627958298]
1.6768515685995042  ::  8.248886  ::  [-0.6227823495864868, -0.11707307398319244, 0.05546842887997627]
1.6768515685995042  ::  8.264883  ::  [-0.6133484840393066, -0.11734726279973984, 0.055471621453762054]
1.6744528915403603  ::  8.280032  ::  [-0.6039199829101562, -0.11762550473213196, 0.055467430502176285]
1.6744528915403603  ::  8.296005  ::  [-0.5944877862930298, -0.11789894104003906, 0.0554688461124897]
1.6739634657976465  ::  8.311966  ::  [-0.5882152915000916, -0.11808118224143982, 0.055468857288360596]
1.673368492287915  ::  8.327912  ::  [-0.585073709487915, -0.11817468702793121, 0.05546821653842926]
1.673368492287915  ::  8.343127  ::  [-0.5787881016731262, -0.11835917830467224, 0.05546629801392555]
1.6743899257339492  ::  8.359118  ::  [-0.5725109577178955, -0.11854210495948792, 0.05546540394425392]
1.6751653656481573  ::  8.374045  ::  [-0.5630855560302734, -0.11882016062736511, 0.05546442046761513]
1.6751653656481573  ::  8.390002  ::  [-0.5567924976348877, -0.11900480836629868, 0.055463455617427826]
1.6755988692170416  ::  8.405958  ::  [-0.553665041923523, -0.11909659206867218, 0.055463600903749466]
1.677011330993059  ::  8.421916  ::  [-0.5442368984222412, -0.11937212198972702, 0.05546293407678604]
1.6783986064465122  ::  8.437873  ::  [-0.5348083972930908, -0.11964871734380722, 0.055464956909418106]
1.6794631554616821  ::  8.453366  ::  [-0.5253869891166687, -0.11992353200912476, 0.05546673387289047]
1.6804436077726963  ::  8.46933  ::  [-0.5191035270690918, -0.12011022120714188, 0.05546502768993378]
1.6799430829725812  ::  8.485254  ::  [-0.5096731185913086, -0.12038388103246689, 0.05546721816062927]
1.6799430829725812  ::  8.50121  ::  [-0.5033838748931885, -0.12056740373373032, 0.05547076463699341]
1.679341492717091  ::  8.516851  ::  [-0.4970996677875519, -0.12075087428092957, 0.05547069013118744]
1.6772645816008784  ::  8.531809  ::  [-0.4908082187175751, -0.12093501538038254, 0.05546613410115242]
1.6772645816008784  ::  8.547323  ::  [-0.48139041662216187, -0.12121029943227768, 0.05546873062849045]
1.6750476516066803  ::  8.563256  ::  [-0.475106805562973, -0.12139388173818588, 0.05546724796295166]
1.6750476516066803  ::  8.57913  ::  [-0.46567702293395996, -0.1216689944267273, 0.05547056719660759]
1.6743855501440124  ::  8.595168  ::  [-0.4593915641307831, -0.12185352295637131, 0.05546948313713074]
1.6736944203773716  ::  8.611127  ::  [-0.44996848702430725, -0.1221301406621933, 0.05546823889017105]
1.6745569452034972  ::  8.627117  ::  [-0.4405461251735687, -0.12240806221961975, 0.05546591430902481]
1.675965778441518  ::  8.64304  ::  [-0.43111976981163025, -0.12268275022506714, 0.05546701326966286]
1.675965778441518  ::  8.658377  ::  [-0.42170199751853943, -0.12295972555875778, 0.05546174198389053]
1.6775521965979594  ::  8.674025  ::  [-0.4185584485530853, -0.1230500116944313, 0.05546513944864273]
1.6791714850397814  ::  8.689292  ::  [-0.4122788906097412, -0.12323559820652008, 0.055463194847106934]
1.6805235423303264  ::  8.704798  ::  [-0.4028509557247162, -0.12351199984550476, 0.055465035140514374]
1.680907633749434  ::  8.720718  ::  [-0.39342278242111206, -0.12378718703985214, 0.05546414107084274]
1.680907633749434  ::  8.735713  ::  [-0.3871404230594635, -0.1239711120724678, 0.055464811623096466]
1.680947120780573  ::  8.751353  ::  [-0.3839949071407318, -0.12406296283006668, 0.0554676428437233]
1.6803033754512995  ::  8.767386  ::  [-0.37771075963974, -0.12424646317958832, 0.055467553436756134]
1.6803033754512995  ::  8.783338  ::  [-0.36828193068504333, -0.12452422827482224, 0.05546913668513298]
1.6787840852477947  ::  8.799377  ::  [-0.3588513433933258, -0.12479910999536514, 0.05547148734331131]
1.6777009666558187  ::  8.815334  ::  [-0.3556980490684509, -0.1248895525932312, 0.05546719208359718]
1.6777009666558187  ::  8.831284  ::  [-0.34942859411239624, -0.12507259845733643, 0.055469051003456116]
1.6772488935101286  ::  8.846927  ::  [-0.34628334641456604, -0.12516631186008453, 0.05547097697854042]
1.6767187000758064  ::  8.862864  ::  [-0.3431377112865448, -0.12525922060012817, 0.055471207946538925]
1.6743103113414364  ::  8.878403  ::  [-0.33372074365615845, -0.12553547322750092, 0.0554686076939106]
1.6743103113414364  ::  8.894382  ::  [-0.32429128885269165, -0.12580981850624084, 0.055468540638685226]
1.6740996426942238  ::  8.910349  ::  [-0.3180021047592163, -0.1259952187538147, 0.05546884983778]
1.674405293659582  ::  8.926475  ::  [-0.31172266602516174, -0.12617939710617065, 0.055467672646045685]
1.6755114641400066  ::  8.942414  ::  [-0.3054458498954773, -0.12636521458625793, 0.05546455830335617]
1.6755114641400066  ::  8.958367  ::  [-0.2960198223590851, -0.12664012610912323, 0.05546184629201889]
1.6767792112829845  ::  8.974008  ::  [-0.28659504652023315, -0.12691771984100342, 0.05546283721923828]
1.6792838629959692  ::  8.989333  ::  [-0.27717235684394836, -0.12719140946865082, 0.0554611012339592]
1.6792838629959692  ::  9.005017  ::  [-0.27088630199432373, -0.12737596035003662, 0.0554657056927681]
1.6810181974366236  ::  9.020844  ::  [-0.26145848631858826, -0.1276523321866989, 0.055464968085289]
1.6810181974366236  ::  9.036794  ::  [-0.2520322799682617, -0.12792742252349854, 0.05546610802412033]
1.6809771095798978  ::  9.051938  ::  [-0.24259471893310547, -0.1282082051038742, 0.05546598881483078]
1.680763986333452  ::  9.066873  ::  [-0.23946157097816467, -0.12829579412937164, 0.055469732731580734]
1.6791069184077836  ::  9.082853  ::  [-0.23318199813365936, -0.1284809410572052, 0.05546709895133972]
1.6782050132722246  ::  9.098807  ::  [-0.22688943147659302, -0.1286638081073761, 0.05547099933028221]
1.6775960592190355  ::  9.114162  ::  [-0.22060808539390564, -0.12885086238384247, 0.05546833574771881]
1.6775960592190355  ::  9.130148  ::  [-0.21746119856834412, -0.12894007563591003, 0.05547131225466728]
1.6752073072785294  ::  9.146104  ::  [-0.21117433905601501, -0.12912382185459137, 0.05547139793634415]
1.6742979316235658  ::  9.161348  ::  [-0.20174680650234222, -0.12939947843551636, 0.05546923726797104]
1.673872432182615  ::  9.176537  ::  [-0.19232513010501862, -0.12967385351657867, 0.05546830594539642]
1.673872432182615  ::  9.191955  ::  [-0.18603989481925964, -0.12986046075820923, 0.0554669126868248]
1.674035609670755  ::  9.207883  ::  [-0.17661157250404358, -0.1301375925540924, 0.05546344444155693]
1.6748135041841958  ::  9.22396  ::  [-0.16718509793281555, -0.1304141879081726, 0.05546208471059799]
1.6775606276127162  ::  9.239939  ::  [-0.16091670095920563, -0.13059751689434052, 0.05546203628182411]
1.6792496053284134  ::  9.256038  ::  [-0.15149305760860443, -0.13087205588817596, 0.055462490767240524]
1.6792496053284134  ::  9.271945  ::  [-0.14206674695014954, -0.1311459094285965, 0.05546465516090393]
1.6814214987627716  ::  9.28793  ::  [-0.13263912498950958, -0.13142277300357819, 0.05546281114220619]
1.6814214987627716  ::  9.303909  ::  [-0.12321536242961884, -0.1316983699798584, 0.05546479672193527]
1.6814458313116898  ::  9.319903  ::  [-0.11692969501018524, -0.1318829208612442, 0.05546756088733673]
1.6814451909814552  ::  9.335858  ::  [-0.1137864962220192, -0.13197433948516846, 0.05546808987855911]
1.6797121372012702  ::  9.351816  ::  [-0.10435850918292999, -0.13225068151950836, 0.05546658858656883]
1.6797121372012702  ::  9.367647  ::  [-0.09493149816989899, -0.13252751529216766, 0.05546722561120987]
1.678313229081887  ::  9.383417  ::  [-0.08550329506397247, -0.13280245661735535, 0.05546984076499939]
1.6772270155604434  ::  9.399133  ::  [-0.07921290397644043, -0.13298580050468445, 0.055468253791332245]
1.6757738928145232  ::  9.415092  ::  [-0.0697765201330185, -0.1332615166902542, 0.05546833947300911]
1.67465427539917  ::  9.430852  ::  [-0.060373455286026, -0.1335412859916687, 0.055465277284383774]
1.6751046409975676  ::  9.446805  ::  [-0.050941579043865204, -0.13381673395633698, 0.05546528473496437]
1.6751046409975676  ::  9.462766  ::  [-0.04151832312345505, -0.13408993184566498, 0.055465664714574814]
1.676229060889681  ::  9.478723  ::  [-0.03837304934859276, -0.13418516516685486, 0.05546646565198898]
1.6776135615787837  ::  9.494676  ::  [-0.03209692984819412, -0.13436903059482574, 0.05546363443136215]
1.6776135615787837  ::  9.510613  ::  [-0.02267414703965187, -0.13464409112930298, 0.05546300858259201]
1.6802800033977332  ::  9.526594  ::  [-0.016389150172472, -0.13482797145843506, 0.05546358972787857]
1.6802800033977332  ::  9.542552  ::  [-0.006963416934013367, -0.13510730862617493, 0.05546277016401291]
1.6812541591281063  ::  9.558466  ::  [0.002462860196828842, -0.13538116216659546, 0.055466435849666595]
1.6817647157685647  ::  9.574468  ::  [0.011887796223163605, -0.1356588453054428, 0.05546635761857033]
1.6814147752953075  ::  9.590302  ::  [0.021316485479474068, -0.13593459129333496, 0.055466074496507645]
1.6796534402630903  ::  9.605958  ::  [0.027616608887910843, -0.136119082570076, 0.055467672646045685]
1.6780257208065117  ::  9.620984  ::  [0.03702647238969803, -0.13639391958713531, 0.05546789988875389]
1.6765577637434879  ::  9.636979  ::  [0.04645725339651108, -0.13666890561580658, 0.055468905717134476]
1.6765577637434879  ::  9.6529  ::  [0.05589313060045242, -0.13694648444652557, 0.05546485260128975]
1.6752434859367893  ::  9.668856  ::  [0.06531213968992233, -0.13722361624240875, 0.055468879640102386]
1.6749694245963425  ::  9.684814  ::  [0.06845054775476456, -0.13731403648853302, 0.05546646565198898]
1.6744775442543958  ::  9.699808  ::  [0.07474028319120407, -0.13749685883522034, 0.05546298995614052]
1.6740186409195357  ::  9.714734  ::  [0.08415818214416504, -0.137773334980011, 0.055465396493673325]
1.6740186409195357  ::  9.730719  ::  [0.0904335156083107, -0.13795004785060883, 0.05545540153980255]
1.6739391332487283  ::  9.746684  ::  [0.09357347339391708, -0.13804519176483154, 0.05545583367347717]
1.6746833037031426  ::  9.762431  ::  [0.10299956798553467, -0.1383226364850998, 0.05545869469642639]
1.675400900452817  ::  9.7781  ::  [0.10929672420024872, -0.13850584626197815, 0.055454663932323456]
1.675400900452817  ::  9.794079  ::  [0.11870400607585907, -0.13878133893013, 0.05545693263411522]
1.6776879466077135  ::  9.810008  ::  [0.1281382292509079, -0.13906337320804596, 0.05546531081199646]
1.6778984018115144  ::  9.825965  ::  [0.13756076991558075, -0.13933522999286652, 0.055462367832660675]
1.6777788735010393  ::  9.841922  ::  [0.1438479721546173, -0.1395215094089508, 0.05546679347753525]
1.676911226033036  ::  9.8575  ::  [0.15327396988868713, -0.13979682326316833, 0.055466003715991974]
1.676911226033036  ::  9.872866  ::  [0.16270118951797485, -0.14007242023944855, 0.055464595556259155]
1.6758919270211174  ::  9.888899  ::  [0.16898775100708008, -0.14025522768497467, 0.05546692758798599]
1.6749663296668749  ::  9.904826  ::  [0.1752767711877823, -0.14043931663036346, 0.055469632148742676]
1.673016417380542  ::  9.920812  ::  [0.18470236659049988, -0.14072145521640778, 0.055462367832660675]
1.673016417380542  ::  9.936775  ::  [0.1909715235233307, -0.14090339839458466, 0.05546019226312637]
1.6756298185117182  ::  9.952698  ::  [0.20037876069545746, -0.14119958877563477, 0.05544013902544975]
1.675437932884723  ::  9.967658  ::  [0.20354297757148743, -0.14128820598125458, 0.05544044077396393]
1.675437932884723  ::  9.982648  ::  [0.21296817064285278, -0.14154306054115295, 0.055464714765548706]
1.6755257648485813  ::  9.998605  ::  [0.21925675868988037, -0.1417279839515686, 0.05546648055315018]
1.6775780232507584  ::  10.014604  ::  [0.22867798805236816, -0.1420043259859085, 0.05546298250555992]
1.6775780232507584  ::  10.030562  ::  [0.2381000816822052, -0.14228226244449615, 0.05546156316995621]
1.678746839372477  ::  10.046007  ::  [0.24438822269439697, -0.14246657490730286, 0.0554642528295517]
1.6804141525819005  ::  10.06203  ::  [0.25380939245224, -0.14274178445339203, 0.055463068187236786]
1.681181054759646  ::  10.077111  ::  [0.2600975036621094, -0.1429252177476883, 0.05546199902892113]
1.6820995017596012  ::  10.092475  ::  [0.2695271372795105, -0.14320555329322815, 0.055465295910835266]
1.6820995017596012  ::  10.108413  ::  [0.27894723415374756, -0.14347830414772034, 0.055463481694459915]
1.6811530936727312  ::  10.124331  ::  [0.2883795499801636, -0.14375393092632294, 0.05546913295984268]
1.6803041225032398  ::  10.13927  ::  [0.300946444272995, -0.1441216915845871, 0.05546664074063301]
1.679754719161877  ::  10.15523  ::  [0.300946444272995, -0.1441216915845871, 0.05546664074063301]
1.678218887093976  ::  10.171206  ::  [0.304095983505249, -0.14421460032463074, 0.05547010153532028]
1.6767281983076208  ::  10.187235  ::  [0.3135179877281189, -0.14448973536491394, 0.055467329919338226]
1.6760277837525772  ::  10.202523  ::  [0.32294735312461853, -0.14476576447486877, 0.055469658225774765]
1.6755035667337788  ::  10.218553  ::  [0.3292316198348999, -0.1449495255947113, 0.055467721074819565]
1.6755035667337788  ::  10.234538  ::  [0.335524320602417, -0.1451357901096344, 0.05546899512410164]
1.675259707636068  ::  10.25057  ::  [0.34494924545288086, -0.14541199803352356, 0.055463600903749466]
1.6768227537389433  ::  10.266499  ::  [0.3543573021888733, -0.14568759500980377, 0.055461954325437546]
1.6768227537389433  ::  10.282457  ::  [0.3637836277484894, -0.1459639072418213, 0.05546455457806587]
1.6779756683265001  ::  10.298449  ::  [0.3700639009475708, -0.14614899456501007, 0.055460814386606216]
1.6794752150144354  ::  10.31443  ::  [0.37949007749557495, -0.1464259922504425, 0.055464766919612885]
1.6800834220156837  ::  10.330079  ::  [0.3826340138912201, -0.14651814103126526, 0.05546402931213379]
1.6819063354721369  ::  10.346041  ::  [0.3920607566833496, -0.1467929184436798, 0.05546454340219498]
1.6819063354721369  ::  10.361994  ::  [0.39834365248680115, -0.14697642624378204, 0.05546342954039574]
1.6822159351406087  ::  10.37797  ::  [0.40148627758026123, -0.14707022905349731, 0.055465273559093475]
1.6821174310061724  ::  10.393339  ::  [0.410910964012146, -0.1473468542098999, 0.05546661466360092]
1.6821174310061724  ::  10.409324  ::  [0.414056658744812, -0.1474403738975525, 0.05546701326966286]
1.6818147682485762  ::  10.425282  ::  [0.42034491896629333, -0.147623673081398, 0.05546838790178299]
1.679256542239289  ::  10.44124  ::  [0.4297739863395691, -0.14789848029613495, 0.05546864494681358]
1.6776356529718806  ::  10.456253  ::  [0.4391980469226837, -0.14817598462104797, 0.0554676428437233]
1.6767062136362298  ::  10.47221  ::  [0.44863349199295044, -0.1484508067369461, 0.055470023304224014]
1.6767062136362298  ::  10.488169  ::  [0.45491257309913635, -0.14863444864749908, 0.05547035485506058]
1.6757056976445288  ::  10.504127  ::  [0.4643371105194092, -0.1489105522632599, 0.055467844009399414]
1.6754547949142367  ::  10.52011  ::  [0.4706142544746399, -0.14909496903419495, 0.05546664446592331]
1.6759784783245062  ::  10.536072  ::  [0.4768984317779541, -0.1492791324853897, 0.055462319403886795]
1.6759784783245062  ::  10.551025  ::  [0.4863254129886627, -0.14955779910087585, 0.05546363815665245]
1.676913680632269  ::  10.566957  ::  [0.49260181188583374, -0.14974252879619598, 0.05546174198389053]
1.6778630769269007  ::  10.582949  ::  [0.49888738989830017, -0.14992517232894897, 0.05546407774090767]
1.6788481182712636  ::  10.598873  ::  [0.5051687955856323, -0.15010830760002136, 0.055462487041950226]
1.68080603468553  ::  10.614859  ::  [0.5145971775054932, -0.1503862738609314, 0.05546482279896736]
1.6819876574119421  ::  10.630787  ::  [0.5177478790283203, -0.15047702193260193, 0.055461764335632324]
1.6823673732411126  ::  10.646744  ::  [0.5271647572517395, -0.15075552463531494, 0.055465392768383026]
1.6823673732411126  ::  10.662238  ::  [0.5303115844726562, -0.150847390294075, 0.05546587333083153]
1.6826767594661731  ::  10.67816  ::  [0.5365936756134033, -0.15102975070476532, 0.055467091500759125]
1.6828049322348166  ::  10.693142  ::  [0.542876124382019, -0.15121428668498993, 0.05546712130308151]
1.68205425175635  ::  10.709077  ::  [0.546014130115509, -0.1513070911169052, 0.05546361580491066]
1.6812780647902013  ::  10.725063  ::  [0.5523056387901306, -0.15148891508579254, 0.05546775832772255]
1.6812780647902013  ::  10.740993  ::  [0.55859375, -0.15167474746704102, 0.05547080188989639]
1.6798963388654489  ::  10.756669  ::  [0.5680204629898071, -0.15195079147815704, 0.055470697581768036]
1.6782617892197003  ::  10.772627  ::  [0.5774473547935486, -0.1522267907857895, 0.05547052621841431]
1.6770358769853888  ::  10.788584  ::  [0.5774473547935486, -0.1522267907857895, 0.05547052621841431]
1.676003984812188  ::  10.804541  ::  [0.5868693590164185, -0.1525053232908249, 0.05546675622463226]
1.676003984812188  ::  10.820527  ::  [0.5962927341461182, -0.15278007090091705, 0.055466048419475555]
1.6758014270146147  ::  10.836456  ::  [0.6057224273681641, -0.1530567705631256, 0.055466774851083755]
1.676952740776585  ::  10.852417  ::  [0.615146279335022, -0.1533336043357849, 0.05546431988477707]
1.676952740776585  ::  10.868406  ::  [0.6245706677436829, -0.15361474454402924, 0.05546332895755768]
1.6783574118680804  ::  10.884328  ::  [0.6339997053146362, -0.15388768911361694, 0.05546173080801964]
1.680891091885038  ::  10.899562  ::  [0.6402744054794312, -0.15407034754753113, 0.05546112731099129]
1.680891091885038  ::  10.91552  ::  [0.6496973037719727, -0.1543503850698471, 0.05546419695019722]
1.6818233059850387  ::  10.931476  ::  [0.6591250896453857, -0.15462534129619598, 0.05546310916543007]
1.682471213460838  ::  10.947462  ::  [0.6685532927513123, -0.15490280091762543, 0.05546613782644272]
1.6821216998744037  ::  10.963392  ::  [0.6779794692993164, -0.15517714619636536, 0.0554661825299263]
1.6814150954604248  ::  10.979337  ::  [0.6874059438705444, -0.1554548442363739, 0.05546422302722931]
1.6790111890376975  ::  10.994839  ::  [0.6936891078948975, -0.15563903748989105, 0.05546571686863899]
1.6782505834405932  ::  11.010762  ::  [0.7031234502792358, -0.15591265261173248, 0.05546922981739044]
1.6773602042492586  ::  11.02672  ::  [0.7094014883041382, -0.15609905123710632, 0.0554666593670845]
1.6765243598495783  ::  11.042754  ::  [0.7156908512115479, -0.15628111362457275, 0.05546778067946434]
1.6765243598495783  ::  11.058703  ::  [0.7219760417938232, -0.1564669907093048, 0.05546828359365463]
1.6761379205529436  ::  11.073897  ::  [0.7251298427581787, -0.15655970573425293, 0.05546756833791733]
1.6758140201758969  ::  11.089593  ::  [0.7345412969589233, -0.15683531761169434, 0.05546552687883377]
1.6764148633794465  ::  11.105551  ::  [0.740825891494751, -0.1570184975862503, 0.05546659976243973]
1.6764148633794465  ::  11.121508  ::  [0.7502484321594238, -0.15729482471942902, 0.055464841425418854]
1.6774309607401916  ::  11.137279  ::  [0.7596696615219116, -0.1575717329978943, 0.05546291172504425]
1.6806797829075906  ::  11.153229  ::  [0.7690975666046143, -0.15785102546215057, 0.055463697761297226]
1.6806797829075906  ::  11.169159  ::  [0.7785314917564392, -0.1581270694732666, 0.05546535179018974]
1.6811504256300867  ::  11.185138  ::  [0.7816590070724487, -0.1582183688879013, 0.05546320229768753]
1.682053611426115  ::  11.20007  ::  [0.7879517078399658, -0.15840375423431396, 0.05546291172504425]
1.6828069599472264  ::  11.21555  ::  [0.7973713874816895, -0.15867874026298523, 0.05546535179018974]
1.6831785649267574  ::  11.231507  ::  [0.8036562204360962, -0.1588609218597412, 0.05546446889638901]
1.682574306628623  ::  11.247493  ::  [0.8130872845649719, -0.15913809835910797, 0.05546783655881882]
1.6817204262606655  ::  11.263458  ::  [0.8225187659263611, -0.1594141125679016, 0.05547004193067551]
1.6790765027216359  ::  11.279398  ::  [0.8319501876831055, -0.1596890091896057, 0.05546675994992256]
1.6778361830570439  ::  11.295364  ::  [0.8382271528244019, -0.15987414121627808, 0.05546782165765762]
1.6764749476998015  ::  11.311372  ::  [0.8476510047912598, -0.16014927625656128, 0.055464182049036026]
1.6758477442349238  ::  11.327365  ::  [0.8570789098739624, -0.16042906045913696, 0.0554654523730278]
1.6758477442349238  ::  11.343287  ::  [0.8665047883987427, -0.16070334613323212, 0.05546586215496063]
1.675875491878427  ::  11.359281  ::  [0.8759239912033081, -0.16098234057426453, 0.05546245723962784]
1.6765862584389315  ::  11.375201  ::  [0.879069447517395, -0.1610708236694336, 0.05546383187174797]
1.6765862584389315  ::  11.391158  ::  [0.8853566646575928, -0.1612572818994522, 0.055464886128902435]
1.677997226111068  ::  11.407141  ::  [0.8947864770889282, -0.16153289377689362, 0.05546296387910843]
1.679259637168757  ::  11.423073  ::  [0.9042085409164429, -0.16181132197380066, 0.05546698719263077]
1.6809043253765548  ::  11.439058  ::  [0.9136344790458679, -0.16208738088607788, 0.05546773225069046]
1.6822996049579413  ::  11.453993  ::  [0.9230599403381348, -0.16236534714698792, 0.0554657056927681]
1.6826359917745646  ::  11.468951  ::  [0.93248450756073, -0.16263671219348907, 0.05546567589044571]
1.6826359917745646  ::  11.484943  ::  [0.9356220960617065, -0.16273066401481628, 0.05546506494283676]
1.6818790147154568  ::  11.49993  ::  [0.941916823387146, -0.1629147231578827, 0.05546874180436134]
1.6814713377993715  ::  11.515861  ::  [0.9481953382492065, -0.16309808194637299, 0.05546840280294418]
1.6814713377993715  ::  11.531782  ::  [0.9513485431671143, -0.1631913185119629, 0.0554666742682457]
1.6797309202214876  ::  11.547858  ::  [0.9544844627380371, -0.1632828265428543, 0.05547001585364342]
1.6797309202214876  ::  11.563852  ::  [0.9639120697975159, -0.1635589450597763, 0.055468637496232986]
1.6773296818414052  ::  11.579985  ::  [0.9733434915542603, -0.16383567452430725, 0.05546842887997627]
1.6773296818414052  ::  11.595908  ::  [0.9796195030212402, -0.1640191227197647, 0.055468104779720306]
1.6754065567032235  ::  11.611865  ::  [0.9890488982200623, -0.1642940789461136, 0.055467478930950165]
1.6754065567032235  ::  11.627436  ::  [0.9953298568725586, -0.16447849571704865, 0.05546718090772629]
1.6755671728704244  ::  11.642692  ::  [1.0016143321990967, -0.1646633744239807, 0.055464617908000946]
1.6761419759777634  ::  11.658466  ::  [1.011040210723877, -0.16494247317314148, 0.05546437203884125]
1.6761419759777634  ::  11.674176  ::  [1.0173189640045166, -0.16512534022331238, 0.055464353412389755]
1.6776918953108273  ::  11.689348  ::  [1.0267481803894043, -0.16540277004241943, 0.05546669661998749]
1.6802364609417744  ::  11.705339  ::  [1.0361744165420532, -0.16567884385585785, 0.055467408150434494]
1.6806274892717576  ::  11.721261  ::  [1.0424587726593018, -0.16586357355117798, 0.05546698719263077]
1.6806274892717576  ::  11.737218  ::  [1.045600414276123, -0.1659553498029709, 0.055467549711465836]
1.6823326886867336  ::  11.753206  ::  [1.0518838167190552, -0.16614073514938354, 0.05546591430902481]
1.6825219062710841  ::  11.769192  ::  [1.0613081455230713, -0.16641578078269958, 0.055465854704380035]
1.6825219062710841  ::  11.785151  ::  [1.070732593536377, -0.16669268906116486, 0.055466428399086]
1.681689476965989  ::  11.800082  ::  [1.0801596641540527, -0.16696655750274658, 0.0554666742682457]
1.6808786054454614  ::  11.816067  ::  [1.0864484310150146, -0.16715092957019806, 0.055466149002313614]
1.6790228217036278  ::  11.831337  ::  [1.089584469795227, -0.16724494099617004, 0.055466338992118835]
1.6790228217036278  ::  11.846987  ::  [1.099014163017273, -0.16751734912395477, 0.05546731501817703]
1.678487505627428  ::  11.862944  ::  [1.1021567583084106, -0.16761110723018646, 0.0554681122303009]
1.677152417088102  ::  11.878931  ::  [1.1084442138671875, -0.16779161989688873, 0.055467117577791214]
1.6753382548115232  ::  11.894896  ::  [1.1178730726242065, -0.16807076334953308, 0.055467452853918076]
1.6753382548115232  ::  11.910836  ::  [1.12728750705719, -0.16834735870361328, 0.05546269938349724]
1.6752402842856158  ::  11.926774  ::  [1.1335748434066772, -0.16853386163711548, 0.05546421930193901]
1.675888298483121  ::  11.942734  ::  [1.1398680210113525, -0.16871701180934906, 0.05546317249536514]
1.675888298483121  ::  11.958976  ::  [1.1461460590362549, -0.16890208423137665, 0.05546620860695839]
1.676610911152967  ::  11.97496  ::  [1.1524323225021362, -0.16908639669418335, 0.055466994643211365]
1.6790599608572396  ::  11.990885  ::  [1.158714771270752, -0.16927044093608856, 0.05546710267663002]
1.6790599608572396  ::  12.006869  ::  [1.1681429147720337, -0.16954676806926727, 0.05546703189611435]
1.6803973972740929  ::  12.022506  ::  [1.177570104598999, -0.1698233038187027, 0.05546528846025467]
1.6803973972740929  ::  12.037812  ::  [1.177570104598999, -0.1698233038187027, 0.05546528846025467]
1.681597055968782  ::  12.053757  ::  [1.1869921684265137, -0.17009930312633514, 0.055467549711465836]
1.6817297110490685  ::  12.069151  ::  [1.196413278579712, -0.17037586867809296, 0.05546380206942558]
1.6810353796312543  ::  12.084802  ::  [1.2058422565460205, -0.17065224051475525, 0.055467166006565094]
1.6810353796312543  ::  12.099768  ::  [1.2121236324310303, -0.1708354353904724, 0.055465687066316605]
1.6795757468612815  ::  12.115718  ::  [1.2215662002563477, -0.17110979557037354, 0.05546502023935318]
1.6786698930226085  ::  12.131672  ::  [1.2278393507003784, -0.17129458487033844, 0.055466897785663605]
1.6780590179787156  ::  12.147678  ::  [1.230982780456543, -0.17138662934303284, 0.05546915903687477]
1.676888814474822  ::  12.16367  ::  [1.2372660636901855, -0.17156991362571716, 0.05546863377094269]
1.6755946003488102  ::  12.179333  ::  [1.2466899156570435, -0.17184655368328094, 0.05546554923057556]
1.6750279080911108  ::  12.19477  ::  [1.2529723644256592, -0.1720302850008011, 0.055464401841163635]
1.674195692229427  ::  12.210691  ::  [1.2623956203460693, -0.17230714857578278, 0.055464230477809906]
1.674195692229427  ::  12.225417  ::  [1.2686786651611328, -0.17248912155628204, 0.05546335503458977]
1.6752155248498746  ::  12.241375  ::  [1.2749683856964111, -0.17267632484436035, 0.05546396225690842]
1.6752155248498746  ::  12.257333  ::  [1.2812552452087402, -0.17286035418510437, 0.05546743422746658]
1.6764997071355427  ::  12.27329  ::  [1.290678858757019, -0.17313681542873383, 0.05546670779585838]
1.6793652916574804  ::  12.289247  ::  [1.300105333328247, -0.17341306805610657, 0.05546695739030838]
1.6804342162625874  ::  12.305209  ::  [1.3095307350158691, -0.17368896305561066, 0.05546746402978897]
1.680740187393063  ::  12.321156  ::  [1.3189575672149658, -0.1739652007818222, 0.055468276143074036]
1.680740187393063  ::  12.337108  ::  [1.325249195098877, -0.1741492599248886, 0.05546749383211136]
1.6808506443585467  ::  12.353099  ::  [1.3283836841583252, -0.17424102127552032, 0.05546839162707329]
1.6805411514117805  ::  12.369085  ::  [1.3346645832061768, -0.1744253784418106, 0.05546761304140091]
1.6800944143513794  ::  12.385045  ::  [1.3409476280212402, -0.1746072769165039, 0.05546489357948303]
1.6790825858588654  ::  12.400008  ::  [1.3503785133361816, -0.17488515377044678, 0.055467791855335236]
