1.4360124817190962  ::  0.015955  ::  [-4.649796962738037, 0.00010098864731844515, 0.055466193705797195]
1.4663948706946053  ::  0.031913  ::  [-4.649796485900879, 0.0001010736232274212, 0.0554661862552166]
1.470658082675457  ::  0.046872  ::  [-4.647914409637451, 5.193196557229385e-05, 0.05670837312936783]
1.470658082675457  ::  0.062909  ::  [-4.634581565856934, -0.0003010951040778309, 0.05607328191399574]
1.352802101329829  ::  0.078869  ::  [-4.622042179107666, -0.0005375245818868279, 0.056945521384477615]
1.267558352280308  ::  0.094827  ::  [-4.613615036010742, -0.0006457341369241476, 0.05592849850654602]
1.267558352280308  ::  0.110362  ::  [-4.604852676391602, -0.0008377471240237355, 0.055615440011024475]
1.3337851471332212  ::  0.126181  ::  [-4.600687026977539, -0.0008518537506461143, 0.05548028647899628]
1.33353168308199  ::  0.142138  ::  [-4.5814971923828125, -0.0013013409916311502, 0.05546833947300911]
1.332607366388217  ::  0.15754  ::  [-4.5814971923828125, -0.0013013409916311502, 0.05546833947300911]
1.3315197654845983  ::  0.173522  ::  [-4.572070121765137, -0.0015195051673799753, 0.05546983331441879]
1.3315197654845983  ::  0.189512  ::  [-4.56578254699707, -0.0016659809043630958, 0.05547051876783371]
1.3294964286646878  ::  0.205532  ::  [-4.562636852264404, -0.001738639548420906, 0.055468834936618805]
1.3294964286646878  ::  0.221505  ::  [-4.5532097816467285, -0.001957653323188424, 0.0554710254073143]
1.3282815087660718  ::  0.237447  ::  [-4.543788433074951, -0.0021757460199296474, 0.05546676367521286]
1.327307139592287  ::  0.252808  ::  [-4.537491321563721, -0.0023241285234689713, 0.05546514317393303]
1.3261378965837456  ::  0.268755  ::  [-4.528074264526367, -0.002541987458243966, 0.05546770617365837]
1.3275334963302496  ::  0.284692  ::  [-4.518649578094482, -0.0027600456960499287, 0.055465273559093475]
1.3290979298152998  ::  0.300644  ::  [-4.506083965301514, -0.0030533820390701294, 0.05546368286013603]
1.33042608144375  ::  0.315818  ::  [-4.496653079986572, -0.0032713308464735746, 0.05546744167804718]
1.33042608144375  ::  0.331775  ::  [-4.4872307777404785, -0.0034916927106678486, 0.055465854704380035]
1.3317031133751307  ::  0.347826  ::  [-4.477802753448486, -0.003708931151777506, 0.05546591430902481]
1.3327731051972955  ::  0.363785  ::  [-4.468372821807861, -0.003927207086235285, 0.055467572063207626]
1.3318474011213473  ::  0.379716  ::  [-4.458941459655762, -0.004144822712987661, 0.055468253791332245]
1.330946563202846  ::  0.395652  ::  [-4.446373462677002, -0.004437922965735197, 0.055468060076236725]
1.329943592611912  ::  0.411653  ::  [-4.436938285827637, -0.004657416604459286, 0.05547062307596207]
1.3287821402878925  ::  0.427611  ::  [-4.427518844604492, -0.004875630605965853, 0.05546807497739792]
1.3280359421210686  ::  0.443599  ::  [-4.418090343475342, -0.005093785468488932, 0.05546687915921211]
1.3280359421210686  ::  0.459525  ::  [-4.408662796020508, -0.005312857683748007, 0.055464040488004684]
1.3322904029220461  ::  0.47558  ::  [-4.399226188659668, -0.005532410461455584, 0.05546463280916214]
1.3322904029220461  ::  0.491185  ::  [-4.389801979064941, -0.005752080120146275, 0.05546765401959419]
1.3330368145322815  ::  0.507142  ::  [-4.3803791999816895, -0.005973240826278925, 0.05546543374657631]
1.3338632674218531  ::  0.522298  ::  [-4.374087810516357, -0.006121275946497917, 0.05546591430902481]
1.3352710334428162  ::  0.538255  ::  [-4.3646626472473145, -0.006339089013636112, 0.05546583980321884]
1.3366548938016842  ::  0.553423  ::  [-4.355242729187012, -0.006558066699653864, 0.055465202778577805]
1.3398789565333418  ::  0.56937  ::  [-4.345813274383545, -0.006780073046684265, 0.05546712502837181]
1.3398789565333418  ::  0.584301  ::  [-4.3363823890686035, -0.0069983056746423244, 0.05546765774488449]
1.3396969960249845  ::  0.600403  ::  [-4.333242893218994, -0.007074072957038879, 0.05546839162707329]
1.3396969960249845  ::  0.616365  ::  [-4.330096244812012, -0.007146543823182583, 0.05546575039625168]
1.3396781062830612  ::  0.631637  ::  [-4.323814868927002, -0.00729354377835989, 0.055467259138822556]
1.3388862312261627  ::  0.647496  ::  [-4.317521572113037, -0.007437628693878651, 0.055468760430812836]
1.3378794186538205  ::  0.663448  ::  [-4.311239242553711, -0.007584671024233103, 0.05546991527080536]
1.3378794186538205  ::  0.679404  ::  [-4.30181360244751, -0.007806376554071903, 0.055467136204242706]
1.336077315929995  ::  0.695364  ::  [-4.292388916015625, -0.008024941198527813, 0.05546882003545761]
1.333779277439403  ::  0.711298  ::  [-4.282953262329102, -0.00824517197906971, 0.05546652525663376]
1.3337254896996893  ::  0.726514  ::  [-4.273531436920166, -0.008465701714158058, 0.05546652153134346]
1.3337254896996893  ::  0.742101  ::  [-4.270379543304443, -0.008539281785488129, 0.05546843633055687]
1.333343746158109  ::  0.757868  ::  [-4.26409912109375, -0.008684540167450905, 0.055468324571847916]
1.334393674299587  ::  0.773162  ::  [-4.257822036743164, -0.008832095190882683, 0.055465344339609146]
1.335662275216211  ::  0.788902  ::  [-4.251529216766357, -0.008979789912700653, 0.05546776205301285]
1.335662275216211  ::  0.804858  ::  [-4.242105007171631, -0.009199349209666252, 0.05546329542994499]
1.3363998289248666  ::  0.820501  ::  [-4.238967418670654, -0.00927430484443903, 0.05546586588025093]
1.3387021362836897  ::  0.836459  ::  [-4.2326836585998535, -0.009419369511306286, 0.05546621233224869]
1.3387021362836897  ::  0.852487  ::  [-4.226398944854736, -0.009568242356181145, 0.05546614155173302]
1.3399394677405199  ::  0.867447  ::  [-4.216968059539795, -0.009785790927708149, 0.05546431988477707]
1.3407077573004407  ::  0.883405  ::  [-4.20753288269043, -0.010006432421505451, 0.05546336621046066]
1.3411321895243333  ::  0.899369  ::  [-4.198116302490234, -0.010227818042039871, 0.05546805262565613]
1.340467313297315  ::  0.915327  ::  [-4.191830158233643, -0.01037288922816515, 0.055467091500759125]
1.3390547447995917  ::  0.931284  ::  [-4.182405948638916, -0.010592097416520119, 0.05546814948320389]
1.338088699918858  ::  0.946488  ::  [-4.172972679138184, -0.010811587795615196, 0.055470142513513565]
1.33628488964774  ::  0.962422  ::  [-4.166689872741699, -0.010959102772176266, 0.05546705797314644]
1.3355686802802407  ::  0.978378  ::  [-4.157262802124023, -0.011177805252373219, 0.05546743795275688]
1.3355686802802407  ::  0.994337  ::  [-4.154118537902832, -0.01125340349972248, 0.05546911805868149]
1.3337850404115152  ::  1.010294  ::  [-4.1478376388549805, -0.011399838142096996, 0.055466800928115845]
1.333198284473129  ::  1.025654  ::  [-4.135269641876221, -0.011692345142364502, 0.0554656907916069]
1.3332305144282748  ::  1.041647  ::  [-4.135269641876221, -0.011692345142364502, 0.0554656907916069]
1.3332305144282748  ::  1.057587  ::  [-4.132126331329346, -0.0117648895829916, 0.05546505004167557]
1.3334155698660999  ::  1.072529  ::  [-4.1226935386657715, -0.011985568329691887, 0.05546777695417404]
1.3334947573717897  ::  1.088486  ::  [-4.119553565979004, -0.012060984969139099, 0.055465660989284515]
1.336092043525393  ::  1.104443  ::  [-4.1132683753967285, -0.012209908105432987, 0.05546510964632034]
1.336092043525393  ::  1.120558  ::  [-4.103827476501465, -0.012427138164639473, 0.05546532943844795]
1.3374736627284396  ::  1.136516  ::  [-4.097560882568359, -0.012575243599712849, 0.05546551197767258]
1.3398991269357345  ::  1.152473  ::  [-4.088130474090576, -0.012794715352356434, 0.05546566843986511]
1.3398991269357345  ::  1.168579  ::  [-4.078697204589844, -0.013015111908316612, 0.05546502768993378]
1.340010651118276  ::  1.18454  ::  [-4.069277763366699, -0.013233097270131111, 0.05546733736991882]
1.340010651118276  ::  1.200493  ::  [-4.059844493865967, -0.013454313389956951, 0.055470604449510574]
1.3384771669279025  ::  1.216479  ::  [-4.050417423248291, -0.01367300283163786, 0.05547059327363968]
1.3372237204934994  ::  1.232443  ::  [-4.047266006469727, -0.013747666962444782, 0.05546790733933449]
1.3372237204934994  ::  1.248366  ::  [-4.037846565246582, -0.013967621140182018, 0.05547063797712326]
1.335109456780263  ::  1.264359  ::  [-4.028417587280273, -0.014186808839440346, 0.05546942353248596]
1.333884825206421  ::  1.279309  ::  [-4.025275707244873, -0.014260699972510338, 0.05546935647726059]
1.333440969632076  ::  1.295241  ::  [-4.0189924240112305, -0.014406440779566765, 0.05546785145998001]
1.333250044500433  ::  1.311221  ::  [-4.0127058029174805, -0.014555392786860466, 0.05546832084655762]
1.3337093747221163  ::  1.326635  ::  [-4.006416320800781, -0.01470187772065401, 0.055470168590545654]
1.333734347601269  ::  1.342115  ::  [-3.996995449066162, -0.014920921996235847, 0.05546584725379944]
1.333734347601269  ::  1.358072  ::  [-3.993844509124756, -0.014994265511631966, 0.05546847730875015]
1.3342072314795868  ::  1.37403  ::  [-3.9875688552856445, -0.015142192132771015, 0.05546557158231735]
1.3370663059774717  ::  1.389987  ::  [-3.9781317710876465, -0.015361870639026165, 0.05546640232205391]
1.3386071539655442  ::  1.405945  ::  [-3.9687137603759766, -0.015582263469696045, 0.05546783283352852]
1.340032102181138  ::  1.421221  ::  [-3.9592902660369873, -0.01580120250582695, 0.055464088916778564]
1.340032102181138  ::  1.437148  ::  [-3.9498631954193115, -0.01602332666516304, 0.055465616285800934]
1.3411961158260965  ::  1.453106  ::  [-3.9404306411743164, -0.016242971643805504, 0.05546678975224495]
1.3411961158260965  ::  1.468601  ::  [-3.937288999557495, -0.016315016895532608, 0.05546911060810089]
1.3410502272542932  ::  1.484557  ::  [-3.930999517440796, -0.016463503241539, 0.0554654486477375]
1.3397043598226834  ::  1.500516  ::  [-3.9215810298919678, -0.01668366976082325, 0.05546950548887253]
1.3392248591986073  ::  1.51624  ::  [-3.9121508598327637, -0.016901308670639992, 0.05546864867210388]
1.3369610783755712  ::  1.532198  ::  [-3.9027233123779297, -0.01712249405682087, 0.05546974390745163]
1.3360581060229544  ::  1.548218  ::  [-3.8932974338531494, -0.017340024933218956, 0.05546515807509422]
1.334815545202541  ::  1.564175  ::  [-3.8838658332824707, -0.017564229667186737, 0.055468134582042694]
1.334606050494092  ::  1.579136  ::  [-3.8744425773620605, -0.01778167486190796, 0.055468231439590454]
1.334606050494092  ::  1.595093  ::  [-3.865015745162964, -0.01800326257944107, 0.05546493083238602]
1.334935180234722  ::  1.61105  ::  [-3.8555908203125, -0.018223697319626808, 0.055462077260017395]
1.3371595807483247  ::  1.626521  ::  [-3.846160888671875, -0.01844252273440361, 0.05546576529741287]
1.3387198520868495  ::  1.642551  ::  [-3.827306032180786, -0.018882708624005318, 0.05546463280916214]
1.340229964223657  ::  1.658539  ::  [-3.827306032180786, -0.018882708624005318, 0.05546463280916214]
1.3417370881527027  ::  1.674538  ::  [-3.817882537841797, -0.01910596899688244, 0.05546657368540764]
1.341477647685948  ::  1.690492  ::  [-3.808454751968384, -0.01932417042553425, 0.05546706169843674]
1.341477647685948  ::  1.705978  ::  [-3.799025297164917, -0.019545335322618484, 0.055469363927841187]
1.3401094754178298  ::  1.721928  ::  [-3.780170440673828, -0.019985878840088844, 0.05546832084655762]
1.3401094754178298  ::  1.737896  ::  [-3.780170440673828, -0.019985878840088844, 0.05546832084655762]
1.3394168515473082  ::  1.752897  ::  [-3.773881196975708, -0.02012990042567253, 0.05547083169221878]
1.3366979026491141  ::  1.767881  ::  [-3.7613139152526855, -0.02042582258582115, 0.055468957871198654]
1.334965916085987  ::  1.783842  ::  [-3.755028247833252, -0.020569978281855583, 0.055466994643211365]
1.3351248247058956  ::  1.799799  ::  [-3.7456018924713135, -0.020791560411453247, 0.055467814207077026]
1.3351248247058956  ::  1.815599  ::  [-3.736178159713745, -0.021012471988797188, 0.05546417832374573]
1.3354820222551462  ::  1.831356  ::  [-3.72674560546875, -0.02123192697763443, 0.055468715727329254]
1.336549986364901  ::  1.846894  ::  [-3.7173213958740234, -0.02145466022193432, 0.055465199053287506]
1.3376929758338205  ::  1.862139  ::  [-3.7078962326049805, -0.021676836535334587, 0.05546461045742035]
1.3408499106125416  ::  1.878096  ::  [-3.7016098499298096, -0.02182227000594139, 0.05546559393405914]
1.3408499106125416  ::  1.893968  ::  [-3.692185401916504, -0.022042445838451385, 0.055466316640377045]
1.3427278924691777  ::  1.909951  ::  [-3.6827585697174072, -0.022264983505010605, 0.05546588450670242]
1.3425258682801333  ::  1.925908  ::  [-3.6733179092407227, -0.022484051063656807, 0.05546595901250839]
1.3418542685856507  ::  1.941901  ::  [-3.6638994216918945, -0.022702282294631004, 0.055468928068876266]
1.340973601069542  ::  1.95787  ::  [-3.6544711589813232, -0.02292148396372795, 0.05546953156590462]
1.340973601069542  ::  1.973937  ::  [-3.645040988922119, -0.023143088445067406, 0.05547059327363968]
1.3392807813724368  ::  1.989992  ::  [-3.635605812072754, -0.023362141102552414, 0.0554669126868248]
1.3376039699311988  ::  2.005997  ::  [-3.6261935234069824, -0.02358318865299225, 0.05546557158231735]
1.3359106166255643  ::  2.021919  ::  [-3.616760015487671, -0.023802151903510094, 0.055469173938035965]
1.335745197981603  ::  2.037981  ::  [-3.604191303253174, -0.02409784123301506, 0.05546844005584717]
1.336393318900814  ::  2.053143  ::  [-3.5979039669036865, -0.024244684725999832, 0.05546681955456734]
1.336393318900814  ::  2.06908  ::  [-3.58847975730896, -0.02446720190346241, 0.055466633290052414]
1.3385016061985264  ::  2.084038  ::  [-3.5790531635284424, -0.02468748204410076, 0.055466946214437485]
1.3400147065430958  ::  2.099994  ::  [-3.5759143829345703, -0.024760060012340546, 0.0554642528295517]
1.3410644212411622  ::  2.115953  ::  [-3.5696284770965576, -0.0249068271368742, 0.05546485632658005]
1.3417047514758509  ::  2.13191  ::  [-3.5633442401885986, -0.025052616372704506, 0.05546605587005615]
1.342515729718084  ::  2.147867  ::  [-3.5570578575134277, -0.025199156254529953, 0.05546647682785988]
1.3424420917410949  ::  2.163826  ::  [-3.5507702827453613, -0.025350239127874374, 0.05546484515070915]
1.3425226666289598  ::  2.178785  ::  [-3.54449200630188, -0.025493811815977097, 0.0554647371172905]
1.3425226666289598  ::  2.194741  ::  [-3.538206100463867, -0.02564248815178871, 0.055465999990701675]
1.3425179708739055  ::  2.210169  ::  [-3.531917095184326, -0.02579006552696228, 0.055469270795583725]
1.3410081789022152  ::  2.225579  ::  [-3.5162017345428467, -0.026153188198804855, 0.0554695650935173]
1.3394005231263235  ::  2.240736  ::  [-3.5162017345428467, -0.026153188198804855, 0.0554695650935173]
1.3394005231263235  ::  2.256571  ::  [-3.5067741870880127, -0.02637164667248726, 0.05546794459223747]
1.3364276832900754  ::  2.272539  ::  [-3.497340679168701, -0.02659628354012966, 0.0554707869887352]
1.3359940729994855  ::  2.288492  ::  [-3.487905502319336, -0.02681775391101837, 0.05546795576810837]
1.3359940729994855  ::  2.304343  ::  [-3.481632947921753, -0.026963215321302414, 0.055466197431087494]
1.335880094217711  ::  2.32033  ::  [-3.4784913063049316, -0.027034679427742958, 0.05546746402978897]
1.336463648504924  ::  2.336258  ::  [-3.4722068309783936, -0.02718384936451912, 0.05546791851520538]
1.337517845514633  ::  2.351396  ::  [-3.4627857208251953, -0.0274038165807724, 0.05546518415212631]
1.337517845514633  ::  2.366746  ::  [-3.453352928161621, -0.02762758731842041, 0.055464308708906174]
1.3384112129137296  ::  2.382682  ::  [-3.4439327716827393, -0.02784709259867668, 0.055464521050453186]
1.3401959199995128  ::  2.398742  ::  [-3.434499502182007, -0.02806595340371132, 0.05546187609434128]
1.3416390109050895  ::  2.41463  ::  [-3.4250800609588623, -0.02828959748148918, 0.055465228855609894]
1.3425262951669565  ::  2.42962  ::  [-3.4156556129455566, -0.028509002178907394, 0.05546573922038078]
1.3430389862415306  ::  2.445577  ::  [-3.406217098236084, -0.028727775439620018, 0.05546926334500313]
1.3427256513133563  ::  2.461504  ::  [-3.396798610687256, -0.028948713093996048, 0.05546595901250839]
1.3398064924951163  ::  2.476638  ::  [-3.387369394302368, -0.029169198125600815, 0.05546792224049568]
1.3376021556622004  ::  2.49265  ::  [-3.377936363220215, -0.029387185350060463, 0.0554678812623024]
1.3390652035267583  ::  2.508172  ::  [-3.3685028553009033, -0.029607776552438736, 0.055465005338191986]
1.3390652035267583  ::  2.524131  ::  [-3.359084129333496, -0.029827255755662918, 0.05546927824616432]
1.3384254069005985  ::  2.540092  ::  [-3.349658489227295, -0.030050020664930344, 0.055467389523983]
1.3386670248424877  ::  2.555491  ::  [-3.34023118019104, -0.030269915238022804, 0.05546646937727928]
1.3386670248424877  ::  2.570742  ::  [-3.3308098316192627, -0.030494045466184616, 0.05546470731496811]
1.3405045591726328  ::  2.586692  ::  [-3.324526071548462, -0.03064076602458954, 0.05546214431524277]
1.3420022915915695  ::  2.60265  ::  [-3.315101385116577, -0.030863504856824875, 0.05546168237924576]
1.3436264892318575  ::  2.618609  ::  [-3.3025317192077637, -0.03115617111325264, 0.05546167865395546]
1.3444975517944455  ::  2.634458  ::  [-3.293093681335449, -0.031376197934150696, 0.055464714765548706]
1.3444975517944455  ::  2.650387  ::  [-3.2836766242980957, -0.03160000592470169, 0.055464595556259155]
1.3448204916761404  ::  2.66567  ::  [-3.274247169494629, -0.03181648626923561, 0.055466074496507645]
1.3439065269878279  ::  2.680642  ::  [-3.2648203372955322, -0.032036639750003815, 0.05546649545431137]
1.3439065269878279  ::  2.696564  ::  [-3.255384922027588, -0.03226078301668167, 0.055464014410972595]
1.3418296158716152  ::  2.712521  ::  [-3.249110460281372, -0.03240656107664108, 0.055467139929533005]
1.340694310365512  ::  2.728506  ::  [-3.242816209793091, -0.03255374729633331, 0.05546856299042702]
1.340694310365512  ::  2.744252  ::  [-3.2365362644195557, -0.032698437571525574, 0.055467408150434494]
1.3389195283983666  ::  2.760365  ::  [-3.2302489280700684, -0.032845091074705124, 0.055468373000621796]
1.3389195283983666  ::  2.77629  ::  [-3.2239649295806885, -0.032994210720062256, 0.05546718090772629]
1.338118581996477  ::  2.792248  ::  [-3.214536428451538, -0.033215899020433426, 0.05546753108501434]
1.3389128049309025  ::  2.807209  ::  [-3.2051124572753906, -0.03343565762042999, 0.055466584861278534]
1.3389128049309025  ::  2.823194  ::  [-3.195690393447876, -0.03365740552544594, 0.055463239550590515]
1.3391743798317728  ::  2.839157  ::  [-3.192542791366577, -0.03373032063245773, 0.05546370521187782]
1.3408849153320377  ::  2.855113  ::  [-3.1831212043762207, -0.03395054489374161, 0.05546458810567856]
1.3438226437270837  ::  2.871207  ::  [-3.173693895339966, -0.03417099639773369, 0.05546368286013603]
1.3446105700808682  ::  2.887136  ::  [-3.1642649173736572, -0.034393198788166046, 0.05546603351831436]
1.3446105700808682  ::  2.903091  ::  [-3.1548373699188232, -0.03461585193872452, 0.055463407188653946]
1.3450446072582813  ::  2.918817  ::  [-3.151698112487793, -0.03468835726380348, 0.05546460300683975]
1.3442433406912742  ::  2.934739  ::  [-3.145406484603882, -0.03483308106660843, 0.05546536296606064]
1.3433479455797679  ::  2.950697  ::  [-3.135976791381836, -0.035053398460149765, 0.05546339601278305]
1.3433479455797679  ::  2.966508  ::  [-3.126559257507324, -0.0352732315659523, 0.0554681159555912]
1.3417941842652956  ::  2.981758  ::  [-3.1171302795410156, -0.03549483045935631, 0.055467959493398666]
1.3388604045733636  ::  2.99772  ::  [-3.107703685760498, -0.035716813057661057, 0.055468808859586716]
1.3379105813919088  ::  3.013644  ::  [-3.098268985748291, -0.03593521937727928, 0.05546972155570984]
1.3373561621303742  ::  3.029638  ::  [-3.0888419151306152, -0.03615527227520943, 0.055466555058956146]
1.3380519876520691  ::  3.045557  ::  [-3.0857045650482178, -0.036229752004146576, 0.05546555295586586]
1.3385230572613884  ::  3.060571  ::  [-3.076277017593384, -0.036452967673540115, 0.055465251207351685]
1.339624958873582  ::  3.07668  ::  [-3.0699825286865234, -0.03660047426819801, 0.05546485260128975]
1.3407683752293245  ::  3.092637  ::  [-3.060565233230591, -0.0368199422955513, 0.05546383187174797]
1.3407683752293245  ::  3.10863  ::  [-3.0511438846588135, -0.03704041987657547, 0.055461615324020386]
1.3424437992883873  ::  3.124588  ::  [-3.0417163372039795, -0.037261031568050385, 0.05546240508556366]
1.3445709763280234  ::  3.14051  ::  [-3.0322887897491455, -0.03748045861721039, 0.05546174198389053]
1.3444351195965634  ::  3.15625  ::  [-3.0197134017944336, -0.03777887672185898, 0.05546807497739792]
1.344433412049271  ::  3.172209  ::  [-3.0102906227111816, -0.037998490035533905, 0.055467478930950165]
1.344433412049271  ::  3.188184  ::  [-3.0102906227111816, -0.037998490035533905, 0.055467478930950165]
1.3440193318308389  ::  3.203542  ::  [-3.0040054321289062, -0.03814834728837013, 0.055467389523983]
1.3437138943088924  ::  3.219476  ::  [-3.000861883163452, -0.03821807727217674, 0.055467382073402405]
1.3431060074727612  ::  3.234455  ::  [-2.994576930999756, -0.03836589306592941, 0.05546681582927704]
1.3419379384029833  ::  3.250371  ::  [-2.9851484298706055, -0.03858574479818344, 0.05546535924077034]
1.3394059659333184  ::  3.26633  ::  [-2.975719928741455, -0.038805343210697174, 0.05546798184514046]
1.338432984141709  ::  3.28144  ::  [-2.966292381286621, -0.03902799263596535, 0.055467426776885986]
1.3379980931906497  ::  3.297281  ::  [-2.9568514823913574, -0.039247747510671616, 0.05546428635716438]
1.3381861368362364  ::  3.312239  ::  [-2.9474358558654785, -0.039471227675676346, 0.05546586960554123]
1.3384260472308331  ::  3.328232  ::  [-2.944298505783081, -0.03954077512025833, 0.05546059459447861]
1.3384260472308331  ::  3.344043  ::  [-2.938016653060913, -0.039691247045993805, 0.05546373873949051]
1.3385009658682918  ::  3.35969  ::  [-2.934873342514038, -0.039764128625392914, 0.05546146631240845]
1.3416032591336526  ::  3.375525  ::  [-2.9254493713378906, -0.039988309144973755, 0.05546126142144203]
1.3427890440065904  ::  3.390668  ::  [-2.916006565093994, -0.04020768404006958, 0.055461250245571136]
1.3440717321883777  ::  3.406625  ::  [-2.9097368717193604, -0.04035327956080437, 0.05546560883522034]
1.3440717321883777  ::  3.421919  ::  [-2.9003102779388428, -0.04057477042078972, 0.0554647371172905]
1.3455090601218422  ::  3.43795  ::  [-2.8908772468566895, -0.040795039385557175, 0.055468715727329254]
1.344812380826501  ::  3.453907  ::  [-2.881441116333008, -0.04101664200425148, 0.055463820695877075]
1.344812380826501  ::  3.469865  ::  [-2.8720245361328125, -0.041237130761146545, 0.05546841397881508]
1.3423368641391944  ::  3.485956  ::  [-2.8625998497009277, -0.04145730659365654, 0.055467355996370316]
1.3423368641391944  ::  3.500986  ::  [-2.8531653881073, -0.04167870432138443, 0.055468421429395676]
1.3392090643861516  ::  3.516938  ::  [-2.8405988216400146, -0.04197161644697189, 0.05546748638153076]
1.3385722559677538  ::  3.53298  ::  [-2.834312915802002, -0.0421176515519619, 0.05546725541353226]
1.3385722559677538  ::  3.548937  ::  [-2.821743965148926, -0.04241291433572769, 0.05546624958515167]
1.3384194304850747  ::  3.564895  ::  [-2.812314987182617, -0.04263539984822273, 0.05546591058373451]
1.3403582437140062  ::  3.579853  ::  [-2.8028743267059326, -0.042854197323322296, 0.055465590208768845]
1.3419048546741912  ::  3.595956  ::  [-2.7934677600860596, -0.04307415708899498, 0.05546199530363083]
1.3436021566829393  ::  3.611909  ::  [-2.784039258956909, -0.043298132717609406, 0.055463530123233795]
1.3436021566829393  ::  3.626867  ::  [-2.7746124267578125, -0.043518561869859695, 0.055462781339883804]
1.3446598755089392  ::  3.642796  ::  [-2.7651801109313965, -0.04373941570520401, 0.05546439066529274]
1.3456616721611097  ::  3.658779  ::  [-2.7557482719421387, -0.04395848885178566, 0.05546533316373825]
1.3456616721611097  ::  3.674828  ::  [-2.7463321685791016, -0.04418357461690903, 0.05546477809548378]
1.3436562645877705  ::  3.690774  ::  [-2.7369027137756348, -0.04440160468220711, 0.055467862635850906]
1.3424116760549472  ::  3.706702  ::  [-2.727475881576538, -0.04462333023548126, 0.055466897785663605]
1.3418636600957594  ::  3.722658  ::  [-2.7180395126342773, -0.04484374076128006, 0.055466171354055405]
1.340931232552347  ::  3.738616  ::  [-2.714900493621826, -0.04491392523050308, 0.05546918138861656]
1.3397708474453853  ::  3.754616  ::  [-2.7086191177368164, -0.045060791075229645, 0.05546737089753151]
1.3397708474453853  ::  3.770531  ::  [-2.699187755584717, -0.04528314620256424, 0.05546826124191284]
1.3389648851233238  ::  3.786488  ::  [-2.689760684967041, -0.045503996312618256, 0.055467601865530014]
1.3389648851233238  ::  3.80209  ::  [-2.6834771633148193, -0.0456513836979866, 0.055466122925281525]
1.3397311469708346  ::  3.818047  ::  [-2.6771883964538574, -0.04579674080014229, 0.05546227842569351]
1.3410694371613339  ::  3.834033  ::  [-2.6677684783935547, -0.04602253809571266, 0.0554627925157547]
1.342775063463133  ::  3.849961  ::  [-2.65834641456604, -0.0462435819208622, 0.055464256554841995]
1.3439403577685607  ::  3.86495  ::  [-2.648916006088257, -0.04646168649196625, 0.055463697761297226]
1.3451071461778692  ::  3.879881  ::  [-2.6426262855529785, -0.046614207327365875, 0.055463701486587524]
1.3456389404377782  ::  3.895873  ::  [-2.6332054138183594, -0.046834684908390045, 0.05546386539936066]
1.345972125603228  ::  3.910831  ::  [-2.626922845840454, -0.04697926715016365, 0.055461518466472626]
1.345972125603228  ::  3.926787  ::  [-2.61749005317688, -0.04719982296228409, 0.05546528473496437]
1.3447241219758197  ::  3.942713  ::  [-2.611205577850342, -0.047344885766506195, 0.05546681955456734]
1.3430052621825037  ::  3.958701  ::  [-2.601778268814087, -0.04756471887230873, 0.05546828359365463]
1.3413312255056158  ::  3.973631  ::  [-2.5892066955566406, -0.04786207899451256, 0.05546867102384567]
1.3403878056265077  ::  3.988779  ::  [-2.5797762870788574, -0.04808146134018898, 0.055467672646045685]
1.3395294429469076  ::  4.004707  ::  [-2.5734941959381104, -0.048230502754449844, 0.055467940866947174]
1.339112267799008  ::  4.019905  ::  [-2.5672049522399902, -0.04837843030691147, 0.055467355996370316]
1.3384752459371985  ::  4.03532  ::  [-2.5609257221221924, -0.04852553829550743, 0.05546601861715317]
1.3384752459371985  ::  4.051302  ::  [-2.5514914989471436, -0.048743996769189835, 0.05546773225069046]
1.3387322318047201  ::  4.067236  ::  [-2.5420711040496826, -0.04896770417690277, 0.05546174570918083]
1.3406580249855464  ::  4.082363  ::  [-2.532646656036377, -0.04919013753533363, 0.05546407401561737]
1.3422173358287193  ::  4.098291  ::  [-2.523221731185913, -0.049409106373786926, 0.05546136945486069]
1.3422173358287193  ::  4.113471  ::  [-2.513791084289551, -0.04962867125868797, 0.05546492338180542]
1.3437390806314569  ::  4.129429  ::  [-2.5043649673461914, -0.0498504675924778, 0.05546364188194275]
1.3443247693527856  ::  4.145387  ::  [-2.4949331283569336, -0.05007098615169525, 0.05546771362423897]
1.3448165429730263  ::  4.161344  ::  [-2.485511541366577, -0.05029327794909477, 0.05546627193689346]
1.3441702363228138  ::  4.177301  ::  [-2.4792213439941406, -0.05044146627187729, 0.05546683818101883]
1.343237488614284  ::  4.19326  ::  [-2.4729397296905518, -0.050586286932229996, 0.05546806752681732]
1.3426503057890744  ::  4.209216  ::  [-2.4635097980499268, -0.05080546438694, 0.05546734482049942]
1.3417473334364576  ::  4.224811  ::  [-2.4603614807128906, -0.05087917670607567, 0.055471260100603104]
1.3417473334364576  ::  4.240845  ::  [-2.454080104827881, -0.05102404206991196, 0.05546828359365463]
1.3398924034682702  ::  4.256768  ::  [-2.4446523189544678, -0.05124696344137192, 0.05546901002526283]
1.3385982960639644  ::  4.272653  ::  [-2.435220241546631, -0.05146783962845802, 0.055470965802669525]
1.3379184787981366  ::  4.28861  ::  [-2.4258008003234863, -0.05168851092457771, 0.0554647371172905]
1.3384324505331802  ::  4.304739  ::  [-2.4163730144500732, -0.05190824717283249, 0.05546553432941437]
1.3394464134598096  ::  4.320662  ::  [-2.406949043273926, -0.052128665149211884, 0.055464643985033035]
1.3394464134598096  ::  4.336656  ::  [-2.3943827152252197, -0.052421685308218, 0.055461734533309937]
1.339799235419123  ::  4.351579  ::  [-2.3912410736083984, -0.05249984934926033, 0.055461570620536804]
1.3410333652247797  ::  4.367535  ::  [-2.384955644607544, -0.052644699811935425, 0.055462777614593506]
1.341491308064288  ::  4.383214  ::  [-2.3818135261535645, -0.05271900072693825, 0.05546541139483452]
1.3423196819445635  ::  4.399174  ::  [-2.3755247592926025, -0.05286550149321556, 0.0554618164896965]
1.3435312934703003  ::  4.414665  ::  [-2.366100311279297, -0.05308900400996208, 0.05546516925096512]
1.3436907356987378  ::  4.430622  ::  [-2.3566746711730957, -0.053305886685848236, 0.05546512454748154]
1.3427659921181416  ::  4.446122  ::  [-2.347245216369629, -0.05352902412414551, 0.0554647222161293]
1.3427659921181416  ::  4.46111  ::  [-2.3378188610076904, -0.05374769866466522, 0.05546530336141586]
1.3411984637036236  ::  4.476319  ::  [-2.3283889293670654, -0.05396813526749611, 0.05546639487147331]
1.3394290178217672  ::  4.492108  ::  [-2.3189589977264404, -0.05418815463781357, 0.05546831339597702]
1.3368311980596352  ::  4.508065  ::  [-2.3095343112945557, -0.05441005155444145, 0.05546893551945686]
1.3368311980596352  ::  4.524017  ::  [-2.303245782852173, -0.05455325171351433, 0.05546661093831062]
1.3364824315251413  ::  4.540052  ::  [-2.293820381164551, -0.054777033627033234, 0.055465422570705414]
1.3373824156699965  ::  4.555974  ::  [-2.281254291534424, -0.05507230386137962, 0.05546524375677109]
1.338829028391864  ::  4.571111  ::  [-2.2718265056610107, -0.055290572345256805, 0.05546315014362335]
1.338829028391864  ::  4.58706  ::  [-2.262392044067383, -0.05551312863826752, 0.055460624396800995]
1.3423220298220908  ::  4.603061  ::  [-2.256119728088379, -0.055660732090473175, 0.055459849536418915]
1.343343036381302  ::  4.618227  ::  [-2.243546485900879, -0.05595521256327629, 0.055464982986450195]
1.343890412010255  ::  4.634186  ::  [-2.234121322631836, -0.05617562308907509, 0.055463287979364395]
1.3435180599787835  ::  4.650142  ::  [-2.2246909141540527, -0.056394465267658234, 0.0554654635488987]
1.3435180599787835  ::  4.666247  ::  [-2.215259552001953, -0.05661436915397644, 0.0554695650935173]
1.3415234312977282  ::  4.682205  ::  [-2.2058331966400146, -0.05683532729744911, 0.05546765774488449]
1.3397555862414585  ::  4.697998  ::  [-2.19640851020813, -0.05705700069665909, 0.05546548590064049]
1.338239070802304  ::  4.713956  ::  [-2.1869821548461914, -0.05727604776620865, 0.055467389523983]
1.3372373808718394  ::  4.728916  ::  [-2.177546977996826, -0.057495974004268646, 0.05546876788139343]
1.3367549987617073  ::  4.744902  ::  [-2.1681230068206787, -0.0577179454267025, 0.05546702444553375]
1.3367549987617073  ::  4.760568  ::  [-2.1586971282958984, -0.0579359270632267, 0.05546512454748154]
1.337468540086562  ::  4.776575  ::  [-2.146127462387085, -0.05823279544711113, 0.055466171354055405]
1.337468540086562  ::  4.792643  ::  [-2.1398444175720215, -0.05838002637028694, 0.05546412616968155]
1.3408644247645278  ::  4.808713  ::  [-2.1304209232330322, -0.05859975516796112, 0.05546394735574722]
1.3408644247645278  ::  4.824782  ::  [-2.1178550720214844, -0.05889437347650528, 0.055462293326854706]
1.3417780692877228  ::  4.840739  ::  [-2.1084206104278564, -0.05911353975534439, 0.05546674504876137]
1.3429585180753714  ::  4.856696  ::  [-2.102137565612793, -0.05926250293850899, 0.05546727031469345]
1.3429585180753714  ::  4.872653  ::  [-2.09584903717041, -0.0594085231423378, 0.05546533316373825]
1.3423740032928064  ::  4.888259  ::  [-2.089569330215454, -0.05955678969621658, 0.05546683818101883]
1.3409977201750487  ::  4.904218  ::  [-2.0801384449005127, -0.0597761794924736, 0.055467888712882996]
1.3405700862999825  ::  4.919742  ::  [-2.0707077980041504, -0.05999305471777916, 0.05546743795275688]
1.33937885862005  ::  4.935688  ::  [-2.0675666332244873, -0.06006918475031853, 0.0554690919816494]
1.3387824977281433  ::  4.951622  ::  [-2.0612800121307373, -0.06021621450781822, 0.05546823516488075]
1.3372690772184566  ::  4.967652  ::  [-2.0581345558166504, -0.060289088636636734, 0.05546901002526283]
1.3370635312131214  ::  4.983683  ::  [-2.048705816268921, -0.06050856411457062, 0.05546925961971283]
1.3360452994182606  ::  4.999675  ::  [-2.0392847061157227, -0.060727886855602264, 0.055466871708631516]
1.3360728336183523  ::  5.015597  ::  [-2.0298516750335693, -0.060949746519327164, 0.05546874180436134]
1.3361030358610884  ::  5.031326  ::  [-2.020432949066162, -0.061171505600214005, 0.05546354502439499]
1.3367748489989826  ::  5.047281  ::  [-2.01728892326355, -0.06124284118413925, 0.055466070771217346]
1.3382350153774845  ::  5.063212  ::  [-2.0078656673431396, -0.0614655539393425, 0.055463653057813644]
1.3382350153774845  ::  5.079193  ::  [-1.998441219329834, -0.06168816238641739, 0.05546238273382187]
1.339417385155837  ::  5.095153  ::  [-1.9921458959579468, -0.0618358850479126, 0.05546175688505173]
1.34028706033625  ::  5.110113  ::  [-1.985872745513916, -0.0619792565703392, 0.05546339228749275]
1.3413171382404527  ::  5.12559  ::  [-1.9764443635940552, -0.06220091134309769, 0.05546366423368454]
1.3426268270138026  ::  5.141581  ::  [-1.9670116901397705, -0.06242158263921738, 0.05546405166387558]
1.3426268270138026  ::  5.157538  ::  [-1.9607298374176025, -0.06256748735904694, 0.055465999990701675]
1.3422373995094061  ::  5.173043  ::  [-1.9575870037078857, -0.06264165788888931, 0.055468179285526276]
1.3412907779791245  ::  5.18817  ::  [-1.951296329498291, -0.06278755515813828, 0.055468954145908356]
1.3412907779791245  ::  5.204091  ::  [-1.9418672323226929, -0.06300673633813858, 0.055465202778577805]
1.3402882342750138  ::  5.220075  ::  [-1.9324331283569336, -0.06322963535785675, 0.05546550452709198]
1.3379811244394304  ::  5.236032  ::  [-1.929296851158142, -0.06330330669879913, 0.055468715727329254]
1.3379811244394304  ::  5.251962  ::  [-1.9198708534240723, -0.06352090835571289, 0.05546785518527031]
1.3355115841676475  ::  5.267919  ::  [-1.9104429483413696, -0.06374156475067139, 0.05546477437019348]
1.3350973972275098  ::  5.283889  ::  [-1.9010080099105835, -0.06396252661943436, 0.05546645075082779]
1.3350973972275098  ::  5.299784  ::  [-1.8915956020355225, -0.06418292224407196, 0.05546317249536514]
1.3362049550901096  ::  5.315364  ::  [-1.8821673393249512, -0.06440334022045135, 0.055462390184402466]
1.3378605289118972  ::  5.331356  ::  [-1.8727349042892456, -0.0646265298128128, 0.05546194314956665]
1.3393146121531696  ::  5.347279  ::  [-1.8633201122283936, -0.06484311074018478, 0.055462855845689774]
1.3393146121531696  ::  5.363265  ::  [-1.8538885116577148, -0.06506530940532684, 0.055464811623096466]
1.3412061476664399  ::  5.379221  ::  [-1.8507411479949951, -0.06514003872871399, 0.05546461045742035]
1.3416877827246316  ::  5.395039  ::  [-1.8413234949111938, -0.06535956263542175, 0.055462758988142014]
1.3416877827246316  ::  5.410996  ::  [-1.8318960666656494, -0.06557993590831757, 0.0554620698094368]
1.3409137301925989  ::  5.426954  ::  [-1.8224657773971558, -0.06579916924238205, 0.055464912205934525]
1.339801263131533  ::  5.44288  ::  [-1.8130271434783936, -0.06601771712303162, 0.055463436990976334]
1.3380879528669176  ::  5.458935  ::  [-1.8036091327667236, -0.06623788923025131, 0.05546528846025467]
1.3380879528669176  ::  5.474078  ::  [-1.794179916381836, -0.06646071374416351, 0.055466026067733765]
1.3358319627284034  ::  5.490186  ::  [-1.7847504615783691, -0.06667953729629517, 0.05546800047159195]
1.335264843583881  ::  5.506119  ::  [-1.7753223180770874, -0.06689942628145218, 0.055467650294303894]
1.335264843583881  ::  5.52182  ::  [-1.7658989429473877, -0.06711959093809128, 0.055467478930950165]
1.3351951543100056  ::  5.536787  ::  [-1.7564687728881836, -0.06733950972557068, 0.0554652065038681]
1.3363354757362804  ::  5.55272  ::  [-1.7501773834228516, -0.06748716533184052, 0.0554637685418129]
1.337324999392286  ::  5.56787  ::  [-1.7439054250717163, -0.06763278692960739, 0.05546238273382187]
1.337324999392286  ::  5.583821  ::  [-1.7376182079315186, -0.06778150796890259, 0.05546382814645767]
1.3393736292564666  ::  5.599753  ::  [-1.7281949520111084, -0.06799916923046112, 0.055464357137680054]
1.3393736292564666  ::  5.615708  ::  [-1.7250556945800781, -0.06807505339384079, 0.055462200194597244]
1.3414138281058907  ::  5.631664  ::  [-1.7187719345092773, -0.06822078675031662, 0.055461954325437546]
1.3420607750863378  ::  5.64721  ::  [-1.7093456983566284, -0.06844230741262436, 0.05546299368143082]
1.3419422072712146  ::  5.663147  ::  [-1.6999119520187378, -0.06866516917943954, 0.055466048419475555]
1.3404699813399594  ::  5.679202  ::  [-1.6904785633087158, -0.06888273358345032, 0.055470339953899384]
1.3398426711533762  ::  5.69435  ::  [-1.6779073476791382, -0.06917636841535568, 0.05547002702951431]
1.3398426711533762  ::  5.709616  ::  [-1.6716221570968628, -0.06932205706834793, 0.05546816810965538]
1.3362044214815807  ::  5.72523  ::  [-1.6590526103973389, -0.06961523741483688, 0.055467311292886734]
1.3362044214815807  ::  5.741158  ::  [-1.6496227979660034, -0.06983716785907745, 0.05546613782644272]
1.335309773422015  ::  5.757143  ::  [-1.6464815139770508, -0.06990973651409149, 0.05547022819519043]
1.3347571684294786  ::  5.773098  ::  [-1.640186071395874, -0.07005590200424194, 0.055468346923589706]
1.3347571684294786  ::  5.78903  ::  [-1.630774736404419, -0.07027501612901688, 0.0554649643599987]
1.3353651619873155  ::  5.804326  ::  [-1.6213504076004028, -0.07049648463726044, 0.055461302399635315]
1.3353651619873155  ::  5.820312  ::  [-1.615065097808838, -0.07064217329025269, 0.05546245723962784]
1.338713235341091  ::  5.836241  ::  [-1.6056406497955322, -0.07086551934480667, 0.05546478554606438]
1.338713235341091  ::  5.851916  ::  [-1.596214771270752, -0.07108628004789352, 0.055461298674345016]
1.3399957100794668  ::  5.867667  ::  [-1.5867846012115479, -0.07130666077136993, 0.05546536296606064]
1.3418771070306879  ::  5.882798  ::  [-1.5773603916168213, -0.07152821123600006, 0.05546297878026962]
1.3418530946468872  ::  5.898724  ::  [-1.5679322481155396, -0.0717460885643959, 0.05546746775507927]
1.3412037997889128  ::  5.913873  ::  [-1.5585016012191772, -0.07196599245071411, 0.055467553436756134]
1.3412037997889128  ::  5.929972  ::  [-1.5490680932998657, -0.07218536734580994, 0.05547066777944565]
1.3398641222162382  ::  5.945729  ::  [-1.539644718170166, -0.07240433990955353, 0.05546475946903229]
1.3371688655367278  ::  5.961657  ::  [-1.530217170715332, -0.0726272463798523, 0.05546712875366211]
1.3361471119255761  ::  5.977636  ::  [-1.5207817554473877, -0.07284647971391678, 0.05547155812382698]
1.33547914076909  ::  5.992948  ::  [-1.5113623142242432, -0.07306534051895142, 0.0554671585559845]
1.3355846885361078  ::  6.008532  ::  [-1.5019304752349854, -0.07328882068395615, 0.055467523634433746]
1.3362646125236415  ::  6.024626  ::  [-1.489364743232727, -0.07358190417289734, 0.05546541512012482]
1.3362646125236415  ::  6.040549  ::  [-1.4830725193023682, -0.07373078167438507, 0.05546189472079277]
1.3381250920205294  ::  6.056505  ::  [-1.4705156087875366, -0.0740213394165039, 0.05546365678310394]
1.3385883709453268  ::  6.072477  ::  [-1.4673734903335571, -0.07409679889678955, 0.05546324700117111]
1.3409788304331254  ::  6.088537  ::  [-1.461085557937622, -0.07424210011959076, 0.055462609976530075]
1.3409788304331254  ::  6.104236  ::  [-1.4516608715057373, -0.0744628831744194, 0.055462006479501724]
1.342172939599114  ::  6.120166  ::  [-1.4453755617141724, -0.074611134827137, 0.05546270310878754]
1.3423157332414497  ::  6.136167  ::  [-1.439084529876709, -0.07475662231445312, 0.05546941980719566]
1.3423157332414497  ::  6.152141  ::  [-1.4296592473983765, -0.07497664541006088, 0.05546741932630539]
1.3417054985277914  ::  6.167628  ::  [-1.4202280044555664, -0.07519592344760895, 0.055469248443841934]
1.3405481016285916  ::  6.18358  ::  [-1.4107989072799683, -0.07541745156049728, 0.055469922721385956]
1.3390548515212974  ::  6.199584  ::  [-1.401371955871582, -0.07563620805740356, 0.055469416081905365]
1.337373771211828  ::  6.215541  ::  [-1.3919395208358765, -0.07585763186216354, 0.055471718311309814]
1.3352496891016599  ::  6.231078  ::  [-1.3825116157531738, -0.07607776671648026, 0.05547098442912102]
1.3352496891016599  ::  6.247036  ::  [-1.3730906248092651, -0.07629910111427307, 0.05546724051237106]
1.3356815918449574  ::  6.262993  ::  [-1.3636633157730103, -0.0765182375907898, 0.05546530336141586]
1.3356815918449574  ::  6.278951  ::  [-1.3542383909225464, -0.07673841714859009, 0.055465925484895706]
1.3386456805013314  ::  6.294908  ::  [-1.3448063135147095, -0.07696174085140228, 0.055463775992393494]
1.3386456805013314  ::  6.310865  ::  [-1.3353784084320068, -0.07718046009540558, 0.05546211823821068]
1.3402005090328613  ::  6.32678  ::  [-1.3259462118148804, -0.07740426063537598, 0.05546265095472336]
1.3411975032082717  ::  6.342095  ::  [-1.316537857055664, -0.07762177288532257, 0.05546342208981514]
1.3419113646982437  ::  6.358051  ::  [-1.307105541229248, -0.0778430849313736, 0.055465683341026306]
1.3419113646982437  ::  6.374055  ::  [-1.2976715564727783, -0.07806159555912018, 0.05547014996409416]
1.3403980509102629  ::  6.390012  ::  [-1.2882421016693115, -0.07828187197446823, 0.05547116696834564]
1.3389089629494941  ::  6.406092  ::  [-1.2788112163543701, -0.07850160449743271, 0.05547172576189041]
1.3389089629494941  ::  6.421461  ::  [-1.2693793773651123, -0.07871955633163452, 0.05546821281313896]
1.3362710158259883  ::  6.437302  ::  [-1.2568179368972778, -0.07901428639888763, 0.05546741187572479]
1.3362710158259883  ::  6.453143  ::  [-1.2505335807800293, -0.07916323095560074, 0.0554671548306942]
1.335831749284992  ::  6.468488  ::  [-1.2411096096038818, -0.07938193529844284, 0.05546446517109871]
1.3367560659787652  ::  6.484192  ::  [-1.2285387516021729, -0.07967615872621536, 0.05546315759420395]
1.3367560659787652  ::  6.500171  ::  [-1.2191144227981567, -0.07989834249019623, 0.055463097989559174]
1.338865100328418  ::  6.515644  ::  [-1.2128297090530396, -0.0800432339310646, 0.05546250566840172]
1.3397686062895637  ::  6.531604  ::  [-1.2065447568893433, -0.08019189536571503, 0.05546463280916214]
1.3397686062895637  ::  6.546754  ::  [-1.2002629041671753, -0.08033963292837143, 0.055464088916778564]
1.3424944920986337  ::  6.562677  ::  [-1.1908303499221802, -0.0805608406662941, 0.05546577647328377]
1.3424944920986337  ::  6.578226  ::  [-1.1813968420028687, -0.08077947795391083, 0.05546350032091141]
1.34290643788295  ::  6.594211  ::  [-1.1782619953155518, -0.08085339516401291, 0.05546606332063675]
1.34290643788295  ::  6.609575  ::  [-1.1719753742218018, -0.08100241422653198, 0.05546358972787857]
1.3427599089809121  ::  6.625206  ::  [-1.1625398397445679, -0.08121967315673828, 0.05546816438436508]
1.3413367750343164  ::  6.641159  ::  [-1.1499727964401245, -0.08151312917470932, 0.05547042563557625]
1.340845321579193  ::  6.657087  ::  [-1.1468284130096436, -0.08158715814352036, 0.0554717555642128]
1.3384449369727565  ::  6.673076  ::  [-1.1405435800552368, -0.08173508942127228, 0.055470384657382965]
1.3384449369727565  ::  6.688988  ::  [-1.1311194896697998, -0.08195184916257858, 0.05546743422746658]
1.3374240371352513  ::  6.704951  ::  [-1.121687650680542, -0.08217354863882065, 0.055468667298555374]
1.33670281184758  ::  6.720986  ::  [-1.1122629642486572, -0.08239579200744629, 0.05546649172902107]
1.336690218686298  ::  6.736475  ::  [-1.1028385162353516, -0.08261554688215256, 0.0554649792611599]
1.337661492930615  ::  6.752585  ::  [-1.0934128761291504, -0.0828346312046051, 0.055465567857027054]
1.337661492930615  ::  6.768581  ::  [-1.0839860439300537, -0.08305943757295609, 0.055465131998062134]
1.3390720337159283  ::  6.784569  ::  [-1.0745598077774048, -0.08327855914831161, 0.0554661825299263]
1.3405320933727243  ::  6.800457  ::  [-1.0651345252990723, -0.08349967747926712, 0.05546446517109871]
1.3418280150460284  ::  6.816442  ::  [-1.0557072162628174, -0.08372029662132263, 0.05546540766954422]
1.3427988624035223  ::  6.832374  ::  [-1.0462771654129028, -0.08393828570842743, 0.055466316640377045]
1.3429011017976609  ::  6.848358  ::  [-1.0368504524230957, -0.0841623917222023, 0.05546648055315018]
1.3428754885882734  ::  6.864287  ::  [-1.0337011814117432, -0.08423186838626862, 0.05546765401959419]
1.3421227803973967  ::  6.879413  ::  [-1.0242751836776733, -0.08445313572883606, 0.055470120161771774]
1.3393395850323224  ::  6.894984  ::  [-1.0148509740829468, -0.08467164635658264, 0.055466197431087494]
1.3393395850323224  ::  6.91086  ::  [-1.0054150819778442, -0.0848919153213501, 0.05546959489583969]
1.3361489261945745  ::  6.926791  ::  [-0.9959897994995117, -0.08511469513177872, 0.05546979978680611]
1.3351813872099598  ::  6.942748  ::  [-0.9865620732307434, -0.08533334732055664, 0.05546876788139343]
1.3353000617467887  ::  6.95885  ::  [-0.9771331548690796, -0.08555421978235245, 0.05546913295984268]
1.3362692015569901  ::  6.974899  ::  [-0.9677127599716187, -0.08577767014503479, 0.055465444922447205]
1.3362692015569901  ::  6.990964  ::  [-0.9551435112953186, -0.08606841415166855, 0.05546393245458603]
1.3384719375643193  ::  7.006994  ::  [-0.9457146525382996, -0.08629061281681061, 0.05546357482671738]
1.3403592042093584  ::  7.023111  ::  [-0.9394336342811584, -0.08643564581871033, 0.05546386539936066]
1.3403592042093584  ::  7.039068  ::  [-0.9300074577331543, -0.08665688335895538, 0.05546337738633156]
1.342547532786407  ::  7.055021  ::  [-0.9205755591392517, -0.08687841892242432, 0.055467937141656876]
1.342547532786407  ::  7.070978  ::  [-0.9080095291137695, -0.08717453479766846, 0.055466290563344955]
1.3422597043459144  ::  7.086256  ::  [-0.8985792398452759, -0.08739227056503296, 0.05546922981739044]
1.3413441388320153  ::  7.102214  ::  [-0.8891516923904419, -0.08761269599199295, 0.055467214435338974]
1.34008695713791  ::  7.118  ::  [-0.8797180652618408, -0.08783189207315445, 0.05547058954834938]
1.3384811156310163  ::  7.133958  ::  [-0.870291531085968, -0.08805090188980103, 0.05547004193067551]
1.337063211048004  ::  7.149951  ::  [-0.8608514070510864, -0.08827244490385056, 0.05546898394823074]
1.3356566189658046  ::  7.165872  ::  [-0.8514331579208374, -0.08849189430475235, 0.05546896904706955]
1.3356566189658046  ::  7.18183  ::  [-0.8420108556747437, -0.08871455490589142, 0.05546557903289795]
1.3356971732140015  ::  7.197822  ::  [-0.8388655781745911, -0.08878640830516815, 0.055468566715717316]
1.3360129627414088  ::  7.213488  ::  [-0.8357267379760742, -0.08886001259088516, 0.055465929210186005]
1.3364491343529377  ::  7.229598  ::  [-0.8294386863708496, -0.08900770545005798, 0.05546792596578598]
1.3379120754957898  ::  7.245556  ::  [-0.8200172781944275, -0.08922801911830902, 0.05546420440077782]
1.3408583416272981  ::  7.261513  ::  [-0.8105869293212891, -0.08945117890834808, 0.05546709895133972]
1.3408583416272981  ::  7.27747  ::  [-0.8011608123779297, -0.08966986835002899, 0.05546293407678604]
1.34211434938264  ::  7.293465  ::  [-0.7917402982711792, -0.08989031612873077, 0.0554644837975502]
1.3431158258696931  ::  7.308888  ::  [-0.7823120355606079, -0.09011318534612656, 0.05546523258090019]
1.3432393028832823  ::  7.324848  ::  [-0.7728866338729858, -0.09033051878213882, 0.0554639995098114]
1.3428784767960353  ::  7.340803  ::  [-0.7634515762329102, -0.09055319428443909, 0.05546889454126358]
1.341252464886749  ::  7.356089  ::  [-0.7571675181388855, -0.09069816768169403, 0.05546834319829941]
1.341252464886749  ::  7.372021  ::  [-0.7508779764175415, -0.09084319323301315, 0.05547013506293297]
1.339653240125614  ::  7.387979  ::  [-0.7414534091949463, -0.0910654366016388, 0.0554669015109539]
1.336559271153304  ::  7.403625  ::  [-0.7320224642753601, -0.09128690510988235, 0.055469729006290436]
1.336559271153304  ::  7.41913  ::  [-0.7225971221923828, -0.0915059745311737, 0.05546603351831436]
1.3359905511831947  ::  7.435078  ::  [-0.7131714820861816, -0.0917264074087143, 0.05546582117676735]
1.336031959205038  ::  7.450019  ::  [-0.7037384510040283, -0.0919463038444519, 0.055463045835494995]
1.3363569267991424  ::  7.465601  ::  [-0.6974579095840454, -0.09209474921226501, 0.05546748638153076]
1.3389575213256248  ::  7.481558  ::  [-0.6880346536636353, -0.09231346845626831, 0.055463939905166626]
1.3389575213256248  ::  7.497544  ::  [-0.6786100268363953, -0.09253576397895813, 0.05546323582530022]
1.3414465916695655  ::  7.512917  ::  [-0.6691838502883911, -0.09275508671998978, 0.05546345189213753]
1.342253087600156  ::  7.52891  ::  [-0.6597527265548706, -0.09297502785921097, 0.05546512454748154]
1.342253087600156  ::  7.544839  ::  [-0.6503300666809082, -0.09319804608821869, 0.05546469986438751]
1.3423890510533216  ::  7.560797  ::  [-0.6377493739128113, -0.09349299967288971, 0.05546528846025467]
1.3405357219107208  ::  7.576782  ::  [-0.6283146739006042, -0.09370991587638855, 0.05546950176358223]
1.3405357219107208  ::  7.592417  ::  [-0.6188932657241821, -0.09393002092838287, 0.055470846593379974]
1.337539296577495  ::  7.607383  ::  [-0.6094667911529541, -0.09415055066347122, 0.05546977370977402]
1.337539296577495  ::  7.622996  ::  [-0.6000345945358276, -0.09437118470668793, 0.05547153949737549]
1.3360324928135667  ::  7.638911  ::  [-0.5906085968017578, -0.09459339827299118, 0.055468782782554626]
1.3357996260515517  ::  7.654868  ::  [-0.5843117237091064, -0.09473827481269836, 0.05546840280294418]
1.3364283236203103  ::  7.670819  ::  [-0.5749033689498901, -0.09495940059423447, 0.05546505004167557]
1.337179537707306  ::  7.686781  ::  [-0.5654722452163696, -0.09517959505319595, 0.05546588450670242]
1.337179537707306  ::  7.702157  ::  [-0.559191107749939, -0.09532730281352997, 0.05546455830335617]
1.3384702300170268  ::  7.717652  ::  [-0.5529065728187561, -0.09547483921051025, 0.0554642453789711]
1.3384702300170268  ::  7.733609  ::  [-0.5497663617134094, -0.095546655356884, 0.055462658405303955]
1.3414460580610366  ::  7.749606  ::  [-0.5434826016426086, -0.09569384902715683, 0.055462874472141266]
1.3426624720635336  ::  7.765523  ::  [-0.534048318862915, -0.09591522812843323, 0.055466290563344955]
1.342879544013093  ::  7.780661  ::  [-0.524621844291687, -0.09613455086946487, 0.055465348064899445]
1.3433469850844157  ::  7.796579  ::  [-0.5214890837669373, -0.09620988368988037, 0.05546170100569725]
1.3433469850844157  ::  7.812523  ::  [-0.5120536684989929, -0.09642896801233292, 0.05546708032488823]
1.342049462585525  ::  7.828447  ::  [-0.5026229619979858, -0.0966491848230362, 0.05547025799751282]
1.342049462585525  ::  7.844431  ::  [-0.4931970536708832, -0.09687099605798721, 0.05546797439455986]
1.3404601629430275  ::  7.860362  ::  [-0.48376643657684326, -0.09708859026432037, 0.05546969920396805]
1.3394735207730781  ::  7.876319  ::  [-0.47748154401779175, -0.09723620116710663, 0.0554707907140255]
1.3385610501886467  ::  7.89239  ::  [-0.47119882702827454, -0.0973857045173645, 0.05546725541353226]
1.3372427169571284  ::  7.907385  ::  [-0.46177059412002563, -0.09760192781686783, 0.0554673932492733]
1.3361213919944828  ::  7.92379  ::  [-0.4523392915725708, -0.0978248119354248, 0.05546937137842178]
1.3361257675844198  ::  7.939729  ::  [-0.4491981267929077, -0.09789641201496124, 0.055468130856752396]
1.3361257675844198  ::  7.955316  ::  [-0.44291701912879944, -0.09804582595825195, 0.05546525865793228]
1.3377643726549882  ::  7.971275  ::  [-0.43348148465156555, -0.09826385974884033, 0.05546335130929947]
1.3390480213321274  ::  7.987233  ::  [-0.4240526556968689, -0.09848597645759583, 0.05546324700117111]
1.3407784070696678  ::  8.003191  ::  [-0.41464096307754517, -0.09870880842208862, 0.055464524775743484]
1.3407784070696678  ::  8.019184  ::  [-0.4052116274833679, -0.09892994910478592, 0.0554652214050293]
1.3425947037803623  ::  8.034821  ::  [-0.3957901895046234, -0.09914856404066086, 0.055460117757320404]
1.3425947037803623  ::  8.050156  ::  [-0.38635626435279846, -0.09936921298503876, 0.055467650294303894]
1.3428140168857432  ::  8.066109  ::  [-0.37692633271217346, -0.0995875671505928, 0.05546833202242851]
1.3408931329033829  ::  8.082057  ::  [-0.3674969971179962, -0.09980762749910355, 0.0554683655500412]
1.3392534606157567  ::  8.098007  ::  [-0.35806626081466675, -0.10002946108579636, 0.05547136440873146]
1.3378090890497105  ::  8.1139  ::  [-0.3486441969871521, -0.10024992376565933, 0.05546742305159569]
1.336394706282989  ::  8.128658  ::  [-0.3392089307308197, -0.10047008097171783, 0.055471308529376984]
1.336394706282989  ::  8.144619  ::  [-0.32978254556655884, -0.10068952292203903, 0.055469729006290436]
1.3356445594130513  ::  8.160549  ::  [-0.3203563392162323, -0.1009121909737587, 0.05546899884939194]
1.3355910918384548  ::  8.176064  ::  [-0.3172188699245453, -0.1009846180677414, 0.05546598881483078]
1.3355910918384548  ::  8.191478  ::  [-0.31093189120292664, -0.10113125294446945, 0.05546677112579346]
1.3372132617663328  ::  8.207405  ::  [-0.30150705575942993, -0.10135248303413391, 0.0554635114967823]
1.3387743868785038  ::  8.223365  ::  [-0.29208192229270935, -0.10157117247581482, 0.055465374141931534]
1.3387743868785038  ::  8.239321  ::  [-0.28265565633773804, -0.10179314017295837, 0.05546516552567482]
1.3400569683385852  ::  8.255278  ::  [-0.2795135974884033, -0.1018688976764679, 0.055463578552007675]
1.341525032123315  ::  8.27139  ::  [-0.2732195556163788, -0.10201532393693924, 0.055463023483753204]
1.341525032123315  ::  8.286321  ::  [-0.26378899812698364, -0.10223645716905594, 0.05546250194311142]
1.3422729378374314  ::  8.301005  ::  [-0.2543752193450928, -0.102454274892807, 0.05546494573354721]
1.3417257756518899  ::  8.316946  ::  [-0.24494647979736328, -0.10267600417137146, 0.05546536296606064]
1.3406637879576586  ::  8.332258  ::  [-0.23550108075141907, -0.1028951108455658, 0.05546998977661133]
1.3391717117891282  ::  8.348246  ::  [-0.22608652710914612, -0.10311737656593323, 0.05546845123171806]
1.3391717117891282  ::  8.364198  ::  [-0.21664386987686157, -0.10333694517612457, 0.05546731501817703]
1.3379337400020634  ::  8.38016  ::  [-0.21036750078201294, -0.10348167270421982, 0.05547177046537399]
1.3358827622603555  ::  8.395822  ::  [-0.20407497882843018, -0.10362859815359116, 0.05546647310256958]
1.3358827622603555  ::  8.411779  ::  [-0.19465690851211548, -0.10384833067655563, 0.055470313876867294]
1.3352058264805837  ::  8.427156  ::  [-0.1852307915687561, -0.10407014191150665, 0.05546724796295166]
1.3363155187772993  ::  8.443282  ::  [-0.1758018434047699, -0.10428967326879501, 0.055467136204242706]
1.3363155187772993  ::  8.459211  ::  [-0.1663709431886673, -0.10451148450374603, 0.05546164512634277]
1.337654556019739  ::  8.475197  ::  [-0.15695811808109283, -0.10473226010799408, 0.05546429008245468]
1.340517685942444  ::  8.490341  ::  [-0.14752887189388275, -0.10495142638683319, 0.055466510355472565]
1.340517685942444  ::  8.506335  ::  [-0.13810372352600098, -0.10517095029354095, 0.05546483024954796]
1.3421568246215412  ::  8.522409  ::  [-0.12867416441440582, -0.10539398342370987, 0.05546649172902107]
1.3420852143569617  ::  8.538513  ::  [-0.11924509704113007, -0.10561135411262512, 0.05546683818101883]
1.3413510757428913  ::  8.554474  ::  [-0.10982296615839005, -0.10583321005105972, 0.05546620860695839]
1.3413510757428913  ::  8.570463  ::  [-0.1003849059343338, -0.10605300962924957, 0.05547143146395683]
1.3401058468798333  ::  8.586412  ::  [-0.09409846365451813, -0.10619978606700897, 0.0554715059697628]
1.339085373929151  ::  8.602368  ::  [-0.09096243232488632, -0.10627325624227524, 0.05546834319829941]
1.339085373929151  ::  8.618337  ::  [-0.08466924726963043, -0.10642077028751373, 0.05546727031469345]
1.3380645808133513  ::  8.634287  ::  [-0.07838936150074005, -0.10656912624835968, 0.05546784773468971]
1.3354536342814083  ::  8.650366  ::  [-0.0721016675233841, -0.10671171545982361, 0.05546579137444496]
1.335251183205541  ::  8.666354  ::  [-0.05953284353017807, -0.10700508207082748, 0.05546686798334122]
1.335720865432685  ::  8.682282  ::  [-0.050110626965761185, -0.1072273850440979, 0.05546692758798599]
1.335720865432685  ::  8.698273  ::  [-0.04067522659897804, -0.10744957625865936, 0.055463775992393494]
1.3359202215790849  ::  8.714225  ::  [-0.03754456713795662, -0.10752028226852417, 0.05546310544013977]
1.3387060849868038  ::  8.729156  ::  [-0.028121471405029297, -0.10774385929107666, 0.055459968745708466]
1.3387060849868038  ::  8.745215  ::  [-0.021833183243870735, -0.10788898169994354, 0.05546312779188156]
1.339707027865328  ::  8.761173  ::  [-0.012406250461935997, -0.10810967534780502, 0.05546263977885246]
1.3420735816910316  ::  8.776495  ::  [0.00016060964844655246, -0.10840563476085663, 0.055463701486587524]
1.3421297173082727  ::  8.792166  ::  [0.009590525180101395, -0.10862436145544052, 0.05546673759818077]
1.3421297173082727  ::  8.808131  ::  [0.019015733152627945, -0.1088450476527214, 0.055466391146183014]
1.3403087248425238  ::  8.824082  ::  [0.028455281630158424, -0.10906321555376053, 0.05546793341636658]
1.3403087248425238  ::  8.840046  ::  [0.03787786513566971, -0.10928352177143097, 0.05547015741467476]
1.337258511769584  ::  8.855984  ::  [0.04416458308696747, -0.10943066328763962, 0.05546988174319267]
1.3363261909478774  ::  8.871967  ::  [0.05672983080148697, -0.10972326248884201, 0.05546558275818825]
1.3333185598355446  ::  8.887924  ::  [0.06301696598529816, -0.1098644882440567, 0.055455297231674194]
1.3253227561949867  ::  8.903846  ::  [0.07557956874370575, -0.11015944182872772, 0.05546041205525398]
1.3253227561949867  ::  8.919841  ::  [0.0849280133843422, -0.11029356718063354, 0.055379655212163925]
1.3265010705485198  ::  8.935474  ::  [0.09128180146217346, -0.1105235144495964, 0.05546135455369949]
1.3265010705485198  ::  8.951454  ::  [0.10385309904813766, -0.1108202189207077, 0.05546235293149948]
1.3269149373235403  ::  8.967387  ::  [0.10699591785669327, -0.11089441180229187, 0.05546259135007858]
1.3280957062763061  ::  8.982954  ::  [0.11328291893005371, -0.11104197055101395, 0.05546319857239723]
1.329680950493984  ::  8.998911  ::  [0.12270617485046387, -0.11125767976045609, 0.0554627999663353]
1.3302278992361138  ::  9.014993  ::  [0.1289949119091034, -0.11140461266040802, 0.05546096712350845]
1.3316325703276093  ::  9.031094  ::  [0.13841477036476135, -0.11162219941616058, 0.05546417832374573]
1.3316325703276093  ::  9.047052  ::  [0.1510004848241806, -0.11191892623901367, 0.055463649332523346]
1.3316373728043693  ::  9.062218  ::  [0.15726903080940247, -0.11206468939781189, 0.05546193942427635]
1.3305679145907334  ::  9.078168  ::  [0.16671112179756165, -0.11227750033140182, 0.0554705485701561]
1.3305679145907334  ::  9.094139  ::  [0.1761282980442047, -0.11250181496143341, 0.055463291704654694]
1.3278433094421331  ::  9.110223  ::  [0.1887233555316925, -0.11278855800628662, 0.055469173938035965]
1.3269366018298139  ::  9.125183  ::  [0.19499224424362183, -0.11293449252843857, 0.055467285215854645]
1.3267795074789037  ::  9.141105  ::  [0.2044181227684021, -0.11315327137708664, 0.05546639487147331]
1.3267795074789037  ::  9.157062  ::  [0.20755930244922638, -0.11322608590126038, 0.055467452853918076]
1.3268224096046277  ::  9.17302  ::  [0.21384289860725403, -0.11337307840585709, 0.05546466261148453]
1.3271755517290587  ::  9.189117  ::  [0.22327719628810883, -0.11359274387359619, 0.055462587624788284]
1.3283682735128721  ::  9.205095  ::  [0.23269900679588318, -0.11380992084741592, 0.05546262487769127]
1.3313150732529095  ::  9.220956  ::  [0.24212224781513214, -0.11403045058250427, 0.05546463280916214]
1.3313150732529095  ::  9.235916  ::  [0.25154003500938416, -0.11425119638442993, 0.05546007677912712]
1.3336477962978803  ::  9.250906  ::  [0.26097458600997925, -0.11446915566921234, 0.05546395480632782]
1.3336477962978803  ::  9.266834  ::  [0.27040377259254456, -0.11468621343374252, 0.05546624958515167]
1.3339367986771364  ::  9.28279  ::  [0.2798314094543457, -0.11490631103515625, 0.05546609312295914]
1.3333635963953843  ::  9.298699  ::  [0.2892642915248871, -0.11512641608715057, 0.05546826869249344]
1.330785520148822  ::  9.314678  ::  [0.29869356751441956, -0.11534439027309418, 0.05546697974205017]
1.328675418582111  ::  9.329731  ::  [0.30812281370162964, -0.11556218564510345, 0.05546867102384567]
1.327696460374978  ::  9.345792  ::  [0.32069313526153564, -0.11585158109664917, 0.055468443781137466]
1.327696460374978  ::  9.361714  ::  [0.32698166370391846, -0.11599928885698318, 0.05547028034925461]
1.3266896478026355  ::  9.377671  ::  [0.3363993167877197, -0.11621960997581482, 0.055464863777160645]
1.3267289213903632  ::  9.392633  ::  [0.3426862061023712, -0.1163661926984787, 0.05546588823199272]
1.3267289213903632  ::  9.408593  ::  [0.3489755392074585, -0.1165105551481247, 0.055467501282691956]
1.3270819567930883  ::  9.424603  ::  [0.3552532196044922, -0.11665689945220947, 0.05546587333083153]
1.328731660921058  ::  9.440205  ::  [0.35839855670928955, -0.1167314350605011, 0.055462561547756195]
1.3295560860982196  ::  9.455966  ::  [0.36782190203666687, -0.1169484481215477, 0.05546160414814949]
1.3295560860982196  ::  9.471426  ::  [0.3741046190261841, -0.11709322035312653, 0.055461473762989044]
1.3312918079210492  ::  9.487434  ::  [0.37726178765296936, -0.11716906726360321, 0.055463556200265884]
1.3330537832835008  ::  9.502633  ::  [0.38353198766708374, -0.11731523275375366, 0.055464886128902435]
1.3335093782454819  ::  9.517518  ::  [0.39610061049461365, -0.11760719120502472, 0.05546176806092262]
1.3338119342813721  ::  9.533468  ::  [0.4023880660533905, -0.11775089800357819, 0.055466555058956146]
1.3338119342813721  ::  9.549155  ::  [0.41182494163513184, -0.11796984821557999, 0.05546849966049194]
1.3320835762562417  ::  9.564512  ::  [0.4243928790092468, -0.11826157569885254, 0.055468834936618805]
1.330520743596778  ::  9.579471  ::  [0.4306729733943939, -0.11840956658124924, 0.05546651408076286]
1.329168152697704  ::  9.595455  ::  [0.4401058554649353, -0.11862671375274658, 0.05547016113996506]
1.329168152697704  ::  9.611481  ::  [0.4495335817337036, -0.11884481459856033, 0.05546635389328003]
1.3275718094226252  ::  9.626657  ::  [0.4620994031429291, -0.1191379725933075, 0.055465489625930786]
1.3265460003866538  ::  9.642585  ::  [0.4715295135974884, -0.11935493350028992, 0.05546706169843674]
1.3265460003866538  ::  9.658571  ::  [0.4809585213661194, -0.11957517266273499, 0.05546746030449867]
1.3276205812421673  ::  9.674521  ::  [0.48410603404045105, -0.11964842677116394, 0.05546237900853157]
1.328785768825889  ::  9.690479  ::  [0.49352484941482544, -0.11986813694238663, 0.055465828627347946]
1.3301757123219866  ::  9.706409  ::  [0.5029501914978027, -0.12008913606405258, 0.05546341836452484]
1.3307551044626742  ::  9.722367  ::  [0.5123711824417114, -0.12030347436666489, 0.05546262115240097]
1.3307551044626742  ::  9.738323  ::  [0.5155117511749268, -0.12037911266088486, 0.055462293326854706]
1.3316342778749017  ::  9.753551  ::  [0.5217978954315186, -0.12052344530820847, 0.05546052008867264]
1.3325806859617717  ::  9.769501  ::  [0.5312266945838928, -0.12074350565671921, 0.055465638637542725]
1.332963389998704  ::  9.78543  ::  [0.5406610369682312, -0.12096212804317474, 0.055462680757045746]
1.331138021943018  ::  9.800124  ::  [0.553229570388794, -0.12125621736049652, 0.055466461926698685]
1.3303895826203727  ::  9.816151  ::  [0.5626624822616577, -0.12146995961666107, 0.05546828359365463]
1.328605088978001  ::  9.832144  ::  [0.5689492225646973, -0.12161785364151001, 0.05547035485506058]
1.328605088978001  ::  9.848012  ::  [0.5783734321594238, -0.12183745205402374, 0.0554666742682457]
1.3267562421470434  ::  9.864101  ::  [0.5909391641616821, -0.12212605774402618, 0.05546588450670242]
1.326063938441639  ::  9.879061  ::  [0.6003735661506653, -0.1223459392786026, 0.055465877056121826]
1.3259384337156401  ::  9.894147  ::  [0.6097965836524963, -0.12256801128387451, 0.05546373873949051]
1.326273966758617  ::  9.910125  ::  [0.6192220449447632, -0.12278421968221664, 0.055463679134845734]
1.32724129229982  ::  9.92557  ::  [0.6286521553993225, -0.12300306558609009, 0.05546509474515915]
1.3288362481927236  ::  9.94097  ::  [0.6380714178085327, -0.12322497367858887, 0.05546168237924576]
1.3314535980270137  ::  9.957038  ::  [0.6443705558776855, -0.12337005883455276, 0.05546164512634277]
1.3314535980270137  ::  9.972481  ::  [0.6537805795669556, -0.12358830869197845, 0.05546404793858528]
1.3326426912728306  ::  9.988431  ::  [0.663213312625885, -0.12380442768335342, 0.05546475574374199]
1.3326426912728306  ::  10.004178  ::  [0.6726444959640503, -0.12402600049972534, 0.05546672269701958]
1.3321533722518226  ::  10.020129  ::  [0.6852271556854248, -0.12431517988443375, 0.05546603351831436]
1.3296395424721408  ::  10.035353  ::  [0.694642186164856, -0.12453384697437286, 0.055466875433921814]
1.3281399957842055  ::  10.051437  ::  [0.7040762901306152, -0.12475302815437317, 0.055471036583185196]
1.3267947686828303  ::  10.066597  ::  [0.7134993076324463, -0.12497131526470184, 0.05546606332063675]
1.3258884879573343  ::  10.082555  ::  [0.7229325771331787, -0.12519046664237976, 0.05546991527080536]
1.3258884879573343  ::  10.098511  ::  [0.7323592901229858, -0.12540945410728455, 0.05546890199184418]
1.3258786695604023  ::  10.114511  ::  [0.7417821884155273, -0.1256295144557953, 0.05546655133366585]
1.327561670860576  ::  10.129646  ::  [0.7512109279632568, -0.1258486956357956, 0.055466245859861374]
1.327561670860576  ::  10.144783  ::  [0.7606370449066162, -0.12606850266456604, 0.05546516925096512]
1.3292008095396732  ::  10.160736  ::  [0.7700631022453308, -0.12628740072250366, 0.05546501278877258]
1.3325117437398368  ::  10.176693  ::  [0.7794884443283081, -0.12650489807128906, 0.0554637685418129]
1.333005438350782  ::  10.192621  ::  [0.7920584678649902, -0.1267976611852646, 0.05546549707651138]
1.3329011712442334  ::  10.208608  ::  [0.8014813661575317, -0.12701387703418732, 0.055465344339609146]
1.332293924738337  ::  10.224567  ::  [0.8046298027038574, -0.1270858198404312, 0.05546654015779495]
1.3311012029545235  ::  10.240522  ::  [0.8140585422515869, -0.12730672955513, 0.05546798184514046]
1.330005064314442  ::  10.256472  ::  [0.8234855532646179, -0.12752431631088257, 0.055469535291194916]
1.329532393879536  ::  10.272442  ::  [0.8329200744628906, -0.12774309515953064, 0.055470943450927734]
1.3285515146816989  ::  10.288372  ::  [0.8360604047775269, -0.12781673669815063, 0.055469997227191925]
1.3285515146816989  ::  10.304481  ::  [0.8423433303833008, -0.12796126306056976, 0.05546746775507927]
1.3258063122438826  ::  10.320438  ::  [0.8517761826515198, -0.12817981839179993, 0.05546924099326134]
1.3256812344047066  ::  10.336396  ::  [0.8643468022346497, -0.12847203016281128, 0.05546826124191284]
1.3256812344047066  ::  10.351585  ::  [0.8737675547599792, -0.12868954241275787, 0.055466048419475555]
1.3273036177759963  ::  10.367516  ::  [0.883193850517273, -0.12891121208667755, 0.0554654635488987]
1.3273036177759963  ::  10.383496  ::  [0.8926215767860413, -0.12913165986537933, 0.05546516552567482]
1.3281347664206222  ::  10.399273  ::  [0.8989071846008301, -0.12927591800689697, 0.05546392500400543]
1.3302408125625134  ::  10.414419  ::  [0.9051908254623413, -0.12942306697368622, 0.0554657056927681]
1.3311730266625144  ::  10.429384  ::  [0.91147780418396, -0.12956824898719788, 0.055466096848249435]
1.3311730266625144  ::  10.445045  ::  [0.9177590608596802, -0.1297149509191513, 0.05546585097908974]
1.3322043852271863  ::  10.460913  ::  [0.9240385293960571, -0.1298595815896988, 0.055464282631874084]
1.3323672425502087  ::  10.476911  ::  [0.9271993637084961, -0.12993165850639343, 0.05546341463923454]
1.3322043852271863  ::  10.492867  ::  [0.9334702491760254, -0.13007739186286926, 0.05546408146619797]
1.3322043852271863  ::  10.508828  ::  [0.9397603273391724, -0.1302213966846466, 0.0554669126868248]
1.3310949063738824  ::  10.524818  ::  [0.9460445046424866, -0.13036835193634033, 0.05546822398900986]
1.3310949063738824  ::  10.540739  ::  [0.9523342251777649, -0.1305142492055893, 0.05547014996409416]
1.3292191656730676  ::  10.556253  ::  [0.9554673433303833, -0.13058514893054962, 0.055464401841163635]
1.327740749882877  ::  10.571603  ::  [0.9649017453193665, -0.13080483675003052, 0.05546848475933075]
1.3265594473215823  ::  10.586743  ::  [0.9743295907974243, -0.13102464377880096, 0.05546889454126358]
1.3265594473215823  ::  10.602701  ::  [0.9837658405303955, -0.13124234974384308, 0.055470168590545654]
1.3256164543292974  ::  10.617687  ::  [0.993182897567749, -0.13146135210990906, 0.055464841425418854]
1.3253950067898008  ::  10.63362  ::  [0.9994688034057617, -0.131606787443161, 0.05546550825238228]
1.3257208281575517  ::  10.649575  ::  [1.0057625770568848, -0.1317550092935562, 0.055463213473558426]
1.3261026784208376  ::  10.665532  ::  [1.0120337009429932, -0.13189947605133057, 0.055463969707489014]
1.3273581525676506  ::  10.680849  ::  [1.01517915725708, -0.1319735050201416, 0.05546559393405914]
1.32884393215554  ::  10.696806  ::  [1.0246108770370483, -0.13219189643859863, 0.05546694993972778]
1.3303945985405445  ::  10.712148  ::  [1.0340375900268555, -0.13241063058376312, 0.05546687915921211]
1.3316543415555886  ::  10.728155  ::  [1.0434619188308716, -0.1326266974210739, 0.055464453995227814]
1.3316543415555886  ::  10.744004  ::  [1.0528920888900757, -0.13284829258918762, 0.055467817932367325]
1.332747491987908  ::  10.759989  ::  [1.0623193979263306, -0.1330660879611969, 0.05546729639172554]
1.332747491987908  ::  10.776009  ::  [1.0717382431030273, -0.13328562676906586, 0.055462829768657684]
1.330634615656847  ::  10.792019  ::  [1.0811723470687866, -0.13350604474544525, 0.05546526983380318]
1.330634615656847  ::  10.807604  ::  [1.0906111001968384, -0.1337231546640396, 0.055467139929533005]
1.3275886714521385  ::  10.823563  ::  [1.1000351905822754, -0.13393962383270264, 0.05547090247273445]
1.3275886714521385  ::  10.839488  ::  [1.1094603538513184, -0.13415908813476562, 0.05546777695417404]
1.3261952061397502  ::  10.855444  ::  [1.1188883781433105, -0.13437692821025848, 0.05546783283352852]
1.3256370516185132  ::  10.871345  ::  [1.1220262050628662, -0.13445104658603668, 0.0554654635488987]
1.3257964938469506  ::  10.887303  ::  [1.1283090114593506, -0.13459663093090057, 0.05546460300683975]
1.3264739632352514  ::  10.90326  ::  [1.1377408504486084, -0.13481572270393372, 0.05546393245458603]
1.3264739632352514  ::  10.919218  ::  [1.1471710205078125, -0.1350357085466385, 0.0554630421102047]
1.32773840200535  ::  10.935175  ::  [1.1566054821014404, -0.13525396585464478, 0.0554661899805069]
1.3293646273580477  ::  10.951042  ::  [1.15973961353302, -0.13532696664333344, 0.05546675994992256]
1.330834825576893  ::  10.967034  ::  [1.1660233736038208, -0.13547278940677643, 0.05546668916940689]
1.330834825576893  ::  10.982927  ::  [1.1754509210586548, -0.13569173216819763, 0.05546729639172554]
1.3330154701911252  ::  10.998053  ::  [1.1848797798156738, -0.13591071963310242, 0.055467862635850906]
1.3330154701911252  ::  11.013293  ::  [1.1974550485610962, -0.13620246946811676, 0.055462807416915894]
1.3317889176265791  ::  11.02901  ::  [1.2068743705749512, -0.13642093539237976, 0.05546807497739792]
1.330248816690447  ::  11.044265  ::  [1.216304063796997, -0.13663749396800995, 0.05546876788139343]
1.3292073195637257  ::  11.060307  ::  [1.2257390022277832, -0.1368560642004013, 0.05546898394823074]
1.327946402609918  ::  11.076263  ::  [1.2320194244384766, -0.13700245320796967, 0.0554671511054039]
1.3272619963107415  ::  11.09222  ::  [1.23830246925354, -0.1371469795703888, 0.05546644330024719]
1.3262142026033792  ::  11.107814  ::  [1.2445861101150513, -0.13729315996170044, 0.05546584725379944]
1.3253579743578947  ::  11.123775  ::  [1.2508728504180908, -0.1374412626028061, 0.055465035140514374]
1.3253579743578947  ::  11.139088  ::  [1.2603020668029785, -0.13765674829483032, 0.05546560883522034]
1.3253576541927774  ::  11.155071  ::  [1.266589879989624, -0.13780489563941956, 0.055462487041950226]
1.3258201860656342  ::  11.171002  ::  [1.2697296142578125, -0.1378781944513321, 0.05546664446592331]
1.3269326531267  ::  11.186959  ::  [1.2791650295257568, -0.13809734582901, 0.05546567961573601]
1.3284984739939254  ::  11.202879  ::  [1.288583755493164, -0.13831603527069092, 0.05546676367521286]
1.3302185077260051  ::  11.218837  ::  [1.2980103492736816, -0.1385347992181778, 0.055466748774051666]
1.3302185077260051  ::  11.233762  ::  [1.3074383735656738, -0.13875404000282288, 0.05546709522604942]
1.3317637313040147  ::  11.249749  ::  [1.320009469985962, -0.13904543220996857, 0.05546841770410538]
1.332093181209762  ::  11.265707  ::  [1.3262994289398193, -0.13919350504875183, 0.05546523630619049]
1.3317671463985996  ::  11.281633  ::  [1.3388625383377075, -0.1394803375005722, 0.0554678738117218]
1.3298651521581626  ::  11.297591  ::  [1.348289132118225, -0.13970111310482025, 0.055465005338191986]
1.3283276125429693  ::  11.31357  ::  [1.3577271699905396, -0.13991834223270416, 0.05546947941184044]
1.3283276125429693  ::  11.328529  ::  [1.367148518562317, -0.14013615250587463, 0.055468715727329254]
1.3267295617205979  ::  11.344487  ::  [1.3765790462493896, -0.140355184674263, 0.05546656996011734]
1.3260866701649705  ::  11.360437  ::  [1.3860087394714355, -0.14057521522045135, 0.05546087399125099]
1.3256304348727548  ::  11.376395  ::  [1.3954261541366577, -0.14079391956329346, 0.05546632409095764]
1.3259455840699275  ::  11.392325  ::  [1.408001184463501, -0.1410856992006302, 0.05546716973185539]
1.3272146118733745  ::  11.408283  ::  [1.417427659034729, -0.1413048505783081, 0.05546702444553375]
1.3280126767892082  ::  11.424244  ::  [1.423715353012085, -0.14145123958587646, 0.055466488003730774]
1.32971798292589  ::  11.440231  ::  [1.4268542528152466, -0.14152400195598602, 0.055466968566179276]
1.3303638626892793  ::  11.456154  ::  [1.4331499338150024, -0.14166994392871857, 0.05546529218554497]
1.3303638626892793  ::  11.472139  ::  [1.4362828731536865, -0.1417430192232132, 0.0554673969745636]
1.331301092709452  ::  11.488097  ::  [1.4425660371780396, -0.14188875257968903, 0.05546753853559494]
1.3324210302899226  ::  11.504026  ::  [1.4519944190979004, -0.14210739731788635, 0.05546853691339493]
1.3328890049697744  ::  11.519482  ::  [1.4614204168319702, -0.14232735335826874, 0.05546777695417404]
1.33186757152374  ::  11.535322  ::  [1.470848560333252, -0.1425451934337616, 0.05546839162707329]
1.330985196460339  ::  11.550931  ::  [1.4802720546722412, -0.14276164770126343, 0.055466655641794205]
1.330985196460339  ::  11.566878  ::  [1.4865590333938599, -0.1429087072610855, 0.05546751990914345]
1.3305035614021472  ::  11.582831  ::  [1.489706039428711, -0.1429808884859085, 0.055469512939453125]
1.3281252681888076  ::  11.598792  ::  [1.4959930181503296, -0.14312666654586792, 0.05547022074460983]
1.3262450451763501  ::  11.6148  ::  [1.502278208732605, -0.14327344298362732, 0.055468641221523285]
1.3255407886398984  ::  11.629759  ::  [1.5148532390594482, -0.1435638815164566, 0.05546784773468971]
1.3255407886398984  ::  11.64512  ::  [1.524268627166748, -0.14378102123737335, 0.055466242134571075]
1.3256258458394061  ::  11.660882  ::  [1.5336991548538208, -0.14400304853916168, 0.055466510355472565]
1.326087417216911  ::  11.676596  ::  [1.5399885177612305, -0.14414851367473602, 0.05546699836850166]
1.3285105335466787  ::  11.692578  ::  [1.5525559186935425, -0.14444053173065186, 0.05546693876385689]
1.3285105335466787  ::  11.708508  ::  [1.5588397979736328, -0.14458633959293365, 0.05546659231185913]
1.329687673961448  ::  11.724494  ::  [1.5651262998580933, -0.14473247528076172, 0.05546633526682854]
1.3311030172235216  ::  11.740074  ::  [1.5682673454284668, -0.1448054313659668, 0.055466942489147186]
1.3314942589969165  ::  11.756059  ::  [1.5745517015457153, -0.14495159685611725, 0.055467262864112854]
1.3314942589969165  ::  11.772023  ::  [1.577697515487671, -0.1450246274471283, 0.05546727031469345]
1.3325210285282398  ::  11.787897  ::  [1.5839800834655762, -0.1451699137687683, 0.055468447506427765]
1.3320022543164363  ::  11.803855  ::  [1.5965496301651, -0.14546124637126923, 0.055467817932367325]
1.3310446404504592  ::  11.819153  ::  [1.6059789657592773, -0.14568112790584564, 0.0554693266749382]
1.3295576869238064  ::  11.83519  ::  [1.615404725074768, -0.14589747786521912, 0.05546917766332626]
1.32759294032037  ::  11.850381  ::  [1.6248345375061035, -0.1461164951324463, 0.05546809360384941]
1.32759294032037  ::  11.866339  ::  [1.6342614889144897, -0.14633285999298096, 0.05546731874346733]
1.325233750292365  ::  11.882235  ::  [1.6436915397644043, -0.14655297994613647, 0.05546729639172554]
1.325233750292365  ::  11.898193  ::  [1.6531156301498413, -0.14677131175994873, 0.05546724051237106]
1.3251035498113117  ::  11.914151  ::  [1.6625512838363647, -0.14699169993400574, 0.05546720698475838]
1.325529689582497  ::  11.929276  ::  [1.6719849109649658, -0.14721015095710754, 0.05546386167407036]
1.328425369625465  ::  11.945234  ::  [1.681401252746582, -0.14742954075336456, 0.05546696484088898]
1.328425369625465  ::  11.961191  ::  [1.6908271312713623, -0.1476483941078186, 0.055466581135988235]
1.3293730583728045  ::  11.97703  ::  [1.6971123218536377, -0.14779408276081085, 0.055466581135988235]
1.3302677064323702  ::  11.992962  ::  [1.7034075260162354, -0.14794044196605682, 0.055464133620262146]
1.331389565003545  ::  12.008997  ::  [1.7096819877624512, -0.1480858325958252, 0.05546802282333374]
1.3321604158844043  ::  12.024983  ::  [1.7159676551818848, -0.1482316106557846, 0.05546850711107254]
1.3317302206883992  ::  12.040936  ::  [1.7253913879394531, -0.1484493464231491, 0.05546542629599571]
1.3317302206883992  ::  12.056897  ::  [1.7348172664642334, -0.1486692875623703, 0.05546604096889496]
1.3309579824253648  ::  12.072576  ::  [1.7442423105239868, -0.14888760447502136, 0.05546334758400917]
1.328317580702626  ::  12.088526  ::  [1.7536742687225342, -0.1491047739982605, 0.05546540766954422]
1.328317580702626  ::  12.10379  ::  [1.7631102800369263, -0.1493229866027832, 0.055470116436481476]
1.3261364024798645  ::  12.11968  ::  [1.7725317478179932, -0.14954230189323425, 0.05546687915921211]
1.3258496412564298  ::  12.135608  ::  [1.7819631099700928, -0.14976249635219574, 0.05546712130308151]
1.3258496412564298  ::  12.150568  ::  [1.7913947105407715, -0.1499803364276886, 0.055467166006565094]
1.3261613753590176  ::  12.166193  ::  [1.8008277416229248, -0.1501992642879486, 0.05546654015779495]
1.3282341243287048  ::  12.182042  ::  [1.8102455139160156, -0.15041829645633698, 0.055466655641794205]
1.329884041900086  ::  12.197999  ::  [1.8196734189987183, -0.15063729882240295, 0.05546669289469719]
1.3315479400149246  ::  12.213956  ::  [1.8291015625, -0.15085658431053162, 0.05546702444553375]
1.3315479400149246  ::  12.228917  ::  [1.8385387659072876, -0.1510748565196991, 0.05546538904309273]
1.3327316971754524  ::  12.24484  ::  [1.8479552268981934, -0.15129347145557404, 0.055468373000621796]
1.3327316971754524  ::  12.259801  ::  [1.8573832511901855, -0.15151318907737732, 0.055468734353780746]
1.3313661929499787  ::  12.275759  ::  [1.8668090105056763, -0.15173237025737762, 0.05546661466360092]
1.3313661929499787  ::  12.291716  ::  [1.8762387037277222, -0.15194885432720184, 0.055465005338191986]
1.3283400989825458  ::  12.307673  ::  [1.8856762647628784, -0.1521674394607544, 0.05546598881483078]
1.3283400989825458  ::  12.32363  ::  [1.8951084613800049, -0.15238536894321442, 0.05546773225069046]
1.3272052203632658  ::  12.339588  ::  [1.904520034790039, -0.15260691940784454, 0.055466242134571075]
1.32610438596813  ::  12.354765  ::  [1.9139504432678223, -0.15282203257083893, 0.05546644330024719]
1.325685503272938  ::  12.370557  ::  [1.9233719110488892, -0.1530427783727646, 0.055464114993810654]
1.3265945587627843  ::  12.386448  ::  [1.9328184127807617, -0.15326203405857086, 0.05546628311276436]
1.3265945587627843  ::  12.401406  ::  [1.9422341585159302, -0.153480663895607, 0.0554671511054039]
1.329548081970286  ::  12.417331  ::  [1.9548027515411377, -0.15377260744571686, 0.05546664074063301]
1.330257674592027  ::  12.433316  ::  [1.9579508304595947, -0.15384584665298462, 0.05546645075082779]
1.3310655579047923  ::  12.449246  ::  [1.9610874652862549, -0.15391872823238373, 0.05546695739030838]
1.3310655579047923  ::  12.465237  ::  [1.967385172843933, -0.15406523644924164, 0.055465906858444214]
1.3321427000812445  ::  12.481164  ::  [1.9705159664154053, -0.15413783490657806, 0.05546744912862778]
1.332487197747507  ::  12.497117  ::  [1.9768006801605225, -0.1542835682630539, 0.05546834319829941]
1.332487197747507  ::  12.512244  ::  [1.9830842018127441, -0.15442870557308197, 0.05546737462282181]
1.3326409837255382  ::  12.528199  ::  [1.986228585243225, -0.15450192987918854, 0.05546901002526283]
1.3324836759312164  ::  12.543872  ::  [1.992514729499817, -0.15464763343334198, 0.05546959489583969]
1.3307917100077573  ::  12.558833  ::  [2.011367082595825, -0.15508340299129486, 0.055468685925006866]
1.3307917100077573  ::  12.574818  ::  [2.011367082595825, -0.15508340299129486, 0.055468685925006866]
1.3286933478286824  ::  12.590775  ::  [2.0176568031311035, -0.15522855520248413, 0.05546773225069046]
1.327453775216031  ::  12.606841  ::  [2.0239336490631104, -0.1553758978843689, 0.05546611547470093]
1.326265108857037  ::  12.622799  ::  [2.03336501121521, -0.15559445321559906, 0.05546622350811958]
1.325607916592835  ::  12.638792  ::  [2.0427870750427246, -0.15581253170967102, 0.055461496114730835]
1.32597258466149  ::  12.653958  ::  [2.0522353649139404, -0.15603233873844147, 0.0554671511054039]
1.3264613700739691  ::  12.669797  ::  [2.064805269241333, -0.15632431209087372, 0.05546535179018974]
1.3274388341772214  ::  12.684775  ::  [2.0710768699645996, -0.1564701944589615, 0.0554666630923748]
1.3274388341772214  ::  12.700712  ::  [2.077366828918457, -0.15661649405956268, 0.05546595901250839]
1.3291161792269885  ::  12.71667  ::  [2.083646059036255, -0.15676236152648926, 0.055466629564762115]
1.3303070867418036  ::  12.73265  ::  [2.086794853210449, -0.15683557093143463, 0.05546589940786362]
1.3303070867418036  ::  12.748619  ::  [2.093074083328247, -0.15698136389255524, 0.0554671548306942]
1.3310384505915238  ::  12.764522  ::  [2.099360704421997, -0.15712739527225494, 0.05546773970127106]
1.3326504819573528  ::  12.779467  ::  [2.105644464492798, -0.15727311372756958, 0.05546808987855911]
1.3323789819378447  ::  12.795456  ::  [2.1182258129119873, -0.15756461024284363, 0.0554654598236084]
1.3323789819378447  ::  12.811521  ::  [2.124497652053833, -0.157710000872612, 0.05546637624502182]
1.3298387918968346  ::  12.827483  ::  [2.1370675563812256, -0.15800167620182037, 0.05546678602695465]
1.3298387918968346  ::  12.843436  ::  [2.1464927196502686, -0.15821874141693115, 0.05546490103006363]
1.3275536667326422  ::  12.858619  ::  [2.1496388912200928, -0.15829215943813324, 0.05546487122774124]
1.3275536667326422  ::  12.874574  ::  [2.1590757369995117, -0.15851207077503204, 0.055466409772634506]
1.3266164367124695  ::  12.890475  ::  [2.165348768234253, -0.15865568816661835, 0.05546452850103378]
1.3251850851945288  ::  12.906135  ::  [2.1747817993164062, -0.15887553989887238, 0.05546727776527405]
1.3258139962066988  ::  12.922093  ::  [2.1842122077941895, -0.1590941995382309, 0.05546834319829941]
1.3267052291716797  ::  12.93805  ::  [2.193636417388916, -0.15931428968906403, 0.05546596646308899]
1.3284507693914411  ::  12.95368  ::  [2.2030653953552246, -0.15953224897384644, 0.05546683818101883]
1.3295696397548538  ::  12.969636  ::  [2.212491512298584, -0.15975137054920197, 0.05546637997031212]
1.3295696397548538  ::  12.984624  ::  [2.2187790870666504, -0.15989764034748077, 0.055466506630182266]
1.3320332036111129  ::  13.000553  ::  [2.225060224533081, -0.16004373133182526, 0.055466677993535995]
1.3330704318696027  ::  13.01651  ::  [2.2344865798950195, -0.16026224195957184, 0.05546637624502182]
1.3334812037151555  ::  13.032604  ::  [2.243922710418701, -0.1604815572500229, 0.055467210710048676]
1.3334812037151555  ::  13.048579  ::  [2.253345489501953, -0.1606999784708023, 0.05546904727816582]
1.3319468657511355  ::  13.064225  ::  [2.262773275375366, -0.1609193980693817, 0.055468641221523285]
1.3312491192387366  ::  13.080178  ::  [2.275344133377075, -0.1612110286951065, 0.0554693304002285]
1.3304559635213689  ::  13.096135  ::  [2.2816340923309326, -0.16135689616203308, 0.05546360835433006]
1.3291933390202684  ::  13.112143  ::  [2.28477144241333, -0.16142912209033966, 0.055467139929533005]
1.3280754291522077  ::  13.128179  ::  [2.291072368621826, -0.16157306730747223, 0.05546659231185913]
1.327069363631806  ::  13.144099  ::  [2.300483465194702, -0.16179358959197998, 0.05546734854578972]
1.327069363631806  ::  13.160057  ::  [2.3130557537078857, -0.16208398342132568, 0.05546419322490692]
1.327729650825476  ::  13.175986  ::  [2.3224873542785645, -0.16230598092079163, 0.0554659329354763]
1.3290400866507663  ::  13.191679  ::  [2.3319215774536133, -0.16252461075782776, 0.05546572059392929]
1.3305513727263374  ::  13.207636  ::  [2.341336727142334, -0.1627434343099594, 0.055466704070568085]
1.3319891275466251  ::  13.223622  ::  [2.3507628440856934, -0.16296255588531494, 0.05546661466360092]
1.332903839286878  ::  13.239553  ::  [2.3601908683776855, -0.16318196058273315, 0.055467016994953156]
1.333312476698315  ::  13.255265  ::  [2.3664841651916504, -0.1633284091949463, 0.05546671152114868]
1.333312476698315  ::  13.27137  ::  [2.3696186542510986, -0.16340096294879913, 0.055467389523983]
1.3342819366736338  ::  13.287407  ::  [2.3759031295776367, -0.16354651749134064, 0.055468033999204636]
1.3342819366736338  ::  13.303545  ::  [2.3853321075439453, -0.16376546025276184, 0.05546893551945686]
1.3332340362445656  ::  13.319488  ::  [2.394761085510254, -0.16398529708385468, 0.055467355996370316]
1.3326265762952576  ::  13.335426  ::  [2.4010446071624756, -0.16412919759750366, 0.05546799674630165]
1.3316970302379012  ::  13.351142  ::  [2.407329559326172, -0.16427668929100037, 0.05546744912862778]
1.3316970302379012  ::  13.367099  ::  [2.4136123657226562, -0.16442076861858368, 0.05546695739030838]
1.3299927913182772  ::  13.383039  ::  [2.423034429550171, -0.16464132070541382, 0.055463116616010666]
1.3277807705225453  ::  13.398474  ::  [2.4324655532836914, -0.1648595929145813, 0.05546477064490318]
1.3277807705225453  ::  13.414433  ::  [2.4419078826904297, -0.16507843136787415, 0.05546706169843674]
1.3274343518655787  ::  13.430424  ::  [2.4513275623321533, -0.16529792547225952, 0.05546809360384941]
1.3274343518655787  ::  13.446348  ::  [2.4544718265533447, -0.16537098586559296, 0.055467601865530014]
1.32773840200535  ::  13.462304  ::  [2.46075439453125, -0.16551725566387177, 0.05546746402978897]
1.3282542947310976  ::  13.478261  ::  [2.46703839302063, -0.16566333174705505, 0.05546689033508301]
1.3290413673112356  ::  13.493904  ::  [2.4733335971832275, -0.16580995917320251, 0.055463723838329315]
1.330488086754809  ::  13.509633  ::  [2.4827497005462646, -0.1660289317369461, 0.05546664446592331]
1.3322661770948336  ::  13.525062  ::  [2.495323419570923, -0.16632118821144104, 0.055466752499341965]
1.3337184460671077  ::  13.540284  ::  [2.5047481060028076, -0.16654005646705627, 0.055468011647462845]
1.3337184460671077  ::  13.55623  ::  [2.5110342502593994, -0.16668564081192017, 0.05546858161687851]
1.3332420403724994  ::  13.571702  ::  [2.5267398357391357, -0.16704878211021423, 0.05546491965651512]
1.3326767354969749  ::  13.587695  ::  [2.5267398357391357, -0.16704878211021423, 0.05546491965651512]
1.3326767354969749  ::  13.603431  ::  [2.533040761947632, -0.16719630360603333, 0.05546547472476959]
1.3294438148637375  ::  13.6184  ::  [2.5455973148345947, -0.16748760640621185, 0.055464696139097214]
1.3294438148637375  ::  13.634396  ::  [2.555023670196533, -0.1677045375108719, 0.055466748774051666]
1.3276921915067466  ::  13.650347  ::  [2.5613090991973877, -0.16785159707069397, 0.05546485632658005]
1.327190065881045  ::  13.666272  ::  [2.5707411766052246, -0.1680731624364853, 0.05546661838889122]
1.3277743672201983  ::  13.682264  ::  [2.5833139419555664, -0.16836360096931458, 0.05546807497739792]
1.3288114887569824  ::  13.698188  ::  [2.5927395820617676, -0.16858328878879547, 0.05546700209379196]
1.3288114887569824  ::  13.714175  ::  [2.60217022895813, -0.16880245506763458, 0.05546634644269943]
1.3292296244002342  ::  13.72914  ::  [2.605309009552002, -0.16887566447257996, 0.05546659231185913]
1.331582838012715  ::  13.744855  ::  [2.6147375106811523, -0.16909469664096832, 0.055466119199991226]
1.3330069324546627  ::  13.760785  ::  [2.6210193634033203, -0.16924110054969788, 0.05546671152114868]
1.333499986735373  ::  13.776745  ::  [2.6335904598236084, -0.1695328950881958, 0.055467650294303894]
1.3338583582233872  ::  13.792703  ::  [2.643019199371338, -0.16975164413452148, 0.0554683692753315]
1.3337103352174682  ::  13.808657  ::  [2.6524500846862793, -0.16997016966342926, 0.0554688423871994]
1.3335515333192656  ::  13.824639  ::  [2.6555840969085693, -0.17004123330116272, 0.05546456575393677]
1.332748986091789  ::  13.840599  ::  [2.658724069595337, -0.17011478543281555, 0.055467087775468826]
1.332748986091789  ::  13.85656  ::  [2.668152332305908, -0.17033503949642181, 0.05546673759818077]
1.3296539499024211  ::  13.872513  ::  [2.677583694458008, -0.17055173218250275, 0.055466633290052414]
1.3283271856561463  ::  13.888468  ::  [2.6870107650756836, -0.17076992988586426, 0.05546525493264198]
1.3272957203697684  ::  13.904048  ::  [2.6964433193206787, -0.17099228501319885, 0.055466871708631516]
1.327061999834107  ::  13.919994  ::  [2.7058749198913574, -0.17121027410030365, 0.05546881631016731]
1.327061999834107  ::  13.935952  ::  [2.7152998447418213, -0.17142941057682037, 0.055468037724494934]
1.3276518507019612  ::  13.951571  ::  [2.724726676940918, -0.17164912819862366, 0.055467210710048676]
1.3303121026619753  ::  13.967629  ::  [2.7341525554656982, -0.17187194526195526, 0.055460087954998016]
1.3303121026619753  ::  13.983256  ::  [2.743577480316162, -0.17208747565746307, 0.05546623840928078]
1.3330955114704615  ::  13.998182  ::  [2.7530059814453125, -0.17230647802352905, 0.05546687915921211]
1.3334396889716065  ::  14.013682  ::  [2.762432813644409, -0.17252537608146667, 0.05546722561120987]
1.333925379454618  ::  14.028677  ::  [2.7655844688415527, -0.1725989282131195, 0.05546680837869644]
1.3340886636644635  ::  14.044662  ::  [2.7718632221221924, -0.17274439334869385, 0.05546857416629791]
1.3340886636644635  ::  14.060618  ::  [2.7844340801239014, -0.17303553223609924, 0.055469173938035965]
1.333544489686684  ::  14.076576  ::  [2.793853759765625, -0.17325346171855927, 0.055464696139097214]
1.3319404624487887  ::  14.092527  ::  [2.8032867908477783, -0.17347100377082825, 0.05546657741069794]
1.3303769894590904  ::  14.108492  ::  [2.8127238750457764, -0.1736908107995987, 0.05546592175960541]
1.328402424458722  ::  14.124489  ::  [2.8158531188964844, -0.17376352846622467, 0.05546125769615173]
1.3281332723167414  ::  14.140411  ::  [2.825282573699951, -0.1739821434020996, 0.05546583980321884]
1.3275167410224418  ::  14.156367  ::  [2.8315634727478027, -0.17413072288036346, 0.05546471104025841]
1.3275167410224418  ::  14.172324  ::  [2.8378705978393555, -0.1742764264345169, 0.05546785145998001]
1.3272908111713027  ::  14.188317  ::  [2.844144105911255, -0.174422949552536, 0.05546770244836807]
1.3275575087140503  ::  14.204134  ::  [2.8535706996917725, -0.17464178800582886, 0.055467430502176285]
1.3287634639893808  ::  14.220063  ::  [2.862999439239502, -0.1748611330986023, 0.055467184633016586]
1.3319524152798363  ::  14.23602  ::  [2.875565767288208, -0.17515292763710022, 0.05546564608812332]
1.3319524152798363  ::  14.251568  ::  [2.884993076324463, -0.17537152767181396, 0.055465757846832275]
1.3333336075960598  ::  14.267155  ::  [2.8944220542907715, -0.17558953166007996, 0.055464450269937515]
1.3344781978905658  ::  14.283131  ::  [2.9038491249084473, -0.17581363022327423, 0.05546770244836807]
1.3344781978905658  ::  14.299049  ::  [2.9101357460021973, -0.1759597212076187, 0.05546870827674866]
1.3343592031886196  ::  14.31504  ::  [2.9164137840270996, -0.1761048138141632, 0.05546559765934944]
1.3329625362250577  ::  14.330992  ::  [2.9227049350738525, -0.17624887824058533, 0.055467043071985245]
1.3329625362250577  ::  14.346561  ::  [2.928983688354492, -0.17639398574829102, 0.05546556040644646]
1.3314851876519251  ::  14.362496  ::  [2.9384119510650635, -0.17661257088184357, 0.05546283721923828]
1.328552368455345  ::  14.378483  ::  [2.9478402137756348, -0.1768302619457245, 0.055465277284383774]
1.328552368455345  ::  14.394459  ::  [2.957273006439209, -0.1770515739917755, 0.055465422570705414]
1.327846831258424  ::  14.410422  ::  [2.9604170322418213, -0.1771240383386612, 0.05546858534216881]
1.3277807705225453  ::  14.426379  ::  [2.966696262359619, -0.17726953327655792, 0.05546339973807335]
1.328000617236455  ::  14.442307  ::  [2.972987174987793, -0.17741659283638, 0.05546768382191658]
1.328529423288602  ::  14.458338  ::  [2.9824235439300537, -0.1776358038187027, 0.05546661466360092]
1.3293417889130104  ::  14.474257  ::  [2.988701343536377, -0.17778176069259644, 0.05546791851520538]
1.3293417889130104  ::  14.490303  ::  [2.9949967861175537, -0.17792795598506927, 0.05546478182077408]
1.3298290802216086  ::  14.506247  ::  [2.9981279373168945, -0.17800100147724152, 0.05546649545431137]
1.332365214837799  ::  14.522171  ::  [3.007559299468994, -0.1782204806804657, 0.055465392768383026]
1.3329964737274962  ::  14.538161  ::  [3.01383638381958, -0.17836779356002808, 0.05546637251973152]
1.3329964737274962  ::  14.554114  ::  [3.0169906616210938, -0.17844019830226898, 0.055464066565036774]
1.3346205646460783  ::  14.570071  ::  [3.0232651233673096, -0.17858614027500153, 0.055467866361141205]
1.3346205646460783  ::  14.585999  ::  [3.0358307361602783, -0.1788795292377472, 0.05546456575393677]
1.334381934911951  ::  14.601991  ::  [3.0452661514282227, -0.17909635603427887, 0.055463992059230804]
1.3338254879380065  ::  14.617185  ::  [3.0547032356262207, -0.1793166548013687, 0.0554644875228405]
1.3338254879380065  ::  14.633142  ::  [3.06097674369812, -0.17946210503578186, 0.05546901002526283]
1.3311847660501503  ::  14.649183  ::  [3.0704078674316406, -0.179681196808815, 0.05546874552965164]
1.3311847660501503  ::  14.665176  ::  [3.0798325538635254, -0.17989854514598846, 0.05546315759420395]
1.3292583325390894  ::  14.681125  ::  [3.092398166656494, -0.18018977344036102, 0.05546623840928078]
1.3283304940290255  ::  14.697162  ::  [3.1018242835998535, -0.18041294813156128, 0.05546494200825691]
1.3283304940290255  ::  14.712146  ::  [3.111255407333374, -0.1806306093931198, 0.0554654523730278]
1.3287236567931242  ::  14.727665  ::  [3.1175434589385986, -0.18077664077281952, 0.055467795580625534]
1.3292706055352541  ::  14.743623  ::  [3.123828411102295, -0.18092316389083862, 0.05546725541353226]
1.3322479276831452  ::  14.759553  ::  [3.1332530975341797, -0.181142196059227, 0.055466581135988235]
1.333724635926043  ::  14.77551  ::  [3.1426777839660645, -0.18136079609394073, 0.055464714765548706]
1.333724635926043  ::  14.791467  ::  [3.1521058082580566, -0.18158318102359772, 0.05546549707651138]
1.334869226220549  ::  14.807165  ::  [3.161541223526001, -0.18180133402347565, 0.0554659441113472]
1.3350014544140123  ::  14.823122  ::  [3.1709609031677246, -0.18202164769172668, 0.05546678230166435]
1.334027405405345  ::  14.83908  ::  [3.180385112762451, -0.182236447930336, 0.05546661838889122]
1.334027405405345  ::  14.854893  ::  [3.1898281574249268, -0.1824570745229721, 0.05546536296606064]
1.3330920963758763  ::  14.870409  ::  [3.1992485523223877, -0.1826748251914978, 0.05546846613287926]
1.3301165884969837  ::  14.886353  ::  [3.208662986755371, -0.1828952431678772, 0.05546337366104126]
1.3290361379476523  ::  14.902055  ::  [3.2181015014648438, -0.1831149011850357, 0.05546775832772255]
1.3283026396638165  ::  14.918047  ::  [3.2275266647338867, -0.1833314299583435, 0.05546350032091141]
1.3283026396638165  ::  14.933319  ::  [3.236953020095825, -0.18355153501033783, 0.055464014410972595]
1.329287894451591  ::  14.949276  ::  [3.2463841438293457, -0.1837722212076187, 0.05546730011701584]
1.329287894451591  ::  14.965238  ::  [3.2558069229125977, -0.1839933842420578, 0.055464036762714386]
1.331494045553505  ::  14.981195  ::  [3.2652337551116943, -0.18420875072479248, 0.05546388402581215]
1.3320901930020002  ::  14.997149  ::  [3.271521806716919, -0.1843574345111847, 0.05546681210398674]
1.3331589041636955  ::  15.012594  ::  [3.2746777534484863, -0.18443074822425842, 0.05546548590064049]
1.3341965593090086  ::  15.028516  ::  [3.2809503078460693, -0.18457654118537903, 0.055467478930950165]
1.3341965593090086  ::  15.044083  ::  [3.2872462272644043, -0.18472249805927277, 0.055464789271354675]
1.3349455322401829  ::  15.059449  ::  [3.2998123168945312, -0.18501481413841248, 0.05546749383211136]
1.3351242910973666  ::  15.075036  ::  [3.3092286586761475, -0.185231551527977, 0.055465757846832275]
1.3345648559156604  ::  15.090997  ::  [3.3186564445495605, -0.18545277416706085, 0.055467624217271805]
1.3316850774068538  ::  15.107028  ::  [3.3280858993530273, -0.18567095696926117, 0.055463891476392746]
1.3296979192452032  ::  15.12312  ::  [3.3375136852264404, -0.18588924407958984, 0.05546737089753151]
1.3296979192452032  ::  15.139097  ::  [3.346940279006958, -0.18610534071922302, 0.05546517297625542]
