1.429552616868145  ::  0.015957  ::  [-4.649901866912842, 0.0001003091674647294, 0.055466484278440475]
1.429552616868145  ::  0.031914  ::  [-4.64990234375, 0.00010011433914769441, 0.05546633154153824]
1.458344212097276  ::  0.047895  ::  [-4.64990234375, 0.00010017416207119823, 0.05546627193689346]
1.4977701984207052  ::  0.063829  ::  [-4.648038864135742, 5.4486197768710554e-05, 0.0567113533616066]
1.4977701984207052  ::  0.079786  ::  [-4.628055572509766, -0.0004877664614468813, 0.05576654523611069]
1.5984650093115587  ::  0.095744  ::  [-4.616433143615723, -0.0005885115824639797, 0.05582248046994209]
1.6032520114243856  ::  0.111735  ::  [-4.604917526245117, -0.0009055143455043435, 0.055730074644088745]
1.8640843426658904  ::  0.127666  ::  [-4.594461441040039, -0.0010072363074868917, 0.05552678927779198]
1.8640843426658904  ::  0.142819  ::  [-4.585041522979736, -0.0013073987793177366, 0.05546692758798599]
1.863466210546004  ::  0.158777  ::  [-4.581895351409912, -0.001410028780810535, 0.055467136204242706]
1.863027797778654  ::  0.173901  ::  [-4.575608253479004, -0.0016139143845066428, 0.05546741187572479]
1.8600220876570253  ::  0.189858  ::  [-4.566178321838379, -0.0019185818964615464, 0.05547131597995758]
1.8582733457860905  ::  0.205851  ::  [-4.556756973266602, -0.002226710319519043, 0.055469729006290436]
1.8570827584363925  ::  0.221773  ::  [-4.547329425811768, -0.0025319599080830812, 0.05546858534216881]
1.8570827584363925  ::  0.237765  ::  [-4.537907123565674, -0.002842051675543189, 0.055465735495090485]
1.856589277268859  ::  0.252725  ::  [-4.528476238250732, -0.0031470018438994884, 0.055467940866947174]
1.8571222454675316  ::  0.268824  ::  [-4.515917778015137, -0.003556568641215563, 0.055465687066316605]
1.85795510165945  ::  0.284137  ::  [-4.5064897537231445, -0.003863480407744646, 0.05546732246875763]
1.8594577432768529  ::  0.299352  ::  [-4.497071743011475, -0.004170253407210112, 0.05546405166387558]
1.862802614979455  ::  0.31531  ::  [-4.487645626068115, -0.004473540000617504, 0.05546565353870392]
1.862802614979455  ::  0.331268  ::  [-4.478219509124756, -0.004781308583915234, 0.05546645075082779]
1.864151363897121  ::  0.347196  ::  [-4.4687933921813965, -0.005087538156658411, 0.05546710640192032]
1.864151363897121  ::  0.363154  ::  [-4.459373950958252, -0.005393822677433491, 0.055467404425144196]
1.8624141479704106  ::  0.37914  ::  [-4.449946403503418, -0.005701362155377865, 0.055467940866947174]
1.8606607103444215  ::  0.394951  ::  [-4.440526008605957, -0.006005849689245224, 0.05546816438436508]
1.859114953157883  ::  0.410911  ::  [-4.431096076965332, -0.0063089304603636265, 0.055468808859586716]
1.858018067465861  ::  0.426866  ::  [-4.42167329788208, -0.006618374492973089, 0.05546596273779869]
1.8568729435628262  ::  0.442796  ::  [-4.412233829498291, -0.006925194524228573, 0.055468183010816574]
1.8568729435628262  ::  0.458753  ::  [-4.402811050415039, -0.007231897208839655, 0.055466216057538986]
1.857419999026662  ::  0.47471  ::  [-4.393398761749268, -0.007533273193985224, 0.05546630918979645]
1.857867162973886  ::  0.490668  ::  [-4.387115478515625, -0.007741222623735666, 0.0554649755358696]
1.858173454269479  ::  0.505771  ::  [-4.383962631225586, -0.007839137688279152, 0.055462900549173355]
1.8597764142903164  ::  0.521058  ::  [-4.377686023712158, -0.00804507452994585, 0.05546795576810837]
1.8614615500246054  ::  0.53662  ::  [-4.368268013000488, -0.008352624252438545, 0.05546564608812332]
1.8614615500246054  ::  0.552551  ::  [-4.358840465545654, -0.00865501444786787, 0.055465128272771835]
1.8638425112805894  ::  0.567574  ::  [-4.352555751800537, -0.008857243694365025, 0.05546370893716812]
1.8645780372768352  ::  0.583497  ::  [-4.3462748527526855, -0.009062165394425392, 0.05546668544411659]
1.8648883839972477  ::  0.598657  ::  [-4.33998966217041, -0.009264473803341389, 0.05546698346734047]
1.8641110230923357  ::  0.614617  ::  [-4.327422618865967, -0.009676547721028328, 0.05546864867210388]
1.8641110230923357  ::  0.630569  ::  [-4.321139335632324, -0.0098760100081563, 0.0554688461124897]
1.8632931079392265  ::  0.64583  ::  [-4.314857006072998, -0.010081538930535316, 0.05546899884939194]
1.8632931079392265  ::  0.661791  ::  [-4.311713218688965, -0.010182863101363182, 0.05546944588422775]
1.8608954980971406  ::  0.67694  ::  [-4.305424690246582, -0.010387295857071877, 0.0554659366607666]
1.859553365925233  ::  0.693057  ::  [-4.295990943908691, -0.010696466080844402, 0.05546946078538895]
1.8585597868444077  ::  0.708643  ::  [-4.286579132080078, -0.01100008562207222, 0.05546797066926956]
1.8585597868444077  ::  0.723956  ::  [-4.277146816253662, -0.01130626443773508, 0.05546754598617554]
1.8580739896396907  ::  0.739838  ::  [-4.267727851867676, -0.01161326002329588, 0.05546791851520538]
1.8582255344619003  ::  0.755794  ::  [-4.25830078125, -0.01192007027566433, 0.05546891689300537]
1.8582255344619003  ::  0.771347  ::  [-4.255162239074707, -0.012021698988974094, 0.05546547472476959]
1.8599697940211923  ::  0.786555  ::  [-4.2457427978515625, -0.012327599339187145, 0.055465828627347946]
1.8599697940211923  ::  0.802475  ::  [-4.2394585609436035, -0.01253471989184618, 0.055465467274188995]
1.8617906797652355  ::  0.818463  ::  [-4.230029106140137, -0.012839339673519135, 0.055464863777160645]
1.8623010229622823  ::  0.833417  ::  [-4.22689151763916, -0.012942435219883919, 0.055463626980781555]
1.8647197637021131  ::  0.848596  ::  [-4.217472553253174, -0.013250229880213737, 0.055464938282966614]
1.8655312755528752  ::  0.864553  ::  [-4.208049297332764, -0.01355504710227251, 0.055463746190071106]
1.8655312755528752  ::  0.880475  ::  [-4.201751232147217, -0.013757322914898396, 0.05546656996011734]
1.8656838875921427  ::  0.89646  ::  [-4.1986165046691895, -0.013863855972886086, 0.05546477437019348]
1.86509627788011  ::  0.912419  ::  [-4.189188480377197, -0.014165136031806469, 0.05546916276216507]
1.86509627788011  ::  0.92738  ::  [-4.179760456085205, -0.014474242925643921, 0.05546989291906357]
1.8621934474828545  ::  0.943308  ::  [-4.1703386306762695, -0.014782123267650604, 0.05546550452709198]
1.8621934474828545  ::  0.959264  ::  [-4.160914897918701, -0.015087719075381756, 0.055468469858169556]
1.8595537928120562  ::  0.975221  ::  [-4.151486396789551, -0.015392588451504707, 0.0554657056927681]
1.859456676059795  ::  0.991211  ::  [-4.142065048217773, -0.0157014187425375, 0.05546743422746658]
1.8598022409431154  ::  1.007137  ::  [-4.132640838623047, -0.016007075086236, 0.055465348064899445]
1.8598022409431154  ::  1.022186  ::  [-4.123210906982422, -0.016314689069986343, 0.05546630918979645]
1.8609830098958813  ::  1.03811  ::  [-4.110642910003662, -0.016723614186048508, 0.05546652525663376]
1.8624980312311548  ::  1.053069  ::  [-4.1043620109558105, -0.0169269610196352, 0.05546579882502556]
1.8641511504537094  ::  1.069055  ::  [-4.098082065582275, -0.017130566760897636, 0.055462904274463654]
1.8653031045459145  ::  1.084983  ::  [-4.088658332824707, -0.017437219619750977, 0.055464934557676315]
1.8655026741357257  ::  1.100942  ::  [-4.069805145263672, -0.018051471561193466, 0.05546879023313522]
1.8655026741357257  ::  1.116296  ::  [-4.069805145263672, -0.018051471561193466, 0.05546879023313522]
1.8651336304771335  ::  1.132254  ::  [-4.060384273529053, -0.01835900917649269, 0.055465083569288254]
1.863755853255495  ::  1.147707  ::  [-4.0509538650512695, -0.018661726266145706, 0.0554688461124897]
1.8623603602306968  ::  1.163362  ::  [-4.04152250289917, -0.018968962132930756, 0.05547085404396057]
1.861290795295355  ::  1.178826  ::  [-4.032099723815918, -0.019274894148111343, 0.055468279868364334]
1.8604073530148963  ::  1.1942  ::  [-4.025815010070801, -0.019481012597680092, 0.0554702952504158]
1.8604073530148963  ::  1.210187  ::  [-4.016395568847656, -0.019787585362792015, 0.05546807870268822]
1.859642798714678  ::  1.226144  ::  [-4.006966590881348, -0.020093079656362534, 0.05546429753303528]
1.8595941336168416  ::  1.242101  ::  [-3.997542142868042, -0.020401332527399063, 0.05546822026371956]
1.8607667917199682  ::  1.258059  ::  [-3.9881186485290527, -0.020707519724965096, 0.05546750873327255]
1.8620229061970157  ::  1.274025  ::  [-3.9786975383758545, -0.021013522520661354, 0.05546623095870018]
1.8642004558817804  ::  1.29001  ::  [-3.9692654609680176, -0.02132316865026951, 0.05546451359987259]
1.8659581623760009  ::  1.305974  ::  [-3.9598472118377686, -0.021628424525260925, 0.055467844009399414]
1.866700305118005  ::  1.320899  ::  [-3.9504330158233643, -0.021934833377599716, 0.05546446889638901]
1.8671658251986238  ::  1.336857  ::  [-3.9410061836242676, -0.022238682955503464, 0.055465929210186005]
1.866465517365286  ::  1.35184  ::  [-3.9315717220306396, -0.022547150030732155, 0.055470649152994156]
1.866465517365286  ::  1.367392  ::  [-3.922150135040283, -0.02285541221499443, 0.055466607213020325]
1.8643970372638299  ::  1.38337  ::  [-3.9158661365509033, -0.023058487102389336, 0.05546695739030838]
1.8643970372638299  ::  1.399323  ::  [-3.909579038619995, -0.023262355476617813, 0.055469125509262085]
1.861865171515871  ::  1.415256  ::  [-3.9032955169677734, -0.02346588298678398, 0.05546989291906357]
1.860599878972126  ::  1.431214  ::  [-3.8938746452331543, -0.02377115562558174, 0.05546538531780243]
1.8592475015164633  ::  1.447171  ::  [-3.875023126602173, -0.024383772164583206, 0.055467233061790466]
1.8591888045782836  ::  1.463128  ::  [-3.875023126602173, -0.024383772164583206, 0.055467233061790466]
1.8590861382973218  ::  1.479086  ::  [-3.8687360286712646, -0.02459004335105419, 0.05546838045120239]
1.8596859142838136  ::  1.495043  ::  [-3.8593177795410156, -0.024896685034036636, 0.055463530123233795]
1.8596859142838136  ::  1.510165  ::  [-3.8498904705047607, -0.025204166769981384, 0.05546373873949051]
1.861472008751772  ::  1.526122  ::  [-3.8404688835144043, -0.025509338825941086, 0.055464815348386765]
1.8631238473138572  ::  1.541767  ::  [-3.8310418128967285, -0.025816911831498146, 0.05546652525663376]
1.8637650313221923  ::  1.557704  ::  [-3.8216147422790527, -0.0261235274374485, 0.05546734854578972]
1.8637650313221923  ::  1.573662  ::  [-3.8121964931488037, -0.026427697390317917, 0.05546509847044945]
1.86405424714486  ::  1.589159  ::  [-3.8027658462524414, -0.026735801249742508, 0.055469200015068054]
1.8630768897633134  ::  1.605116  ::  [-3.7933454513549805, -0.027043353766202927, 0.055465035140514374]
1.8618022057094599  ::  1.621126  ::  [-3.7839066982269287, -0.027349889278411865, 0.055467233061790466]
1.8600914567657831  ::  1.637076  ::  [-3.7744855880737305, -0.02765241637825966, 0.055471405386924744]
1.8582893540419576  ::  1.653034  ::  [-3.765064239501953, -0.027960002422332764, 0.05546675622463226]
1.8573365426527408  ::  1.668991  ::  [-3.7525010108947754, -0.02836604416370392, 0.05546260252594948]
1.8573365426527408  ::  1.685067  ::  [-3.743070363998413, -0.0286719910800457, 0.055466797202825546]
1.8579700426982595  ::  1.701024  ::  [-3.7336456775665283, -0.02897959016263485, 0.05546576529741287]
1.859251556941283  ::  1.716981  ::  [-3.724214553833008, -0.02928934432566166, 0.055462852120399475]
1.859251556941283  ::  1.733042  ::  [-3.7147881984710693, -0.029595771804451942, 0.05546277016401291]
1.8605804556216738  ::  1.748407  ::  [-3.7053802013397217, -0.029899906367063522, 0.055463094264268875]
1.8641556327653523  ::  1.764072  ::  [-3.692810535430908, -0.03030981682240963, 0.055465664714574814]
1.8641556327653523  ::  1.780033  ::  [-3.6833724975585938, -0.030613631010055542, 0.055462248623371124]
1.8648764311662003  ::  1.795487  ::  [-3.673959493637085, -0.03092280402779579, 0.055467888712882996]
1.864198748334488  ::  1.811464  ::  [-3.6645374298095703, -0.031225886195898056, 0.05546768382191658]
1.8639421893537893  ::  1.827452  ::  [-3.6550934314727783, -0.03153177350759506, 0.055467650294303894]
1.8639421893537893  ::  1.842405  ::  [-3.6488239765167236, -0.031736575067043304, 0.05546928942203522]
1.8620493731800496  ::  1.858369  ::  [-3.6456830501556396, -0.0318412147462368, 0.05546822026371956]
1.8605759733100309  ::  1.874025  ::  [-3.6362569332122803, -0.03214750438928604, 0.055468879640102386]
1.8605759733100309  ::  1.889357  ::  [-3.626830577850342, -0.03245103359222412, 0.05546782910823822]
1.8595913588524913  ::  1.905258  ::  [-3.617405414581299, -0.032759614288806915, 0.055468060076236725]
1.8597875133477175  ::  1.92122  ::  [-3.607980489730835, -0.03306468576192856, 0.05546796694397926]
1.8605734119890922  ::  1.936683  ::  [-3.5985562801361084, -0.03337511792778969, 0.05546524375677109]
1.8605734119890922  ::  1.952637  ::  [-3.5922775268554688, -0.033576853573322296, 0.0554637536406517]
1.861612667959992  ::  1.967894  ::  [-3.5922775268554688, -0.033576853573322296, 0.0554637536406517]
1.8624939758063352  ::  1.983421  ::  [-3.5828497409820557, -0.033884741365909576, 0.05546596646308899]
1.8640324759168805  ::  1.999381  ::  [-3.576568603515625, -0.03408483415842056, 0.05546116083860397]
1.8640324759168805  ::  2.01531  ::  [-3.5671472549438477, -0.0343954861164093, 0.055464692413806915]
1.8661613605038088  ::  2.030273  ::  [-3.5577242374420166, -0.03470129147171974, 0.055464066565036774]
1.866694542145893  ::  2.045333  ::  [-3.551436424255371, -0.03490487113595009, 0.05546579882502556]
1.8666311494526588  ::  2.061307  ::  [-3.545152187347412, -0.0351143404841423, 0.05546582117676735]
1.8666697827101517  ::  2.077286  ::  [-3.538872241973877, -0.03531457111239433, 0.055464427918195724]
1.8701945872087014  ::  2.092764  ::  [-3.5294346809387207, -0.03561999648809433, 0.05546488240361214]
1.868734634273611  ::  2.108698  ::  [-3.520004987716675, -0.03592812269926071, 0.055465616285800934]
1.868734634273611  ::  2.12383  ::  [-3.5105862617492676, -0.03623605892062187, 0.05546817556023598]
1.8652700208171222  ::  2.139787  ::  [-3.5011610984802246, -0.036542974412441254, 0.05547039210796356]
1.8652700208171222  ::  2.15582  ::  [-3.491736650466919, -0.036847226321697235, 0.05546808987855911]
1.864736839175038  ::  2.171777  ::  [-3.482313394546509, -0.037157077342271805, 0.05546678230166435]
1.864659786103464  ::  2.187706  ::  [-3.4728891849517822, -0.03746536001563072, 0.05546600744128227]
1.8659009595417022  ::  2.203663  ::  [-3.4540398120880127, -0.03808065503835678, 0.055465105921030045]
1.8674268664909652  ::  2.219658  ::  [-3.4540398120880127, -0.03808065503835678, 0.055465105921030045]
1.8674268664909652  ::  2.235606  ::  [-3.444617748260498, -0.038387831300497055, 0.05546581745147705]
1.8707156025763265  ::  2.251535  ::  [-3.4351913928985596, -0.03869416564702988, 0.055464889854192734]
1.8707156025763265  ::  2.26752  ::  [-3.4226303100585938, -0.039104145020246506, 0.05546501278877258]
1.8716003255172546  ::  2.282703  ::  [-3.4132065773010254, -0.03941185399889946, 0.05546253174543381]
1.8716329823592237  ::  2.297977  ::  [-3.4037795066833496, -0.03972070664167404, 0.05546701326966286]
1.8690366567009726  ::  2.314103  ::  [-3.394352436065674, -0.040027037262916565, 0.055466629564762115]
1.8674731837112744  ::  2.329469  ::  [-3.3849270343780518, -0.040334150195121765, 0.0554676353931427]
1.8674731837112744  ::  2.345427  ::  [-3.3755054473876953, -0.04063905030488968, 0.05546703189611435]
1.8644188084918094  ::  2.360358  ::  [-3.356658697128296, -0.04125582426786423, 0.055462975054979324]
1.8620175701117267  ::  2.376351  ::  [-3.356658697128296, -0.04125582426786423, 0.055462975054979324]
1.8620175701117267  ::  2.392276  ::  [-3.347231864929199, -0.04156311973929405, 0.05546391010284424]
1.8624201243859344  ::  2.407406  ::  [-3.3378002643585205, -0.04186949506402016, 0.05546703562140465]
1.8639050502001775  ::  2.422925  ::  [-3.3283846378326416, -0.042177509516477585, 0.055463798344135284]
1.8648807000344314  ::  2.438906  ::  [-3.3189597129821777, -0.04248363897204399, 0.055462904274463654]
1.8659223038828585  ::  2.454842  ::  [-3.3095338344573975, -0.04279153794050217, 0.055463675409555435]
1.8666593239829852  ::  2.470799  ::  [-3.3001112937927246, -0.04309811443090439, 0.05546543747186661]
1.8674339101235469  ::  2.485956  ::  [-3.296959638595581, -0.04320403188467026, 0.055463019758462906]
1.8677103193415208  ::  2.501913  ::  [-3.290681838989258, -0.04340498149394989, 0.0554673969745636]
1.8677103193415208  ::  2.517873  ::  [-3.284398317337036, -0.043609220534563065, 0.05546761304140091]
1.8681647403647381  ::  2.533033  ::  [-3.2718334197998047, -0.044019393622875214, 0.05546646937727928]
1.8676253688637188  ::  2.548991  ::  [-3.262404680252075, -0.0443270280957222, 0.055468425154685974]
1.8676253688637188  ::  2.564876  ::  [-3.2529847621917725, -0.044630274176597595, 0.05546443909406662]
1.8645315066131145  ::  2.580976  ::  [-3.243549346923828, -0.04493917524814606, 0.05546946078538895]
1.863487341443749  ::  2.596302  ::  [-3.237274169921875, -0.04514363035559654, 0.05546830594539642]
1.862258761166793  ::  2.61155  ::  [-3.2278454303741455, -0.04545147716999054, 0.05546869710087776]
1.8618135182102726  ::  2.627377  ::  [-3.21842885017395, -0.045757632702589035, 0.055465370416641235]
1.8621255724779775  ::  2.642843  ::  [-3.208997964859009, -0.046066027134656906, 0.055463485419750214]
1.86261072935246  ::  2.658752  ::  [-3.1995794773101807, -0.04637189954519272, 0.05546201765537262]
1.864911222442285  ::  2.674851  ::  [-3.1901519298553467, -0.04667762666940689, 0.055465374141931534]
1.864911222442285  ::  2.690779  ::  [-3.1775920391082764, -0.047089945524930954, 0.055459603667259216]
1.8663777921231337  ::  2.705768  ::  [-3.168165683746338, -0.04739346355199814, 0.055462416261434555]
1.8668584666859733  ::  2.721727  ::  [-3.1650266647338867, -0.04749945178627968, 0.05546192824840546]
1.868629193228299  ::  2.737686  ::  [-3.155600070953369, -0.0478045791387558, 0.05546612665057182]
1.8684065717500389  ::  2.752649  ::  [-3.146176338195801, -0.048112653195858, 0.05546587333083153]
1.8684065717500389  ::  2.768637  ::  [-3.1367509365081787, -0.04841776192188263, 0.05546567216515541]
1.8661560244185198  ::  2.784593  ::  [-3.127321243286133, -0.04872380942106247, 0.05546809360384941]
1.8645686457667265  ::  2.800523  ::  [-3.117894411087036, -0.04903120547533035, 0.05546761304140091]
1.8645686457667265  ::  2.81648  ::  [-3.1084728240966797, -0.04933721572160721, 0.055468685925006866]
1.8629797730110522  ::  2.832473  ::  [-3.0990445613861084, -0.049645453691482544, 0.05546804890036583]
1.8619616479378973  ::  2.848585  ::  [-3.0896193981170654, -0.049951791763305664, 0.05546922609210014]
1.8626489357231297  ::  2.864543  ::  [-3.0801994800567627, -0.050259776413440704, 0.055464159697294235]
1.86371828721506  ::  2.880469  ::  [-3.067636013031006, -0.05067042261362076, 0.055462975054979324]
1.86371828721506  ::  2.895458  ::  [-3.058208703994751, -0.05097665265202522, 0.055462855845689774]
1.8671801259071985  ::  2.910418  ::  [-3.048788070678711, -0.05128560587763786, 0.05546248331665993]
1.8687685717760496  ::  2.926375  ::  [-3.03934907913208, -0.05159171670675278, 0.055462922900915146]
1.8698637499207789  ::  2.942394  ::  [-3.029942274093628, -0.05189605802297592, 0.055462904274463654]
1.8700545683307161  ::  2.958351  ::  [-3.020515203475952, -0.05220438912510872, 0.055466268211603165]
1.8700545683307161  ::  2.974309  ::  [-3.0110888481140137, -0.05251092463731766, 0.05546547845005989]
1.8695802970702233  ::  2.990266  ::  [-3.001655340194702, -0.052820753306150436, 0.05546647682785988]
1.8668369089014054  ::  3.006223  ::  [-2.992234230041504, -0.0531250424683094, 0.05546434968709946]
1.8651752519423883  ::  3.021747  ::  [-2.9828152656555176, -0.05343175679445267, 0.055467694997787476]
1.8651752519423883  ::  3.037698  ::  [-2.9733924865722656, -0.0537392795085907, 0.05546753853559494]
1.8629737965955286  ::  3.053628  ::  [-2.9639673233032227, -0.05404568463563919, 0.0554673969745636]
1.8626485088363067  ::  3.069616  ::  [-2.954542398452759, -0.05435044318437576, 0.05546560883522034]
1.8629104039022943  ::  3.08555  ::  [-2.9450995922088623, -0.0546613410115242, 0.05546341836452484]
1.8638647093953922  ::  3.101538  ::  [-2.9356913566589355, -0.05496899411082268, 0.05546344071626663]
1.8647035420028342  ::  3.11749  ::  [-2.926269054412842, -0.055275529623031616, 0.055463094264268875]
1.8647035420028342  ::  3.133445  ::  [-2.923125743865967, -0.0553780123591423, 0.05546463280916214]
1.8673186506813029  ::  3.14941  ::  [-2.9137051105499268, -0.05568389222025871, 0.05546341836452484]
1.8673186506813029  ::  3.164801  ::  [-2.904280185699463, -0.055989064276218414, 0.05546208471059799]
1.8690494633056665  ::  3.180096  ::  [-2.8979921340942383, -0.05619557574391365, 0.05546394735574722]
1.8690494633056665  ::  3.195105  ::  [-2.8885672092437744, -0.05650148540735245, 0.05546485632658005]
1.8684317580726033  ::  3.21109  ::  [-2.87914776802063, -0.05680675059556961, 0.0554642453789711]
1.8684317580726033  ::  3.227048  ::  [-2.8665809631347656, -0.05721640586853027, 0.05546628311276436]
1.865885805059481  ::  3.242976  ::  [-2.857149600982666, -0.057523198425769806, 0.05546807497739792]
1.8645144311401896  ::  3.258934  ::  [-2.8477234840393066, -0.057830967009067535, 0.05546582117676735]
1.8645144311401896  ::  3.274919  ::  [-2.838304042816162, -0.058138422667980194, 0.055466338992118835]
1.8633889440310183  ::  3.290453  ::  [-2.8288767337799072, -0.0584450364112854, 0.05546876788139343]
1.8626894899713267  ::  3.305908  ::  [-2.8194546699523926, -0.05875341221690178, 0.05546368286013603]
1.8630410312701708  ::  3.321866  ::  [-2.8068840503692627, -0.059161435812711716, 0.05546753853559494]
1.8639991787446768  ::  3.337795  ::  [-2.79746675491333, -0.05946977809071541, 0.05546334758400917]
1.8667350963940899  ::  3.352755  ::  [-2.7880401611328125, -0.059775032103061676, 0.05546318739652634]
1.8684018759949845  ::  3.368712  ::  [-2.7786192893981934, -0.06008487194776535, 0.055465586483478546]
1.8691143501027816  ::  3.384848  ::  [-2.7691941261291504, -0.06039080768823624, 0.055463097989559174]
1.8691988736937604  ::  3.400813  ::  [-2.7597649097442627, -0.06069871783256531, 0.0554664209485054]
1.8691988736937604  ::  3.41677  ::  [-2.750343084335327, -0.06100379303097725, 0.055462174117565155]
1.8681798948469592  ::  3.432808  ::  [-2.7377734184265137, -0.06141413003206253, 0.05546710640192032]
1.8681798948469592  ::  3.448735  ::  [-2.731485366821289, -0.06161931902170181, 0.055470023304224014]
1.866329340468709  ::  3.464417  ::  [-2.718920946121216, -0.06202869489789009, 0.055466827005147934]
1.863479444037521  ::  3.479599  ::  [-2.7094898223876953, -0.06233479827642441, 0.055465735495090485]
1.8626188402020993  ::  3.494758  ::  [-2.700073719024658, -0.06264439970254898, 0.055466428399086]
1.8631351598146701  ::  3.510311  ::  [-2.6906440258026123, -0.06294877082109451, 0.05546664819121361]
1.8631351598146701  ::  3.526265  ::  [-2.6812214851379395, -0.06325766444206238, 0.05546748265624046]
1.8634939581895074  ::  3.542224  ::  [-2.6780827045440674, -0.0633605569601059, 0.05546257644891739]
1.8635197848423064  ::  3.557891  ::  [-2.674938201904297, -0.06346308439970016, 0.055466219782829285]
1.8650975585405793  ::  3.573853  ::  [-2.6717963218688965, -0.06356419622898102, 0.055463530123233795]
1.8660403380894528  ::  3.589691  ::  [-2.6623799800872803, -0.06387393176555634, 0.05546196550130844]
1.867567098812362  ::  3.60566  ::  [-2.6560912132263184, -0.06407710909843445, 0.055461399257183075]
1.867567098812362  ::  3.620607  ::  [-2.646667718887329, -0.0643845722079277, 0.05546456202864647]
1.868601445584796  ::  3.636297  ::  [-2.6403915882110596, -0.06459058821201324, 0.05546543747186661]
1.86928894681344  ::  3.652341  ::  [-2.6341028213500977, -0.06479688733816147, 0.055462561547756195]
1.8701909586707048  ::  3.668344  ::  [-2.615241050720215, -0.0654088705778122, 0.05546464025974274]
1.8693901189905209  ::  3.684336  ::  [-2.615241050720215, -0.0654088705778122, 0.05546464025974274]
1.8693901189905209  ::  3.700259  ::  [-2.6058311462402344, -0.06571561843156815, 0.05546854808926582]
1.8662428958870259  ::  3.715224  ::  [-2.596407890319824, -0.06602082401514053, 0.05546549707651138]
1.8644984228843222  ::  3.731176  ::  [-2.586982250213623, -0.06633118540048599, 0.05546572059392929]
1.8631432706643094  ::  3.746289  ::  [-2.577552080154419, -0.06663516163825989, 0.055467572063207626]
1.862107216344583  ::  3.762282  ::  [-2.5681276321411133, -0.06694337725639343, 0.05546833202242851]
1.862107216344583  ::  3.778232  ::  [-2.5587058067321777, -0.06725209951400757, 0.05546390637755394]
1.8629082694681787  ::  3.794202  ::  [-2.5492801666259766, -0.06755561381578445, 0.055464006960392]
1.8629082694681787  ::  3.810139  ::  [-2.5367159843444824, -0.06796889752149582, 0.0554644837975502]
1.8653558250685705  ::  3.82591  ::  [-2.5272939205169678, -0.06827692687511444, 0.055462855845689774]
1.8653558250685705  ::  3.84191  ::  [-2.5178685188293457, -0.06858312338590622, 0.055462609976530075]
1.8666770397861447  ::  3.85787  ::  [-2.5084452629089355, -0.06888840347528458, 0.055463239550590515]
1.8683418983963354  ::  3.873825  ::  [-2.4990200996398926, -0.06919839978218079, 0.055464137345552444]
1.8683418983963354  ::  3.889006  ::  [-2.4958794116973877, -0.06929704546928406, 0.055464040488004684]
1.8683115894318936  ::  3.904992  ::  [-2.489589214324951, -0.06950276345014572, 0.05546315014362335]
1.867176497369202  ::  3.920977  ::  [-2.480163812637329, -0.06980953365564346, 0.05546548217535019]
1.8659523994038887  ::  3.936934  ::  [-2.4707446098327637, -0.07011348754167557, 0.05546877533197403]
1.8659523994038887  ::  3.95289  ::  [-2.4613194465637207, -0.07042237371206284, 0.055467866361141205]
1.8637639641051345  ::  3.968851  ::  [-2.4487476348876953, -0.07083265483379364, 0.05546897277235985]
1.8615834262126079  ::  3.984794  ::  [-2.4393248558044434, -0.07113725692033768, 0.05546730011701584]
1.8611802316081656  ::  4.000718  ::  [-2.4298970699310303, -0.07144594192504883, 0.0554676279425621]
1.8611802316081656  ::  4.016698  ::  [-2.423612594604492, -0.0716499537229538, 0.05546386167407036]
1.860843631348131  ::  4.032291  ::  [-2.420476198196411, -0.07175244390964508, 0.0554647259414196]
1.8613441561482458  ::  4.047245  ::  [-2.4141945838928223, -0.07195870578289032, 0.05546502023935318]
1.8634615147909497  ::  4.063012  ::  [-2.404771327972412, -0.07226333767175674, 0.0554649792611599]
1.8649353415477916  ::  4.078472  ::  [-2.3953490257263184, -0.07257060706615448, 0.05546155944466591]
1.86588153619125  ::  4.09443  ::  [-2.38592529296875, -0.07287837564945221, 0.05546509474515915]
1.8670943216557503  ::  4.11041  ::  [-2.3796331882476807, -0.07308046519756317, 0.05546005442738533]
1.8675811860775253  ::  4.125763  ::  [-2.367077350616455, -0.07349331676959991, 0.055464234203100204]
1.867500717911366  ::  4.141755  ::  [-2.3513636589050293, -0.07400277256965637, 0.055466994643211365]
1.867500717911366  ::  4.157092  ::  [-2.3513636589050293, -0.07400277256965637, 0.055466994643211365]
1.8653987271942947  ::  4.172535  ::  [-2.34194016456604, -0.07430705428123474, 0.05546821281313896]
1.864136636301723  ::  4.188459  ::  [-2.3293769359588623, -0.07471609860658646, 0.05546538159251213]
1.864136636301723  ::  4.204415  ::  [-2.3230812549591064, -0.07492302358150482, 0.055463820695877075]
1.8617970830675823  ::  4.219581  ::  [-2.3168087005615234, -0.07512606680393219, 0.05546532943844795]
1.8609153483344159  ::  4.235538  ::  [-2.3105130195617676, -0.07532887160778046, 0.055468685925006866]
1.8601275287023373  ::  4.25153  ::  [-2.301098108291626, -0.0756382867693901, 0.055467505007982254]
1.8603670122101108  ::  4.267286  ::  [-2.2916719913482666, -0.07594361156225204, 0.055468227714300156]
1.8611938919865054  ::  4.282243  ::  [-2.2822518348693848, -0.07625152915716171, 0.05546458810567856]
1.8624235394805193  ::  4.298201  ::  [-2.269688129425049, -0.07666124403476715, 0.05546434968709946]
1.8640198827555983  ::  4.313954  ::  [-2.2602596282958984, -0.07696615159511566, 0.05546417087316513]
1.8655803675375346  ::  4.329911  ::  [-2.2508292198181152, -0.07727444171905518, 0.05545957759022713]
1.8655803675375346  ::  4.345904  ::  [-2.241417407989502, -0.07757943868637085, 0.0554647371172905]
1.8667611364903005  ::  4.361802  ::  [-2.2319884300231934, -0.07788681983947754, 0.05546443164348602]
1.8661214465858467  ::  4.377759  ::  [-2.2194221019744873, -0.0782933384180069, 0.05546434596180916]
1.8646527424708823  ::  4.393719  ::  [-2.2099969387054443, -0.07860144227743149, 0.055468253791332245]
1.8634437989877901  ::  4.409657  ::  [-2.2005748748779297, -0.07890598475933075, 0.055465973913669586]
1.8617189627789503  ::  4.42518  ::  [-2.1911470890045166, -0.07921536266803741, 0.0554683543741703]
1.8604745876895386  ::  4.441162  ::  [-2.181708574295044, -0.07951968908309937, 0.05546640604734421]
1.8603375570193152  ::  4.457095  ::  [-2.1722970008850098, -0.07982887327671051, 0.05546572431921959]
1.8603375570193152  ::  4.472588  ::  [-2.1691513061523438, -0.07992954552173615, 0.05546817556023598]
1.859871396608462  ::  4.488546  ::  [-2.1628613471984863, -0.08013777434825897, 0.0554642416536808]
1.859871396608462  ::  4.504503  ::  [-2.153449535369873, -0.08043980598449707, 0.05546221137046814]
1.8606957150639176  ::  4.519901  ::  [-2.1440234184265137, -0.08074990659952164, 0.055465228855609894]
1.8628312163966045  ::  4.53585  ::  [-2.1346027851104736, -0.08105523884296417, 0.055460125207901]
1.8628312163966045  ::  4.551787  ::  [-2.1251773834228516, -0.08136121928691864, 0.05546051263809204]
1.8660962602632822  ::  4.567717  ::  [-2.1157493591308594, -0.08166719973087311, 0.0554620586335659]
1.8660962602632822  ::  4.583675  ::  [-2.1031887531280518, -0.08207587897777557, 0.055463965982198715]
1.865756458352074  ::  4.599639  ::  [-2.0937628746032715, -0.08238362520933151, 0.05546658858656883]
1.865332132849887  ::  4.61535  ::  [-2.0843334197998047, -0.08268951624631882, 0.05546729266643524]
1.8640173214346596  ::  4.630491  ::  [-2.0780513286590576, -0.08289223909378052, 0.05546579137444496]
1.8627778555437138  ::  4.64545  ::  [-2.06862473487854, -0.08319849520921707, 0.05546865239739418]
1.8622758366397179  ::  4.661195  ::  [-2.0592000484466553, -0.08350665867328644, 0.05546415597200394]
1.8622758366397179  ::  4.676518  ::  [-2.056061267852783, -0.08360975235700607, 0.05546606332063675]
1.8602408671538773  ::  4.692122  ::  [-2.049774408340454, -0.08381182700395584, 0.05546606704592705]
1.8598865510906828  ::  4.70808  ::  [-2.040342092514038, -0.08411599695682526, 0.05546664446592331]
1.8599192079326519  ::  4.723202  ::  [-2.0309293270111084, -0.08442552387714386, 0.05546363815665245]
1.8599192079326519  ::  4.739156  ::  [-2.0183520317077637, -0.08483381569385529, 0.0554656945168972]
1.8626026185028206  ::  4.75479  ::  [-2.0089328289031982, -0.0851389542222023, 0.055464550852775574]
1.862921716403107  ::  4.770748  ::  [-1.9995145797729492, -0.0854496955871582, 0.05546233430504799]
1.862921716403107  ::  4.78674  ::  [-1.9963722229003906, -0.08555041253566742, 0.0554627999663353]
1.8639603320437723  ::  4.802697  ::  [-1.9900932312011719, -0.08575679361820221, 0.05546094477176666]
1.866463596374582  ::  4.818554  ::  [-1.977522373199463, -0.08616619557142258, 0.055464617908000946]
1.8669408558428366  ::  4.834507  ::  [-1.9712456464767456, -0.08636956661939621, 0.055464886128902435]
1.8669408558428366  ::  4.85049  ::  [-1.9618136882781982, -0.0866779312491417, 0.05546613782644272]
1.8690898041104518  ::  4.866349  ::  [-1.9523863792419434, -0.08698023110628128, 0.05546797439455986]
1.8679692261997467  ::  4.881605  ::  [-1.9429612159729004, -0.08728696405887604, 0.05546571686863899]
1.866317601081073  ::  4.897518  ::  [-1.9335384368896484, -0.08759306371212006, 0.055466048419475555]
1.8658386340655257  ::  4.913568  ::  [-1.9241048097610474, -0.08790270984172821, 0.05546746402978897]
1.8658386340655257  ::  4.929525  ::  [-1.9209710359573364, -0.08799950778484344, 0.05546586960554123]
1.8643863650932517  ::  4.944966  ::  [-1.9115447998046875, -0.08830907940864563, 0.05546499043703079]
1.8630423119306403  ::  4.960444  ::  [-1.9021233320236206, -0.08861653506755829, 0.05546503886580467]
1.8630423119306403  ::  4.976402  ::  [-1.8958415985107422, -0.08882053941488266, 0.055464573204517365]
1.8650567908489708  ::  4.992359  ::  [-1.8864140510559082, -0.08913107961416245, 0.055464744567871094]
1.8666008404882168  ::  5.008316  ::  [-1.8769890069961548, -0.08943738788366318, 0.05546404793858528]
1.8666008404882168  ::  5.023826  ::  [-1.8675615787506104, -0.08974441140890121, 0.055461861193180084]
1.8679702934168043  ::  5.03938  ::  [-1.8581435680389404, -0.09005289524793625, 0.05546123906970024]
1.8694970541397138  ::  5.055036  ::  [-1.8487211465835571, -0.09036161750555038, 0.05546219274401665]
1.8709138915056684  ::  5.070442  ::  [-1.8392925262451172, -0.09066542237997055, 0.055465973913669586]
1.8706662971482555  ::  5.086034  ::  [-1.8298662900924683, -0.09097359329462051, 0.05546494200825691]
1.8706662971482555  ::  5.101987  ::  [-1.8235790729522705, -0.09117495268583298, 0.05546175688505173]
1.870695752339051  ::  5.117944  ::  [-1.814145803451538, -0.09148343652486801, 0.055466312915086746]
1.868028136581338  ::  5.133835  ::  [-1.8047244548797607, -0.09179423004388809, 0.055466972291469574]
1.8669278357947312  ::  5.149784  ::  [-1.79529869556427, -0.09210136532783508, 0.05546669661998749]
1.8661131222927956  ::  5.16545  ::  [-1.7890233993530273, -0.09230613708496094, 0.05546766147017479]
1.8653118557257886  ::  5.181412  ::  [-1.7827388048171997, -0.09251083433628082, 0.05546773225069046]
1.8653118557257886  ::  5.196485  ::  [-1.776449203491211, -0.09271349757909775, 0.05546566843986511]
1.8647201905889361  ::  5.212509  ::  [-1.7670272588729858, -0.09302209317684174, 0.05546807870268822]
1.864736839175038  ::  5.228458  ::  [-1.7576062679290771, -0.09333012253046036, 0.055464763194322586]
1.867093894768927  ::  5.244519  ::  [-1.7481818199157715, -0.09363777935504913, 0.055464960634708405]
1.8689875647163132  ::  5.260542  ::  [-1.735619306564331, -0.09404746443033218, 0.05546390637755394]
1.870538017657906  ::  5.2765  ::  [-1.7261908054351807, -0.0943576768040657, 0.05546259880065918]
1.8712946745518966  ::  5.292458  ::  [-1.7167680263519287, -0.09466203302145004, 0.055465683341026306]
1.8713806922467564  ::  5.308415  ::  [-1.7073466777801514, -0.09496911615133286, 0.05546342208981514]
1.8713806922467564  ::  5.323683  ::  [-1.704197645187378, -0.09507286548614502, 0.0554656945168972]
1.8716961616090464  ::  5.339472  ::  [-1.6979191303253174, -0.09527730941772461, 0.05546678602695465]
1.8706522098830922  ::  5.355429  ::  [-1.688496708869934, -0.09558559954166412, 0.055463023483753204]
1.8693256590802287  ::  5.371386  ::  [-1.679067850112915, -0.09589222818613052, 0.05546893924474716]
1.8676953783027115  ::  5.386346  ::  [-1.6696407794952393, -0.09619991481304169, 0.05546886846423149]
1.8666215444991385  ::  5.402339  ::  [-1.6602120399475098, -0.09650404751300812, 0.05546851083636284]
1.8656450408912382  ::  5.418289  ::  [-1.650787591934204, -0.09681244194507599, 0.05546896904706955]
1.8653428050204652  ::  5.433861  ::  [-1.6382195949554443, -0.09722287952899933, 0.055468183010816574]
1.8656988286309522  ::  5.449816  ::  [-1.6288018226623535, -0.09753121435642242, 0.05546587333083153]
1.8666157815270263  ::  5.465281  ::  [-1.619377613067627, -0.09784113615751266, 0.05546463653445244]
1.8666157815270263  ::  5.481274  ::  [-1.609955072402954, -0.09814708679914474, 0.05546257644891739]
1.8683393370753967  ::  5.497198  ::  [-1.6005321741104126, -0.09845664352178574, 0.055464424192905426]
1.8705491167153074  ::  5.513182  ::  [-1.591107964515686, -0.09876226633787155, 0.05546138808131218]
1.8705491167153074  ::  5.52844  ::  [-1.587965965270996, -0.09886658936738968, 0.05546308308839798]
1.8725712795964542  ::  5.54438  ::  [-1.5785374641418457, -0.09917247295379639, 0.05546297878026962]
1.8723567689678335  ::  5.560114  ::  [-1.5691152811050415, -0.0994822233915329, 0.055466555058956146]
1.8723567689678335  ::  5.575341  ::  [-1.5596845149993896, -0.09978614002466202, 0.0554688535630703]
1.8716970153826926  ::  5.591311  ::  [-1.5502630472183228, -0.10009385645389557, 0.05546685680747032]
1.8707909481006082  ::  5.606814  ::  [-1.5408341884613037, -0.1004033237695694, 0.055467359721660614]
1.8675133110726483  ::  5.622042  ::  [-1.5313951969146729, -0.10070905834436417, 0.055464282631874084]
1.8663494041493958  ::  5.638028  ::  [-1.5219839811325073, -0.10101700574159622, 0.055469200015068054]
1.8659609371403514  ::  5.653331  ::  [-1.512560248374939, -0.10132654011249542, 0.055465683341026306]
1.865997222520317  ::  5.669151  ::  [-1.503135085105896, -0.10163191705942154, 0.0554659403860569]
1.8667630574810046  ::  5.68526  ::  [-1.4968550205230713, -0.10183719545602798, 0.055464036762714386]
1.8667630574810046  ::  5.701345  ::  [-1.487432599067688, -0.10214783251285553, 0.05546414107084274]
1.8682533193805368  ::  5.716383  ::  [-1.4748649597167969, -0.10255546867847443, 0.05546324700117111]
1.8695670635787065  ::  5.731342  ::  [-1.4654414653778076, -0.10286454856395721, 0.05546245723962784]
1.8710455860906026  ::  5.74744  ::  [-1.4560132026672363, -0.10317374765872955, 0.0554644875228405]
1.8727787465924934  ::  5.763176  ::  [-1.4465935230255127, -0.10348100960254669, 0.05546347051858902]
1.8729699918892537  ::  5.779134  ::  [-1.4371521472930908, -0.10378561913967133, 0.05546283349394798]
1.8729699918892537  ::  5.79509  ::  [-1.4277399778366089, -0.10409165173768997, 0.05546453595161438]
1.872132439942281  ::  5.811192  ::  [-1.4183157682418823, -0.1043977439403534, 0.05546694993972778]
1.8693188288910587  ::  5.827221  ::  [-1.4088833332061768, -0.1047063022851944, 0.05547025427222252]
1.8693188288910587  ::  5.843242  ::  [-1.399451732635498, -0.10501405596733093, 0.05547134950757027]
1.8663378782051714  ::  5.859278  ::  [-1.3900363445281982, -0.10532105714082718, 0.0554657019674778]
1.8660721411577756  ::  5.875206  ::  [-1.377467155456543, -0.10573378205299377, 0.05546606704592705]
1.8665982791672782  ::  5.891164  ::  [-1.368043303489685, -0.10603825002908707, 0.05546704679727554]
1.867497302816781  ::  5.906327  ::  [-1.3586193323135376, -0.10634611546993256, 0.055464986711740494]
1.8691181920841897  ::  5.92162  ::  [-1.3492001295089722, -0.10665711015462875, 0.05546417459845543]
1.8706150707294802  ::  5.937549  ::  [-1.3397730588912964, -0.10696388781070709, 0.05546388775110245]
1.871771507133328  ::  5.953506  ::  [-1.3303500413894653, -0.10727310180664062, 0.05546260252594948]
1.871771507133328  ::  5.969499  ::  [-1.3209280967712402, -0.10757802426815033, 0.05546339601278305]
1.872656870404491  ::  5.985449  ::  [-1.3114908933639526, -0.10788867622613907, 0.05546247214078903]
1.8724267784068263  ::  6.001407  ::  [-1.2989332675933838, -0.10829633474349976, 0.05546775460243225]
1.871282721720849  ::  6.017366  ::  [-1.289505124092102, -0.10860344767570496, 0.0554688535630703]
1.871282721720849  ::  6.033323  ::  [-1.2800796031951904, -0.10891098529100418, 0.0554705485701561]
1.8697198890613855  ::  6.049315  ::  [-1.2706564664840698, -0.10921873152256012, 0.05546586960554123]
1.866651640020169  ::  6.064746  ::  [-1.261224389076233, -0.10952631384134293, 0.055471327155828476]
1.86599487464279  ::  6.080703  ::  [-1.2486579418182373, -0.10993660986423492, 0.05546928197145462]
1.8660335079002828  ::  6.096659  ::  [-1.2423796653747559, -0.11013979464769363, 0.055465638637542725]
1.8670366919346284  ::  6.112651  ::  [-1.2329567670822144, -0.11045068502426147, 0.05546446144580841]
1.8679030587421621  ::  6.128603  ::  [-1.2203896045684814, -0.11086107045412064, 0.055466726422309875]
1.8679030587421621  ::  6.144557  ::  [-1.2141114473342896, -0.11106355488300323, 0.05546388775110245]
1.871476101451725  ::  6.160485  ::  [-1.2015341520309448, -0.1114782840013504, 0.055462393909692764]
1.87229209561413  ::  6.17567  ::  [-1.1921067237854004, -0.11178381741046906, 0.05546288564801216]
1.8726824836138785  ::  6.191625  ::  [-1.1826938390731812, -0.1120898425579071, 0.0554664209485054]
1.872695503661984  ::  6.207582  ::  [-1.1732709407806396, -0.11240024119615555, 0.055465374141931534]
1.872695503661984  ::  6.223511  ::  [-1.1638356447219849, -0.11270545423030853, 0.055469367653131485]
1.8716487771716794  ::  6.239497  ::  [-1.1544134616851807, -0.11301462352275848, 0.05546865612268448]
1.8690607758064792  ::  6.255471  ::  [-1.1449916362762451, -0.11331779509782791, 0.05546683073043823]
1.8679937721920763  ::  6.271409  ::  [-1.1355657577514648, -0.11362890154123306, 0.05546746775507927]
1.8676642155646233  ::  6.287342  ::  [-1.1292665004730225, -0.11383597552776337, 0.05546945706009865]
1.8663284866950627  ::  6.303299  ::  [-1.1261320114135742, -0.11393602192401886, 0.055470824241638184]
1.8657733203815876  ::  6.319406  ::  [-1.1167089939117432, -0.11424292623996735, 0.055470019578933716]
1.8660501564863845  ::  6.335356  ::  [-1.107285737991333, -0.11454987525939941, 0.05546748265624046]
1.8673760669590134  ::  6.351286  ::  [-1.0978666543960571, -0.11485807597637177, 0.055466365069150925]
1.8673760669590134  ::  6.366703  ::  [-1.0853040218353271, -0.11527129262685776, 0.05546233803033829]
1.8686315411058263  ::  6.381663  ::  [-1.075878620147705, -0.11557887494564056, 0.05546550080180168]
1.8714415236190518  ::  6.39759  ::  [-1.066453218460083, -0.11588536202907562, 0.05546579137444496]
1.872343322032905  ::  6.41255  ::  [-1.057028889656067, -0.1161952018737793, 0.05546325072646141]
1.872343322032905  ::  6.427541  ::  [-1.0475976467132568, -0.11650107800960541, 0.05546549707651138]
1.8721808915967058  ::  6.442799  ::  [-1.0381827354431152, -0.1168096661567688, 0.05546414107084274]
1.871816970579991  ::  6.458732  ::  [-1.0287489891052246, -0.11711768060922623, 0.05546964332461357]
1.8692932156816713  ::  6.474761  ::  [-1.0193235874176025, -0.11742483079433441, 0.05546864494681358]
1.8692932156816713  ::  6.490829  ::  [-1.0098907947540283, -0.11773033440113068, 0.055470485240221024]
1.8660151517668884  ::  6.506745  ::  [-1.0004633665084839, -0.1180378645658493, 0.05547133833169937]
1.8660151517668884  ::  6.522477  ::  [-0.9879021048545837, -0.11844886839389801, 0.05546904355287552]
1.8653923238919476  ::  6.538432  ::  [-0.9784791469573975, -0.11875750124454498, 0.05546502396464348]
1.8666258133673697  ::  6.553956  ::  [-0.9690594673156738, -0.11906348913908005, 0.05546452850103378]
1.8666258133673697  ::  6.569885  ::  [-0.9596331715583801, -0.11936931312084198, 0.055465325713157654]
1.8690829739212818  ::  6.585841  ::  [-0.9502127766609192, -0.11968052387237549, 0.055462900549173355]
1.8708018337145977  ::  6.601799  ::  [-0.9407820701599121, -0.11998796463012695, 0.055465806275606155]
1.8708018337145977  ::  6.617026  ::  [-0.9313652515411377, -0.12029393017292023, 0.05546388402581215]
1.8722263550433687  ::  6.632705  ::  [-0.9219380617141724, -0.12060108035802841, 0.055466122925281525]
1.8720487701249482  ::  6.648667  ::  [-0.9125043153762817, -0.12090961635112762, 0.055467188358306885]
1.871376423378525  ::  6.664618  ::  [-0.9030821323394775, -0.12121690809726715, 0.05547022446990013]
1.871376423378525  ::  6.680555  ::  [-0.8936601877212524, -0.1215229332447052, 0.05546938627958298]
1.869548707445312  ::  6.69555  ::  [-0.8842295408248901, -0.12183062732219696, 0.05547059327363968]
1.8686061413398503  ::  6.711473  ::  [-0.8810741901397705, -0.12193392962217331, 0.055470455437898636]
1.8686061413398503  ::  6.727457  ::  [-0.8748074769973755, -0.12213803082704544, 0.05546850711107254]
1.8679530045004678  ::  6.743415  ::  [-0.8716479539871216, -0.12224090844392776, 0.05546979978680611]
1.8661645621549823  ::  6.759016  ::  [-0.8622376918792725, -0.12254799902439117, 0.05546886473894119]
1.8651545479314666  ::  6.774962  ::  [-0.8528140187263489, -0.12285764515399933, 0.05546654760837555]
1.8647778203100582  ::  6.791003  ::  [-0.843388557434082, -0.12316087633371353, 0.055465538054704666]
1.8659741706318682  ::  6.806961  ::  [-0.8339623212814331, -0.12346916645765305, 0.05546657741069794]
1.8659741706318682  ::  6.823045  ::  [-0.8245416879653931, -0.12377957254648209, 0.0554637685418129]
1.8672040315692937  ::  6.839031  ::  [-0.8151057958602905, -0.12408439815044403, 0.055463824421167374]
1.8693999373874528  ::  6.854988  ::  [-0.8025517463684082, -0.12449619919061661, 0.05546586960554123]
1.870717310123619  ::  6.870917  ::  [-0.7931314706802368, -0.12480278313159943, 0.0554625540971756]
1.8715881592427956  ::  6.886874  ::  [-0.783705472946167, -0.12511172890663147, 0.05546560883522034]
1.8709264846669507  ::  6.902866  ::  [-0.7742748856544495, -0.12541696429252625, 0.05546864494681358]
1.8709264846669507  ::  6.918789  ::  [-0.7648508548736572, -0.1257268488407135, 0.05546710640192032]
1.8687916236644984  ::  6.934745  ::  [-0.7554206848144531, -0.1260317862033844, 0.055470678955316544]
1.8677453240610171  ::  6.950707  ::  [-0.7491248846054077, -0.12623783946037292, 0.055470582097768784]
1.867300934878143  ::  6.966664  ::  [-0.7428563833236694, -0.1264418512582779, 0.05546952784061432]
1.8661677638061558  ::  6.982618  ::  [-0.7397152185440063, -0.12654359638690948, 0.055467598140239716]
1.8661677638061558  ::  6.998576  ::  [-0.7334290742874146, -0.12674883008003235, 0.05546891689300537]
1.864516138687482  ::  7.014532  ::  [-0.7271422147750854, -0.1269540786743164, 0.05547047406435013]
1.864511229489016  ::  7.030519  ::  [-0.7177211046218872, -0.12725992500782013, 0.05546628311276436]
1.864511229489016  ::  7.045485  ::  [-0.7082955241203308, -0.12757176160812378, 0.05546702817082405]
1.866652066906992  ::  7.061437  ::  [-0.6988707780838013, -0.1278778612613678, 0.05546547845005989]
1.8683382698583388  ::  7.076778  ::  [-0.6863125562667847, -0.12828819453716278, 0.055462129414081573]
1.8693350505903377  ::  7.092026  ::  [-0.676882266998291, -0.12859532237052917, 0.05546686798334122]
1.8693350505903377  ::  7.108144  ::  [-0.6706043481826782, -0.12880149483680725, 0.05546310916543007]
1.8717288184510155  ::  7.123369  ::  [-0.6611760258674622, -0.12910687923431396, 0.055466603487730026]
1.8717288184510155  ::  7.139327  ::  [-0.6486133933067322, -0.12951794266700745, 0.05546842887997627]
1.8717452535937058  ::  7.155105  ::  [-0.6423300504684448, -0.12972132861614227, 0.05546664446592331]
1.8697632180739328  ::  7.171035  ::  [-0.6328970193862915, -0.13003060221672058, 0.055470310151576996]
1.8697632180739328  ::  7.187027  ::  [-0.6203215718269348, -0.13044077157974243, 0.05546963959932327]
1.8671464018481716  ::  7.202984  ::  [-0.6140499114990234, -0.1306459754705429, 0.05546625331044197]
1.8671464018481716  ::  7.218935  ::  [-0.6046221256256104, -0.13095314800739288, 0.055469729006290436]
1.8657316989163328  ::  7.23465  ::  [-0.595196008682251, -0.13125848770141602, 0.0554671511054039]
1.864697352143899  ::  7.250593  ::  [-0.5826280117034912, -0.13167104125022888, 0.055467408150434494]
1.864645485394889  ::  7.265375  ::  [-0.5763517618179321, -0.13187599182128906, 0.05546395480632782]
1.8660292390320514  ::  7.281289  ::  [-0.5637840032577515, -0.13228517770767212, 0.05546566843986511]
1.867414273329683  ::  7.296221  ::  [-0.5575020909309387, -0.132491797208786, 0.05546518787741661]
1.867414273329683  ::  7.312181  ::  [-0.5480810403823853, -0.1327967792749405, 0.0554623007774353]
1.8702564857980546  ::  7.328139  ::  [-0.5386514067649841, -0.13310572504997253, 0.05546484515070915]
1.8708594634357198  ::  7.344097  ::  [-0.529230535030365, -0.13341128826141357, 0.055464714765548706]
1.8708594634357198  ::  7.360089  ::  [-0.5198060274124146, -0.13371983170509338, 0.05546644702553749]
1.870117107250304  ::  7.375237  ::  [-0.5103778839111328, -0.13402581214904785, 0.05546675994992256]
1.870117107250304  ::  7.390403  ::  [-0.49780598282814026, -0.13443468511104584, 0.05546887591481209]
1.8676196058916066  ::  7.406254  ::  [-0.4883669912815094, -0.13474375009536743, 0.05547056347131729]
1.8657752413722917  ::  7.42224  ::  [-0.4820930063724518, -0.1349482238292694, 0.055471960455179214]
1.864529799065822  ::  7.43817  ::  [-0.469526082277298, -0.13535776734352112, 0.05547117441892624]
1.864529799065822  ::  7.454144  ::  [-0.4600965082645416, -0.1356661319732666, 0.05546848475933075]
1.8638418709503548  ::  7.47025  ::  [-0.4506741166114807, -0.1359705775976181, 0.05546588450670242]
1.8640901056380026  ::  7.48618  ::  [-0.4412594139575958, -0.13628065586090088, 0.05546645447611809]
1.8662142944698765  ::  7.502137  ::  [-0.4318394362926483, -0.13659079372882843, 0.05546132102608681]
1.8677184301911602  ::  7.518129  ::  [-0.42241713404655457, -0.13689503073692322, 0.05546427518129349]
1.8692232062426786  ::  7.533511  ::  [-0.412984699010849, -0.13720370829105377, 0.05546390637755394]
1.870089359606801  ::  7.548437  ::  [-0.4035562574863434, -0.13751059770584106, 0.055465057492256165]
1.8707789952695606  ::  7.564393  ::  [-0.39414095878601074, -0.13781777024269104, 0.05546586215496063]
1.8707789952695606  ::  7.580351  ::  [-0.3878560960292816, -0.13802176713943481, 0.05546608567237854]
1.8704543478405735  ::  7.595311  ::  [-0.38157445192337036, -0.13822539150714874, 0.05546634644269943]
1.8695525494267202  ::  7.611429  ::  [-0.3721451759338379, -0.1385335624217987, 0.05546889454126358]
1.8682584420224144  ::  7.626397  ::  [-0.36271414160728455, -0.138840913772583, 0.0554705485701561]
1.8682584420224144  ::  7.642318  ::  [-0.3532828092575073, -0.13914841413497925, 0.05547153949737549]
1.8652772778931153  ::  7.658311  ::  [-0.34386077523231506, -0.13945510983467102, 0.055471643805503845]
1.8644696080237613  ::  7.67372  ::  [-0.33444273471832275, -0.13976134359836578, 0.05546785145998001]
1.8644696080237613  ::  7.689502  ::  [-0.3250129520893097, -0.1400710791349411, 0.055468786507844925]
1.8642017365422499  ::  7.705121  ::  [-0.31244850158691406, -0.14048102498054504, 0.05546636879444122]
1.8651733309516842  ::  7.721153  ::  [-0.3061629831790924, -0.14068299531936646, 0.05546490103006363]
1.8663762980192526  ::  7.737277  ::  [-0.2967430353164673, -0.14099285006523132, 0.05546100437641144]
1.8685327168062726  ::  7.752182  ::  [-0.28731730580329895, -0.1413017213344574, 0.0554615743458271]
1.8685327168062726  ::  7.768131  ::  [-0.2747553884983063, -0.1417115330696106, 0.055459994822740555]
1.8695738937678765  ::  7.784093  ::  [-0.2684716284275055, -0.14191459119319916, 0.05546654015779495]
1.870780702816853  ::  7.800059  ::  [-0.25590619444847107, -0.1423242837190628, 0.05546574667096138]
1.8705066414764064  ::  7.816021  ::  [-0.2496204525232315, -0.1425280123949051, 0.05546564608812332]
1.8688951437191064  ::  7.83195  ::  [-0.2401849329471588, -0.14283634722232819, 0.05546792969107628]
1.8674501318228256  ::  7.847908  ::  [-0.22762145102024078, -0.14324496686458588, 0.05547134578227997]
1.8660004241714905  ::  7.863865  ::  [-0.21819837391376495, -0.14355219900608063, 0.05546916648745537]
1.8647837967255818  ::  7.879858  ::  [-0.20876911282539368, -0.14385941624641418, 0.0554715134203434]
1.8640416539835778  ::  7.895952  ::  [-0.1993490308523178, -0.14416523277759552, 0.055466748774051666]
1.8641705738041616  ::  7.911882  ::  [-0.1899208426475525, -0.1444733440876007, 0.05546886846423149]
1.8641705738041616  ::  7.927839  ::  [-0.17736175656318665, -0.14488530158996582, 0.05546346306800842]
1.8664320067496707  ::  7.943826  ::  [-0.16793601214885712, -0.1451929211616516, 0.055463843047618866]
1.8664320067496707  ::  7.959426  ::  [-0.15850050747394562, -0.14550061523914337, 0.05546285957098007]
1.867988649550199  ::  7.974934  ::  [-0.14909428358078003, -0.145807683467865, 0.05546524003148079]
1.8705561603478889  ::  7.990931  ::  [-0.13966605067253113, -0.14611344039440155, 0.055463358759880066]
1.8705561603478889  ::  8.007025  ::  [-0.13023418188095093, -0.146421417593956, 0.055463436990976334]
1.8710603136860005  ::  8.022961  ::  [-0.12080414593219757, -0.14672979712486267, 0.05546419322490692]
1.8699107074713228  ::  8.039053  ::  [-0.1113920733332634, -0.14703616499900818, 0.055464718490839005]
1.868391417267818  ::  8.054983  ::  [-0.09882455319166183, -0.14744402468204498, 0.05546438694000244]
1.8680400894123854  ::  8.07034  ::  [-0.08939164131879807, -0.14775213599205017, 0.05546923726797104]
1.867083222598349  ::  8.086467  ::  [-0.08624810725450516, -0.14785629510879517, 0.05546819046139717]
1.867083222598349  ::  8.101427  ::  [-0.07996951043605804, -0.14806054532527924, 0.05546792224049568]
1.8644435679275506  ::  8.116983  ::  [-0.07054062187671661, -0.14836567640304565, 0.05546820908784866]
1.8644435679275506  ::  8.132322  ::  [-0.057976655662059784, -0.148777037858963, 0.055466942489147186]
1.8647667212526569  ::  8.147822  ::  [-0.05169229954481125, -0.14898259937763214, 0.05546241253614426]
1.865732979576802  ::  8.163437  ::  [-0.04226180911064148, -0.14929118752479553, 0.05545913800597191]
1.865732979576802  ::  8.179418  ::  [-0.03284917026758194, -0.14959855377674103, 0.05546339228749275]
1.8686957875727068  ::  8.194677  ::  [-0.023424291983246803, -0.1499054729938507, 0.055464211851358414]
1.8697890447267318  ::  8.210635  ::  [-0.014002053067088127, -0.15021167695522308, 0.05546332150697708]
1.8708923337211005  ::  8.225766  ::  [-0.00772054772824049, -0.15041854977607727, 0.055463097989559174]
1.8708923337211005  ::  8.241099  ::  [0.0048499698750674725, -0.15082702040672302, 0.0554669164121151]
1.8707945766386047  ::  8.257029  ::  [0.014271659776568413, -0.1511353850364685, 0.05546300485730171]
1.869641555329342  ::  8.272953  ::  [0.023701053112745285, -0.15143823623657227, 0.055465977638959885]
1.869641555329342  ::  8.288415  ::  [0.03313129395246506, -0.151748925447464, 0.055469710379838943]
1.8668366954579938  ::  8.304375  ::  [0.04255399852991104, -0.1520555317401886, 0.05546858161687851]
1.8656992555177752  ::  8.319719  ::  [0.05197439342737198, -0.15236233174800873, 0.055464234203100204]
1.8656992555177752  ::  8.335036  ::  [0.06140416860580444, -0.15267261862754822, 0.05546451359987259]
1.864410270755347  ::  8.351021  ::  [0.07083283364772797, -0.15297801792621613, 0.05546724796295166]
1.864897988950768  ::  8.366974  ::  [0.08025464415550232, -0.15328429639339447, 0.055463504046201706]
1.8660926317252855  ::  8.382927  ::  [0.08967331796884537, -0.15359428524971008, 0.05546361953020096]
1.8660926317252855  ::  8.39901  ::  [0.0990983247756958, -0.15389832854270935, 0.05546195060014725]
1.8659897520009123  ::  8.415076  ::  [0.10851772129535675, -0.15420183539390564, 0.0554581955075264]
1.8643942624994796  ::  8.430497  ::  [0.11793939769268036, -0.15451166033744812, 0.055458515882492065]
1.8649543380114206  ::  8.446442  ::  [0.1273559331893921, -0.15481486916542053, 0.055453915148973465]
1.8649543380114206  ::  8.46158  ::  [0.13679088652133942, -0.15512803196907043, 0.055465731769800186]
1.8651904064246092  ::  8.477536  ::  [0.1493620127439499, -0.1555366963148117, 0.055467527359724045]
1.8646066386939848  ::  8.493494  ::  [0.15878552198410034, -0.1558399796485901, 0.05546678230166435]
1.8620214120931349  ::  8.508453  ::  [0.16820940375328064, -0.15614721179008484, 0.055465903133153915]
1.8620214120931349  ::  8.524415  ::  [0.1776430904865265, -0.15645383298397064, 0.055469777435064316]
1.8593503812408367  ::  8.540373  ::  [0.18707327544689178, -0.15676090121269226, 0.055467188358306885]
1.8593358670888505  ::  8.556357  ::  [0.20591102540493011, -0.15737593173980713, 0.05546274036169052]
1.861796656180759  ::  8.572323  ::  [0.20591102540493011, -0.15737593173980713, 0.05546274036169052]
1.862152252904423  ::  8.588272  ::  [0.21533100306987762, -0.1576845645904541, 0.05545973777770996]
1.862152252904423  ::  8.60423  ::  [0.22161561250686646, -0.1578880101442337, 0.05546107143163681]
1.8649255231508597  ::  8.619856  ::  [0.23103594779968262, -0.15819600224494934, 0.05546155944466591]
1.8665133286894762  ::  8.635814  ::  [0.24046505987644196, -0.15850049257278442, 0.05546555668115616]
1.8665133286894762  ::  8.65178  ::  [0.24988915026187897, -0.15880611538887024, 0.055463872849941254]
1.8676021035318584  ::  8.667772  ::  [0.25931623578071594, -0.1591114103794098, 0.05546453222632408]
1.8687135033758664  ::  8.683722  ::  [0.26560601592063904, -0.15931768715381622, 0.0554649755358696]
1.8687135033758664  ::  8.699275  ::  [0.27503806352615356, -0.15962457656860352, 0.05546501278877258]
1.8683393370753967  ::  8.715246  ::  [0.28760814666748047, -0.1600341796875, 0.055467940866947174]
1.8678437214737476  ::  8.730265  ::  [0.2938788831233978, -0.16023677587509155, 0.055468179285526276]
1.865100119861518  ::  8.74615  ::  [0.3064468801021576, -0.16065019369125366, 0.05546860024333]
1.8631505277403027  ::  8.762162  ::  [0.3127329349517822, -0.16085129976272583, 0.05546817556023598]
1.8631505277403027  ::  8.778118  ::  [0.3252968490123749, -0.16126205027103424, 0.05546825751662254]
1.8623195925390883  ::  8.794048  ::  [0.33471524715423584, -0.16156911849975586, 0.055463436990976334]
1.8627770017700676  ::  8.810005  ::  [0.3441455364227295, -0.16187836229801178, 0.0554654598236084]
1.8641298061125533  ::  8.82599  ::  [0.35356849431991577, -0.16218438744544983, 0.05546379089355469]
1.866110560971857  ::  8.841948  ::  [0.36299070715904236, -0.16249288618564606, 0.05546501278877258]
1.867916292233679  ::  8.857906  ::  [0.3755534291267395, -0.16290003061294556, 0.055464357137680054]
1.867916292233679  ::  8.873835  ::  [0.38498222827911377, -0.16320842504501343, 0.05546605587005615]
1.8700146544127538  ::  8.889792  ::  [0.3944017291069031, -0.16351500153541565, 0.05546226352453232]
1.869901315961214  ::  8.905784  ::  [0.40382757782936096, -0.1638239026069641, 0.055463556200265884]
1.8697013194845795  ::  8.921735  ::  [0.41325634717941284, -0.16412924230098724, 0.05546525865793228]
1.8697013194845795  ::  8.937402  ::  [0.41640010476112366, -0.16423003375530243, 0.05546794459223747]
1.8674234513963803  ::  8.953332  ::  [0.4258311092853546, -0.16453786194324493, 0.05546899884939194]
1.865942581006957  ::  8.968929  ::  [0.4352540969848633, -0.16484598815441132, 0.05546851456165314]
1.865942581006957  ::  8.984054  ::  [0.44468820095062256, -0.16515205800533295, 0.05546848475933075]
1.8636072966410473  ::  8.999982  ::  [0.4541188180446625, -0.16545964777469635, 0.05546747148036957]
1.8630555454221571  ::  9.014977  ::  [0.4635275602340698, -0.16576805710792542, 0.0554661825299263]
1.8631319581634966  ::  9.030432  ::  [0.472952663898468, -0.16606977581977844, 0.05546443909406662]
1.8642892483409907  ::  9.046547  ::  [0.4792320728302002, -0.16627830266952515, 0.055463798344135284]
1.8642892483409907  ::  9.061743  ::  [0.4918002188205719, -0.16669049859046936, 0.055462077260017395]
1.8672838594052181  ::  9.077673  ::  [0.501224160194397, -0.1669957935810089, 0.0554642453789711]
1.8687662238985225  ::  9.09363  ::  [0.5106520652770996, -0.16730466485023499, 0.05546177178621292]
1.8699653489846828  ::  9.109572  ::  [0.5200809240341187, -0.16761164367198944, 0.05546125769615173]
1.8699653489846828  ::  9.124531  ::  [0.5295073390007019, -0.16791902482509613, 0.05546284466981888]
1.8698667381285408  ::  9.140455  ::  [0.538917064666748, -0.16822387278079987, 0.055462129414081573]
1.8698667381285408  ::  9.155367  ::  [0.5483493804931641, -0.16853012144565582, 0.055468227714300156]
1.8673920752148805  ::  9.170908  ::  [0.560920000076294, -0.16893906891345978, 0.055469341576099396]
1.8657556045784278  ::  9.186867  ::  [0.5672082901000977, -0.1691443920135498, 0.055468373000621796]
1.864977603343281  ::  9.202823  ::  [0.5766425132751465, -0.16945216059684753, 0.05546967312693596]
1.8644303344360338  ::  9.218809  ::  [0.5829057693481445, -0.16965828835964203, 0.055466387420892715]
1.863372508888328  ::  9.234765  ::  [0.5860505104064941, -0.16975705325603485, 0.055466536432504654]
1.8630519168841606  ::  9.250116  ::  [0.5954729914665222, -0.17006605863571167, 0.05546507611870766]
1.8633902246914877  ::  9.266073  ::  [0.6048993468284607, -0.17037415504455566, 0.055464066565036774]
1.8633902246914877  ::  9.28203  ::  [0.6143279075622559, -0.17068058252334595, 0.05546335130929947]
1.8659884713404429  ::  9.298023  ::  [0.623741865158081, -0.17098775506019592, 0.0554618202149868]
1.8673387143619897  ::  9.313974  ::  [0.6331721544265747, -0.171298086643219, 0.05546501278877258]
1.8694684527225645  ::  9.329107  ::  [0.6425946950912476, -0.17160385847091675, 0.05546454340219498]
1.8699960848359478  ::  9.345183  ::  [0.6551570892333984, -0.17201456427574158, 0.05546243488788605]
1.8702413313158337  ::  9.36114  ::  [0.6645841598510742, -0.1723220944404602, 0.05546513572335243]
1.869858840722313  ::  9.377097  ::  [0.6834484338760376, -0.17293332517147064, 0.05546431615948677]
1.8685830894514015  ::  9.393054  ::  [0.6834484338760376, -0.17293332517147064, 0.05546431615948677]
1.8664426789202488  ::  9.409039  ::  [0.6928623914718628, -0.17324243485927582, 0.055464524775743484]
1.865071305000957  ::  9.425092  ::  [0.705441951751709, -0.17364996671676636, 0.055469904094934464]
1.864105900450458  ::  9.441022  ::  [0.7242826223373413, -0.17426273226737976, 0.05546659976243973]
1.8634975867275039  ::  9.456005  ::  [0.7242826223373413, -0.17426273226737976, 0.05546659976243973]
1.8634975867275039  ::  9.471792  ::  [0.7337135076522827, -0.1745711863040924, 0.05546336993575096]
1.8644017330188842  ::  9.48775  ::  [0.7431396245956421, -0.1748778373003006, 0.05546257272362709]
1.866068512619779  ::  9.503406  ::  [0.7525664567947388, -0.17518828809261322, 0.05546426773071289]
1.867583747398464  ::  9.519127  ::  [0.761978268623352, -0.1754966676235199, 0.05546489730477333]
1.8692558630846479  ::  9.53465  ::  [0.7714030742645264, -0.17580395936965942, 0.05546464025974274]
1.870230445701844  ::  9.550322  ::  [0.7808278799057007, -0.1761079877614975, 0.055464450269937515]
1.870230445701844  ::  9.566319  ::  [0.7902472615242004, -0.17641513049602509, 0.05546429380774498]
1.8702703596198063  ::  9.582311  ::  [0.7996795773506165, -0.1767219752073288, 0.05546661838889122]
1.8702703596198063  ::  9.597978  ::  [0.8091088533401489, -0.17702966928482056, 0.05546712130308151]
1.8677986849139079  ::  9.613946  ::  [0.8185323476791382, -0.1773393154144287, 0.055469103157520294]
1.8677986849139079  ::  9.629874  ::  [0.831111490726471, -0.17774644494056702, 0.05546630173921585]
1.8652042802463609  ::  9.644978  ::  [0.8405284881591797, -0.17805363237857819, 0.055470336228609085]
1.8652042802463609  ::  9.660927  ::  [0.8499477505683899, -0.17836111783981323, 0.05546513944864273]
1.8639701504407042  ::  9.676843  ::  [0.8562301993370056, -0.17856521904468536, 0.055465035140514374]
1.8642232943268178  ::  9.691843  ::  [0.8687934875488281, -0.17897668480873108, 0.05546378344297409]
1.8655225243730011  ::  9.707258  ::  [0.8782214522361755, -0.1792837530374527, 0.05546431243419647]
1.8655225243730011  ::  9.722254  ::  [0.8876489400863647, -0.17959262430667877, 0.055465783923864365]
1.8686889573835368  ::  9.738211  ::  [0.8970767855644226, -0.17989851534366608, 0.05545962601900101]
1.8686889573835368  ::  9.753224  ::  [0.9065001606941223, -0.18020755052566528, 0.05546538159251213]
1.8709209351382499  ::  9.769174  ::  [0.9159181118011475, -0.1805129498243332, 0.0554642491042614]
1.8711002276039628  ::  9.784373  ::  [0.9253398180007935, -0.180821493268013, 0.05546242371201515]
1.8711002276039628  ::  9.799327  ::  [0.9347665309906006, -0.18112748861312866, 0.055465903133153915]
1.8695903289105669  ::  9.815261  ::  [0.9441930651664734, -0.1814337968826294, 0.05546412989497185]
1.8682723158441659  ::  9.83122  ::  [0.9536256790161133, -0.18174174427986145, 0.055470190942287445]
1.8682723158441659  ::  9.847177  ::  [0.9630594253540039, -0.18204917013645172, 0.05546969175338745]
1.8655203899388855  ::  9.862678  ::  [0.972472608089447, -0.18235591053962708, 0.05546845868229866]
1.8660806788942381  ::  9.878637  ::  [0.9819015264511108, -0.18266631662845612, 0.05546753853559494]
1.8660443935142723  ::  9.894771  ::  [0.9913256168365479, -0.18297013640403748, 0.0554666705429554]
1.8657596600032476  ::  9.910692  ::  [0.9944628477096558, -0.1830713003873825, 0.05546490475535393]
1.8668236754098886  ::  9.926679  ::  [1.0007543563842773, -0.18327589333057404, 0.05546223372220993]
1.8668236754098886  ::  9.942607  ::  [1.013318657875061, -0.18368905782699585, 0.05546713247895241]
1.8697681272723987  ::  9.958511  ::  [1.022743582725525, -0.1839972585439682, 0.05546679347753525]
1.8697681272723987  ::  9.97453  ::  [1.0321680307388306, -0.18430502712726593, 0.05546717718243599]
1.870949749998811  ::  9.990487  ::  [1.0415923595428467, -0.18461287021636963, 0.055467389523983]
1.8727328562590073  ::  10.006466  ::  [1.0510144233703613, -0.1849220097064972, 0.05546661466360092]
1.8727328562590073  ::  10.022247  ::  [1.0604374408721924, -0.18522651493549347, 0.05546243488788605]
1.872574267804216  ::  10.038237  ::  [1.0730087757110596, -0.18563762307167053, 0.055466197431087494]
1.8704287346311859  ::  10.054187  ::  [1.0792925357818604, -0.185842826962471, 0.0554685965180397]
1.8688825505578242  ::  10.069336  ::  [1.091860055923462, -0.18625211715698242, 0.055468566715717316]
1.8672689183664088  ::  10.085293  ::  [1.1012884378433228, -0.18655776977539062, 0.05546710640192032]
1.865902453645583  ::  10.101223  ::  [1.1107141971588135, -0.1868656873703003, 0.055469244718551636]
1.865902453645583  ::  10.11718  ::  [1.1201362609863281, -0.18717269599437714, 0.05546692758798599]
1.8654710845108144  ::  10.133138  ::  [1.1295737028121948, -0.18748445808887482, 0.055463217198848724]
1.8662811022576957  ::  10.14926  ::  [1.13898766040802, -0.187792107462883, 0.055465854704380035]
1.867607653060559  ::  10.165133  ::  [1.148417592048645, -0.18809877336025238, 0.055466726422309875]
1.8689711295736229  ::  10.181126  ::  [1.1578510999679565, -0.18840686976909637, 0.05546548590064049]
1.87043748581106  ::  10.19608  ::  [1.1672680377960205, -0.18871411681175232, 0.05546588450670242]
1.8718278561939807  ::  10.211481  ::  [1.176687240600586, -0.189021497964859, 0.055467698723077774]
1.8718278561939807  ::  10.227434  ::  [1.1892554759979248, -0.1894335150718689, 0.05546656996011734]
1.8722284894774843  ::  10.243431  ::  [1.1923964023590088, -0.18953418731689453, 0.05546823889017105]
1.8722284894774843  ::  10.259029  ::  [1.1955366134643555, -0.1896371841430664, 0.05546775087714195]
1.8718891144530991  ::  10.274979  ::  [1.2049598693847656, -0.18994224071502686, 0.05546693503856659]
1.8710925436411465  ::  10.290937  ::  [1.2143888473510742, -0.19024842977523804, 0.055468328297138214]
1.8677568500052415  ::  10.306896  ::  [1.2238178253173828, -0.19055739045143127, 0.05547044426202774]
1.8677568500052415  ::  10.322852  ::  [1.2332398891448975, -0.19086319208145142, 0.05546698346734047]
1.8662992449476785  ::  10.338969  ::  [1.2363839149475098, -0.19096678495407104, 0.05546952411532402]
1.8650794158505966  ::  10.354922  ::  [1.2426694631576538, -0.19117161631584167, 0.05546955019235611]
1.8650794158505966  ::  10.370848  ::  [1.2520887851715088, -0.19147711992263794, 0.05546620488166809]
1.8648136788032008  ::  10.386806  ::  [1.2615132331848145, -0.19178849458694458, 0.05546494573354721]
1.8658160090639  ::  10.402799  ::  [1.2709431648254395, -0.19209586083889008, 0.05546712502837181]
1.8671551530280457  ::  10.418751  ::  [1.2803670167922974, -0.19240306317806244, 0.055467404425144196]
1.8691835057681279  ::  10.434678  ::  [1.2897913455963135, -0.1927107870578766, 0.0554671511054039]
1.8691835057681279  ::  10.450636  ::  [1.3023567199707031, -0.19312091171741486, 0.055467210710048676]
1.8689888453767827  ::  10.466593  ::  [1.3117846250534058, -0.19342833757400513, 0.0554678812623024]
1.8689888453767827  ::  10.482589  ::  [1.318068027496338, -0.19363261759281158, 0.05546824261546135]
1.8698155117097657  ::  10.497543  ::  [1.3243517875671387, -0.19383779168128967, 0.05546789988875389]
1.8698673784587754  ::  10.512224  ::  [1.333780288696289, -0.19414599239826202, 0.05546611547470093]
1.868036460874389  ::  10.528295  ::  [1.3432085514068604, -0.19445060193538666, 0.055464714765548706]
1.868036460874389  ::  10.544251  ::  [1.352625846862793, -0.19475775957107544, 0.05546727776527405]
1.8654941363992632  ::  10.559851  ::  [1.3620494604110718, -0.1950632780790329, 0.0554649718105793]
1.8642111280523586  ::  10.575809  ::  [1.3714770078659058, -0.19536951184272766, 0.055465973913669586]
1.8631729392985168  ::  10.59133  ::  [1.3809092044830322, -0.1956784576177597, 0.05546756088733673]
1.8637562801423182  ::  10.607279  ::  [1.393462896347046, -0.19608928263187408, 0.055463649332523346]
1.8637562801423182  ::  10.623236  ::  [1.402900218963623, -0.19639664888381958, 0.05546794459223747]
1.866246310981611  ::  10.639193  ::  [1.409178614616394, -0.19660182297229767, 0.0554671436548233]
1.866246310981611  ::  10.65515  ::  [1.4217450618743896, -0.19701167941093445, 0.055466923862695694]
1.8678842757219445  ::  10.670912  ::  [1.4311704635620117, -0.19731925427913666, 0.05546673759818077]
1.8692016484581109  ::  10.686135  ::  [1.4406009912490845, -0.1976267248392105, 0.05546686798334122]
1.8705711013866984  ::  10.702094  ::  [1.4500172138214111, -0.197931706905365, 0.055465470999479294]
1.8705711013866984  ::  10.717589  ::  [1.459442138671875, -0.1982412189245224, 0.055467523634433746]
1.8701124114952496  ::  10.733571  ::  [1.46258544921875, -0.19834354519844055, 0.05546405911445618]
1.8701124114952496  ::  10.749505  ::  [1.472007155418396, -0.1986481249332428, 0.05546700581908226]
1.8689698489131534  ::  10.764842  ::  [1.4814372062683105, -0.19895565509796143, 0.055468954145908356]
1.8660251836072317  ::  10.780956  ::  [1.4908573627471924, -0.1992613971233368, 0.055466633290052414]
1.8660251836072317  ::  10.796891  ::  [1.5002903938293457, -0.19957152009010315, 0.05546613410115242]
1.864772484224769  ::  10.812875  ::  [1.503427505493164, -0.19966982305049896, 0.05546718090772629]
1.864772484224769  ::  10.828645  ::  [1.5097076892852783, -0.1998765617609024, 0.05546499043703079]
1.864376973583143  ::  10.843781  ::  [1.5191326141357422, -0.20018534362316132, 0.05546478182077408]
1.864929792019091  ::  10.859807  ::  [1.5285639762878418, -0.2004932016134262, 0.05546716973185539]
1.866014297993242  ::  10.875846  ::  [1.5379959344863892, -0.20080068707466125, 0.05546681210398674]
1.866014297993242  ::  10.891856  ::  [1.5474127531051636, -0.20110845565795898, 0.05546686053276062]
1.8684804231704397  ::  10.907767  ::  [1.5568372011184692, -0.20141573250293732, 0.05546698346734047]
1.8700974704564404  ::  10.923723  ::  [1.5631206035614014, -0.20162107050418854, 0.0554669089615345]
1.870806102582829  ::  10.939647  ::  [1.5725560188293457, -0.2019290328025818, 0.055466536432504654]
1.870806102582829  ::  10.955628  ::  [1.578829288482666, -0.20213346183300018, 0.05546816810965538]
1.871501074330878  ::  10.971609  ::  [1.585110068321228, -0.20233935117721558, 0.055466800928115845]
1.871501074330878  ::  10.987548  ::  [1.5913957357406616, -0.2025439739227295, 0.055467166006565094]
1.8706545577606195  ::  11.003475  ::  [1.594536542892456, -0.2026454657316208, 0.055466461926698685]
1.8697706885933374  ::  11.019184  ::  [1.6039669513702393, -0.20295138657093048, 0.05546743422746658]
1.8683408311792775  ::  11.035142  ::  [1.6133880615234375, -0.20326152443885803, 0.05546664446592331]
1.8683408311792775  ::  11.051141  ::  [1.6228082180023193, -0.20356346666812897, 0.05546549707651138]
1.8672808711974562  ::  11.066979  ::  [1.632239580154419, -0.20387278497219086, 0.05546825751662254]
1.8659865503497388  ::  11.082839  ::  [1.6448071002960205, -0.20428261160850525, 0.05546687915921211]
1.8655451493746267  ::  11.098766  ::  [1.6542291641235352, -0.20459212362766266, 0.05546507611870766]
1.8661301977657208  ::  11.114588  ::  [1.6636552810668945, -0.20489928126335144, 0.055465199053287506]
1.867305417189786  ::  11.130546  ::  [1.6730836629867554, -0.2052074372768402, 0.055467527359724045]
1.867305417189786  ::  11.14565  ::  [1.6825085878372192, -0.20551547408103943, 0.055466994643211365]
1.8704391933583524  ::  11.16095  ::  [1.6919339895248413, -0.2058231234550476, 0.0554669089615345]
1.8715469646643639  ::  11.176099  ::  [1.7013603448867798, -0.2061309516429901, 0.055467043071985245]
1.872122194658526  ::  11.192091  ::  [1.7107818126678467, -0.20643845200538635, 0.055467892438173294]
1.8720500507854176  ::  11.208044  ::  [1.7202060222625732, -0.2067454308271408, 0.05546843260526657]
1.871638745331336  ::  11.223426  ::  [1.729628086090088, -0.20705369114875793, 0.05546366050839424]
1.870807169799887  ::  11.238959  ::  [1.7327744960784912, -0.20715557038784027, 0.05546899512410164]
1.8694234161627246  ::  11.254888  ::  [1.742199182510376, -0.20746341347694397, 0.05546833574771881]
1.8679254703003763  ::  11.270846  ::  [1.7516230344772339, -0.20777079463005066, 0.055467911064624786]
1.8679254703003763  ::  11.286803  ::  [1.7610504627227783, -0.20807799696922302, 0.055467523634433746]
1.865554754328147  ::  11.302538  ::  [1.7704769372940063, -0.2083856612443924, 0.05546765774488449]
1.8651784535935616  ::  11.318349  ::  [1.7893290519714355, -0.20899951457977295, 0.05546824634075165]
1.865559663526613  ::  11.334306  ::  [1.7893290519714355, -0.20899951457977295, 0.05546824634075165]
1.865559663526613  ::  11.350402  ::  [1.7987544536590576, -0.2093075066804886, 0.055467598140239716]
1.8666729843613252  ::  11.366506  ::  [1.808188557624817, -0.20961594581604004, 0.05546427518129349]
1.8679218417623797  ::  11.382104  ::  [1.8176020383834839, -0.20992332696914673, 0.05546726658940315]
1.8695730399942303  ::  11.398081  ::  [1.8270268440246582, -0.21023115515708923, 0.05546722561120987]
1.8722658420745077  ::  11.413845  ::  [1.8395934104919434, -0.21064119040966034, 0.0554676279425621]
1.8723183491537523  ::  11.429776  ::  [1.8490190505981445, -0.21094857156276703, 0.05546801537275314]
1.871845785440552  ::  11.445732  ::  [1.8584524393081665, -0.21125739812850952, 0.055466122925281525]
1.8710481474115415  ::  11.461399  ::  [1.867873191833496, -0.21156422793865204, 0.055466074496507645]
1.8710481474115415  ::  11.477384  ::  [1.8772892951965332, -0.21187034249305725, 0.05546269193291664]
1.868011914882059  ::  11.493341  ::  [1.886712670326233, -0.21217824518680573, 0.05546459183096886]
1.8668230350796537  ::  11.509115  ::  [1.8992822170257568, -0.21258705854415894, 0.05546615272760391]
1.865837139961645  ::  11.524064  ::  [1.908705472946167, -0.21289408206939697, 0.05546427518129349]
1.865877053879607  ::  11.539024  ::  [1.9181387424468994, -0.213203564286232, 0.055467598140239716]
1.865877053879607  ::  11.554981  ::  [1.9275652170181274, -0.21351179480552673, 0.05546776205301285]
1.866333182450117  ::  11.570938  ::  [1.9369876384735107, -0.21381992101669312, 0.05546731874346733]
1.8673086188409593  ::  11.586896  ::  [1.9464129209518433, -0.2141275405883789, 0.055467262864112854]
1.8687758288520429  ::  11.602939  ::  [1.9558367729187012, -0.21443533897399902, 0.05546673387289047]
1.870220200418089  ::  11.618932  ::  [1.9652708768844604, -0.2147434502840042, 0.05546649172902107]
1.8714671368284395  ::  11.634157  ::  [1.9778294563293457, -0.21515297889709473, 0.055468082427978516]
1.8717898632667225  ::  11.649328  ::  [1.9872461557388306, -0.21545985341072083, 0.05546276271343231]
1.870693404461524  ::  11.664721  ::  [1.996685266494751, -0.21576759219169617, 0.05546846240758896]
1.8701674798954329  ::  11.680678  ::  [2.006108045578003, -0.21607308089733124, 0.0554618239402771]
1.8686573677586253  ::  11.696645  ::  [2.009247064590454, -0.21617652475833893, 0.055467817932367325]
1.867159421896277  ::  11.712747  ::  [2.018669366836548, -0.21648332476615906, 0.05546809732913971]
1.8661389489455948  ::  11.728672  ::  [2.0280942916870117, -0.21678926050662994, 0.05546630546450615]
1.8661389489455948  ::  11.744435  ::  [2.037525177001953, -0.21709811687469482, 0.05546563118696213]
1.8655871977267047  ::  11.760393  ::  [2.0469486713409424, -0.21740752458572388, 0.055467329919338226]
1.8655871977267047  ::  11.77635  ::  [2.0563712120056152, -0.21771274507045746, 0.05546538531780243]
1.8672422379399634  ::  11.792336  ::  [2.0658016204833984, -0.21802197396755219, 0.0554669015109539]
1.8672422379399634  ::  11.808292  ::  [2.0752217769622803, -0.21833012998104095, 0.055467166006565094]
1.8708129327719991  ::  11.82425  ::  [2.084646701812744, -0.21863795816898346, 0.05546668916940689]
1.8718716120933512  ::  11.84018  ::  [2.09721302986145, -0.21904827654361725, 0.05546720698475838]
1.8722797158962594  ::  11.856136  ::  [2.11606502532959, -0.21966306865215302, 0.055468592792749405]
1.8720765177684515  ::  11.871864  ::  [2.11606502532959, -0.21966306865215302, 0.055468592792749405]
1.8720765177684515  ::  11.887813  ::  [2.1254994869232178, -0.2199706882238388, 0.05546857416629791]
1.8715362924937857  ::  11.903786  ::  [2.1349129676818848, -0.22027963399887085, 0.05546696484088898]
1.870076126115284  ::  11.919793  ::  [2.1474790573120117, -0.22068488597869873, 0.05546475946903229]
1.8685783936963472  ::  11.93575  ::  [2.1568994522094727, -0.22099265456199646, 0.05546627938747406]
1.8663395857524638  ::  11.951652  ::  [2.166328191757202, -0.22130247950553894, 0.05546725541353226]
1.86607000672366  ::  11.966976  ::  [2.175755500793457, -0.22161133587360382, 0.05546627938747406]
1.8663735232549024  ::  11.981937  ::  [2.1851844787597656, -0.2219180017709732, 0.05546797066926956]
1.8669020091419322  ::  11.9979  ::  [2.19461727142334, -0.2222261130809784, 0.055466096848249435]
1.8669020091419322  ::  12.013851  ::  [2.197749137878418, -0.2223285287618637, 0.05546718090772629]
1.8677455375044287  ::  12.029808  ::  [2.204030990600586, -0.22253400087356567, 0.05546711012721062]
1.8698663112417178  ::  12.045765  ::  [2.2103142738342285, -0.2227395474910736, 0.055466827005147934]
1.87135251771643  ::  12.061307  ::  [2.2165942192077637, -0.2229437530040741, 0.055465660989284515]
1.872716421116317  ::  12.077294  ::  [2.226020336151123, -0.22325271368026733, 0.055466920137405396]
1.8736352950030952  ::  12.093221  ::  [2.235445499420166, -0.22356030344963074, 0.05546727403998375]
1.873971468376307  ::  12.108572  ::  [2.248014211654663, -0.2239704132080078, 0.05546913295984268]
1.8735082961732155  ::  12.12403  ::  [2.2574405670166016, -0.2242780327796936, 0.055469587445259094]
1.8731900520465752  ::  12.139741  ::  [2.2637276649475098, -0.22448541224002838, 0.05546685680747032]
1.872370215902762  ::  12.155696  ::  [2.270002841949463, -0.2246875762939453, 0.055466428399086]
1.8718259352032767  ::  12.171653  ::  [2.2762856483459473, -0.2248929888010025, 0.05546317249536514]
1.8718259352032767  ::  12.18684  ::  [2.279425621032715, -0.2249969094991684, 0.05546362325549126]
1.8708658667380667  ::  12.202798  ::  [2.285728693008423, -0.22519980370998383, 0.05546430125832558]
1.8681694361197927  ::  12.218754  ::  [2.2951416969299316, -0.22550907731056213, 0.05546675994992256]
1.8681694361197927  ::  12.234751  ::  [2.304562568664551, -0.22581656277179718, 0.05546511337161064]
1.8676789431600211  ::  12.250675  ::  [2.3139939308166504, -0.22612467408180237, 0.05546857789158821]
1.8686729491276695  ::  12.266627  ::  [2.3234171867370605, -0.22643259167671204, 0.05546760559082031]
1.868982228631024  ::  12.28262  ::  [2.332841396331787, -0.2267412394285202, 0.05546703562140465]
1.8698814657239387  ::  12.297585  ::  [2.335981845855713, -0.22684374451637268, 0.05546672269701958]
1.8698814657239387  ::  12.313502  ::  [2.342268943786621, -0.22704946994781494, 0.05546635389328003]
1.8719744918177244  ::  12.329459  ::  [2.3454062938690186, -0.22715194523334503, 0.05546676740050316]
1.8719744918177244  ::  12.345416  ::  [2.3548331260681152, -0.22746019065380096, 0.055466704070568085]
1.8743341087325522  ::  12.360999  ::  [2.3642570972442627, -0.22776824235916138, 0.05546737089753151]
1.8746156405924037  ::  12.376986  ::  [2.373682975769043, -0.22807574272155762, 0.055468033999204636]
1.8746156405924037  ::  12.392988  ::  [2.3831050395965576, -0.22838471829891205, 0.0554664172232151]
1.8737955910051791  ::  12.408701  ::  [2.395676374435425, -0.22879427671432495, 0.05546891316771507]
1.8730312501483724  ::  12.423982  ::  [2.4050955772399902, -0.2291015386581421, 0.05546531826257706]
1.8700462440376653  ::  12.439902  ::  [2.4145240783691406, -0.22940950095653534, 0.05546598881483078]
1.8688328182429301  ::  12.454862  ::  [2.4239563941955566, -0.2297169268131256, 0.05546979978680611]
1.868501340624773  ::  12.470782  ::  [2.433379650115967, -0.23002521693706512, 0.0554681271314621]
1.8685000599643036  ::  12.486775  ::  [2.4428062438964844, -0.23033297061920166, 0.055468522012233734]
1.8692912946909672  ::  12.501735  ::  [2.4522337913513184, -0.23064124584197998, 0.05546760559082031]
1.8692912946909672  ::  12.51756  ::  [2.4647974967956543, -0.23105274140834808, 0.05546685308218002]
1.8699723926172644  ::  12.533488  ::  [2.471078395843506, -0.23125812411308289, 0.0554666742682457]
1.8731522725627285  ::  12.549445  ::  [2.483644723892212, -0.23166903853416443, 0.055466748774051666]
1.8741272820667478  ::  12.565079  ::  [2.493069648742676, -0.2319772094488144, 0.055466681718826294]
1.8746429613490838  ::  12.581008  ::  [2.5024943351745605, -0.2322845458984375, 0.055467523634433746]
1.8743861889249736  ::  12.596966  ::  [2.5119194984436035, -0.23259280622005463, 0.055468447506427765]
1.8743861889249736  ::  12.612958  ::  [2.5213475227355957, -0.232900008559227, 0.0554690882563591]
1.871923905729184  ::  12.628881  ::  [2.5307765007019043, -0.23320800065994263, 0.05546754226088524]
1.871109832557483  ::  12.644864  ::  [2.5401902198791504, -0.23351365327835083, 0.05546586960554123]
1.8698402711455069  ::  12.660795  ::  [2.546476364135742, -0.23371990025043488, 0.05546557530760765]
1.8687389031418424  ::  12.676775  ::  [2.552778482437134, -0.23392744362354279, 0.055466365069150925]
1.8677807556673365  ::  12.692709  ::  [2.5621917247772217, -0.2342345267534256, 0.05546894297003746]
1.8677807556673365  ::  12.708571  ::  [2.571617841720581, -0.23454134166240692, 0.05546873062849045]
1.867625795750542  ::  12.724528  ::  [2.5810446739196777, -0.2348499447107315, 0.055467672646045685]
1.869639634338638  ::  12.740485  ::  [2.5904664993286133, -0.23515816032886505, 0.055467285215854645]
1.869639634338638  ::  12.756151  ::  [2.5998902320861816, -0.23546627163887024, 0.055466629564762115]
1.8723446026933745  ::  12.772109  ::  [2.609314441680908, -0.2357751429080963, 0.055466607213020325]
1.8733317784718528  ::  12.788055  ::  [2.6187403202056885, -0.23608262836933136, 0.05546680837869644]
1.8743155391557462  ::  12.803978  ::  [2.628166437149048, -0.23639069497585297, 0.055466871708631516]
1.8743155391557462  ::  12.819934  ::  [2.640735387802124, -0.23680098354816437, 0.0554686114192009]
1.8743891771327355  ::  12.835927  ::  [2.6438748836517334, -0.23690369725227356, 0.05546850711107254]
1.8743891771327355  ::  12.851877  ::  [2.6532974243164062, -0.23721101880073547, 0.055465903133153915]
1.8737339058592373  ::  12.867396  ::  [2.65958309173584, -0.2374165803194046, 0.055469390004873276]
1.8700917074843282  ::  12.882711  ::  [2.6721439361572266, -0.23782765865325928, 0.05546410754323006]
1.8700917074843282  ::  12.897672  ::  [2.6815695762634277, -0.2381325364112854, 0.05546627193689346]
1.8673653947884352  ::  12.913764  ::  [2.6910030841827393, -0.23844316601753235, 0.055467259138822556]
1.8670127862725332  ::  12.929756  ::  [2.7004308700561523, -0.23874938488006592, 0.05546875670552254]
1.8673773476194826  ::  12.945706  ::  [2.709857702255249, -0.2390575408935547, 0.055467791855335236]
1.8686479762485166  ::  12.961636  ::  [2.719285488128662, -0.23936569690704346, 0.055466994643211365]
1.870040907952376  ::  12.977593  ::  [2.731847047805786, -0.2397765815258026, 0.0554661825299263]
1.870040907952376  ::  12.99355  ::  [2.741267681121826, -0.2400846928358078, 0.05546662583947182]
1.8726713845564773  ::  13.009508  ::  [2.750692844390869, -0.24039244651794434, 0.05546661466360092]
1.873315556772574  ::  13.0256  ::  [2.760120391845703, -0.24070045351982117, 0.05546661093831062]
1.8735770249517387  ::  13.041592  ::  [2.7695517539978027, -0.24100875854492188, 0.05546724051237106]
1.8735770249517387  ::  13.056934  ::  [2.7789695262908936, -0.24131545424461365, 0.05546920374035835]
1.8729023303277883  ::  13.07244  ::  [2.788393497467041, -0.24162332713603973, 0.05546855926513672]
1.8696968371729368  ::  13.088391  ::  [2.8009512424468994, -0.24203115701675415, 0.055466052144765854]
1.868325036366822  ::  13.104323  ::  [2.8103861808776855, -0.24234211444854736, 0.05546793341636658]
1.868325036366822  ::  13.120452  ::  [2.8198111057281494, -0.2426483929157257, 0.055465660989284515]
1.8665423569934487  ::  13.136414  ::  [2.8292336463928223, -0.2429550141096115, 0.05546598136425018]
1.8665423569934487  ::  13.152367  ::  [2.8355188369750977, -0.24316062033176422, 0.055467911064624786]
1.8669959242430199  ::  13.168328  ::  [2.8449459075927734, -0.2434687316417694, 0.055467285215854645]
1.8669959242430199  ::  13.184314  ::  [2.857511281967163, -0.2438795268535614, 0.05546696484088898]
1.8693931071982828  ::  13.200271  ::  [2.866936206817627, -0.244187593460083, 0.05546673387289047]
1.8693931071982828  ::  13.216228  ::  [2.876361846923828, -0.2444934844970703, 0.05546395480632782]
1.87212411564923  ::  13.232157  ::  [2.898350715637207, -0.24521291255950928, 0.055467236787080765]
1.8723117324079939  ::  13.247366  ::  [2.898350715637207, -0.24521291255950928, 0.055467236787080765]
1.8723117324079939  ::  13.262696  ::  [2.907778024673462, -0.2455199807882309, 0.05546848475933075]
1.8719633927603232  ::  13.278738  ::  [2.9140625, -0.24572519958019257, 0.05546824261546135]
1.8706812381870648  ::  13.294731  ::  [2.923478126525879, -0.24603049457073212, 0.05546249821782112]
1.8706812381870648  ::  13.310261  ::  [2.9329094886779785, -0.24633996188640594, 0.05546620488166809]
1.8631579982597073  ::  13.326219  ::  [2.9423320293426514, -0.24664446711540222, 0.055465761572122574]
1.8631579982597073  ::  13.342176  ::  [2.951768159866333, -0.24695420265197754, 0.05546800047159195]
1.861954390861904  ::  13.358012  ::  [2.961188793182373, -0.24725934863090515, 0.055461056530475616]
1.8613526938847083  ::  13.373665  ::  [2.970618963241577, -0.24756719172000885, 0.05546826124191284]
1.862173170358756  ::  13.388937  ::  [2.9800426959991455, -0.2478744387626648, 0.05546741560101509]
1.8631763543931017  ::  13.404894  ::  [2.9894661903381348, -0.2481813132762909, 0.05546681210398674]
1.8641438933777164  ::  13.420854  ::  [2.995753765106201, -0.24838657677173615, 0.05546596646308899]
1.8650721587746033  ::  13.436809  ::  [3.0020320415496826, -0.24859128892421722, 0.05546639487147331]
1.8660618958740205  ::  13.452766  ::  [3.008319854736328, -0.2487965226173401, 0.055466391146183014]
1.8672025374654126  ::  13.468798  ::  [3.0145986080169678, -0.2490006983280182, 0.05546694993972778]
1.8678868370428834  ::  13.484302  ::  [3.0240235328674316, -0.24930723011493683, 0.05546744540333748]
1.8679357155841312  ::  13.500388  ::  [3.0334486961364746, -0.24961403012275696, 0.05546797439455986]
1.867505627109832  ::  13.516369  ::  [3.0428740978240967, -0.2499232143163681, 0.05546581372618675]
1.8661287036618397  ::  13.532326  ::  [3.0523014068603516, -0.2502274811267853, 0.055469490587711334]
1.8661287036618397  ::  13.547288  ::  [3.06486439704895, -0.2506358325481415, 0.05546720325946808]
1.8628135005934447  ::  13.563216  ::  [3.0742850303649902, -0.25094106793403625, 0.055464617908000946]
1.8617593035837356  ::  13.579173  ::  [3.0837135314941406, -0.2512485980987549, 0.05546221509575844]
1.8611388235863222  ::  13.59513  ::  [3.0931410789489746, -0.25155824422836304, 0.055465199053287506]
1.8612916490690012  ::  13.611089  ::  [3.1025688648223877, -0.2518620491027832, 0.055466968566179276]
1.8612916490690012  ::  13.627045  ::  [3.111996650695801, -0.25217029452323914, 0.05546713247895241]
1.861912982840061  ::  13.643023  ::  [3.1151363849639893, -0.252272367477417, 0.05546700209379196]
1.862536024158413  ::  13.65896  ::  [3.1214253902435303, -0.2524782419204712, 0.05546623840928078]
1.8634963060670344  ::  13.674917  ::  [3.1276957988739014, -0.2526821494102478, 0.05546336993575096]
1.8653976599772368  ::  13.690916  ::  [3.1339845657348633, -0.25288572907447815, 0.05546530336141586]
1.8653976599772368  ::  13.706832  ::  [3.1434085369110107, -0.2531939446926117, 0.05546686798334122]
1.8675284655548692  ::  13.722828  ::  [3.1528337001800537, -0.25350141525268555, 0.05546734482049942]
1.8681064703133816  ::  13.738747  ::  [3.162259578704834, -0.2538076341152191, 0.055467694997787476]
1.8681064703133816  ::  13.754703  ::  [3.171682834625244, -0.25411272048950195, 0.05546662583947182]
1.8681344314002963  ::  13.770663  ::  [3.177971839904785, -0.25431880354881287, 0.055468495935201645]
1.8671658251986238  ::  13.786656  ::  [3.184248924255371, -0.25452280044555664, 0.05546439439058304]
1.8664800315172723  ::  13.802576  ::  [3.1905386447906494, -0.25472894310951233, 0.055467985570430756]
1.8659509053000078  ::  13.818562  ::  [3.1968140602111816, -0.25493213534355164, 0.05546712130308151]
1.8641146516303322  ::  13.834491  ::  [3.199960708618164, -0.25503453612327576, 0.05546529218554497]
1.8624410418402675  ::  13.850447  ::  [3.20939564704895, -0.2553398311138153, 0.05546121299266815]
1.8624410418402675  ::  13.866479  ::  [3.218803644180298, -0.2556455731391907, 0.055465273559093475]
1.8618867293004386  ::  13.882431  ::  [3.228233575820923, -0.2559547424316406, 0.05546746402978897]
1.8623970724974857  ::  13.898275  ::  [3.237658977508545, -0.2562614679336548, 0.055466581135988235]
1.8639976846407957  ::  13.914203  ::  [3.250232458114624, -0.25667211413383484, 0.05546597018837929]
1.8650153828271276  ::  13.930161  ::  [3.2596492767333984, -0.256977379322052, 0.0554654560983181]
1.8650153828271276  ::  13.945121  ::  [3.2690765857696533, -0.25728699564933777, 0.055466972291469574]
1.8681527875336907  ::  13.960373  ::  [3.278493881225586, -0.2575952112674713, 0.05546402558684349]
1.8688575776786713  ::  13.976507  ::  [3.287925958633423, -0.25790107250213623, 0.055465832352638245]
1.8689993041039492  ::  13.992281  ::  [3.2973456382751465, -0.2582044005393982, 0.05546562746167183]
1.8689993041039492  ::  14.008239  ::  [3.306767225265503, -0.25851258635520935, 0.055463869124650955]
1.865588051500351  ::  14.024012  ::  [3.3193368911743164, -0.25892123579978943, 0.055466391146183014]
1.865588051500351  ::  14.03997  ::  [3.3287594318389893, -0.2592261731624603, 0.05546645075082779]
1.8628664345595123  ::  14.055962  ::  [3.3381974697113037, -0.25953367352485657, 0.055464617908000946]
1.861949054776615  ::  14.071919  ::  [3.347611665725708, -0.2598426342010498, 0.055464938282966614]
