1.4338779408817615  ::  0.015828  ::  [-4.649816989898682, 0.00010065998503705487, 0.055466290563344955]
1.433905475081853  ::  0.031867  ::  [-4.649819374084473, 0.00010071906581288204, 0.0554659478366375]
1.463067181186634  ::  0.0477  ::  [-4.647945404052734, 5.008414154872298e-05, 0.05670943111181259]
1.4912194066764282  ::  0.062713  ::  [-4.647945404052734, 5.008414154872298e-05, 0.05670943111181259]
1.6738522617802223  ::  0.077986  ::  [-4.634583950042725, -0.0003183571097906679, 0.05606437847018242]
1.6738522617802223  ::  0.093944  ::  [-4.617950439453125, -0.0006015287945047021, 0.05552465468645096]
1.676907384051628  ::  0.109901  ::  [-4.609661102294922, -0.0008430717280134559, 0.055760301649570465]
1.675664609787803  ::  0.125359  ::  [-4.597995281219482, -0.0011208278592675924, 0.0556245781481266]
1.7007393014479775  ::  0.14134  ::  [-4.597995281219482, -0.0011208278592675924, 0.0556245781481266]
1.7109889607929336  ::  0.157327  ::  [-4.590384006500244, -0.0013332556700333953, 0.05561700090765953]
1.7083597648493019  ::  0.173304  ::  [-4.587495803833008, -0.0014118100516498089, 0.05551335588097572]
1.707211225851682  ::  0.189241  ::  [-4.577788829803467, -0.001705456292256713, 0.0554693266749382]
1.7050000588295962  ::  0.204991  ::  [-4.568364143371582, -0.0019847534131258726, 0.05546749010682106]
1.7030721312146542  ::  0.220982  ::  [-4.555792808532715, -0.0023589138872921467, 0.05547122284770012]
1.7030721312146542  ::  0.236326  ::  [-4.546366214752197, -0.002639944665133953, 0.05546973645687103]
1.701138013740777  ::  0.251285  ::  [-4.536937236785889, -0.0029222858138382435, 0.05546822026371956]
1.701138013740777  ::  0.266655  ::  [-4.527518272399902, -0.0032019976060837507, 0.05546688288450241]
1.7026890002908988  ::  0.282613  ::  [-4.518096923828125, -0.0034829378128051758, 0.055466193705797195]
1.7036335941087704  ::  0.298572  ::  [-4.5086669921875, -0.003763724584132433, 0.055466435849666595]
1.7049767934977358  ::  0.314527  ::  [-4.502388000488281, -0.003952591214329004, 0.05546438321471214]
1.7049767934977358  ::  0.330485  ::  [-4.496105194091797, -0.004137206356972456, 0.05546312779188156]
1.7064671621189738  ::  0.346496  ::  [-4.4929585456848145, -0.004234890453517437, 0.05546446517109871]
1.7076171952204746  ::  0.362581  ::  [-4.483532905578613, -0.004509947262704372, 0.05546541512012482]
1.7076171952204746  ::  0.378538  ::  [-4.470963478088379, -0.004885322414338589, 0.055468395352363586]
1.7074737612479043  ::  0.394495  ::  [-4.461543560028076, -0.005165486130863428, 0.05546700581908226]
1.7074737612479043  ::  0.410453  ::  [-4.452114105224609, -0.005448236130177975, 0.055466167628765106]
1.7064941627105363  ::  0.426409  ::  [-4.442685127258301, -0.005726371891796589, 0.05546901375055313]
1.7036607014220388  ::  0.442371  ::  [-4.433259010314941, -0.006008184049278498, 0.055467747151851654]
1.7019670279512873  ::  0.458325  ::  [-4.423838138580322, -0.006286500953137875, 0.05546886473894119]
1.7010895620863522  ::  0.474282  ::  [-4.414408206939697, -0.006567123346030712, 0.05546591430902481]
1.7006965060439592  ::  0.490239  ::  [-4.404973983764648, -0.006846991833299398, 0.055469341576099396]
1.7006965060439592  ::  0.506227  ::  [-4.392419338226318, -0.007220640778541565, 0.055466197431087494]
1.7028103428703723  ::  0.522184  ::  [-4.382989883422852, -0.007502692751586437, 0.05546703189611435]
1.704391745106642  ::  0.537146  ::  [-4.37356424331665, -0.007783961948007345, 0.055465273559093475]
1.7057336638351377  ::  0.552138  ::  [-4.364145278930664, -0.008064167574048042, 0.055462129414081573]
1.7057336638351377  ::  0.568089  ::  [-4.354719161987305, -0.008344307541847229, 0.0554647333920002]
1.7073672529855344  ::  0.584056  ::  [-4.345293045043945, -0.008622681722044945, 0.05546595901250839]
1.7082362878357127  ::  0.600029  ::  [-4.335868835449219, -0.008902705274522305, 0.05546405166387558]
1.7074780301161356  ::  0.616045  ::  [-4.326443195343018, -0.009183449670672417, 0.055464569479227066]
1.7050289804118628  ::  0.631965  ::  [-4.317016124725342, -0.009464276023209095, 0.055466488003730774]
1.7050289804118628  ::  0.647923  ::  [-4.3075852394104, -0.009743518196046352, 0.055469729006290436]
1.70116778909669  ::  0.663447  ::  [-4.295013904571533, -0.010116937570273876, 0.05547008663415909]
1.6999444381833173  ::  0.678663  ::  [-4.285587310791016, -0.010397588834166527, 0.055467601865530014]
1.699517764803603  ::  0.694587  ::  [-4.276157855987549, -0.01067562960088253, 0.05546783283352852]
1.699517764803603  ::  0.709796  ::  [-4.269866943359375, -0.010865392163395882, 0.05546753853559494]
1.699257577284908  ::  0.725753  ::  [-4.263592720031738, -0.011052099987864494, 0.05546823516488075]
1.7007319376502785  ::  0.741747  ::  [-4.257308006286621, -0.011238008737564087, 0.055466558784246445]
1.7007319376502785  ::  0.757768  ::  [-4.247884750366211, -0.011520298197865486, 0.05546557158231735]
1.704351724466974  ::  0.773548  ::  [-4.238459587097168, -0.0117993438616395, 0.055466778576374054]
1.7059014303566262  ::  0.789503  ::  [-4.22589635848999, -0.012172803282737732, 0.055466096848249435]
1.7059014303566262  ::  0.805426  ::  [-4.21646785736084, -0.012455204501748085, 0.055468060076236725]
1.7066351420838737  ::  0.821383  ::  [-4.210184097290039, -0.012643392197787762, 0.05546625703573227]
1.70746223530368  ::  0.837374  ::  [-4.207045078277588, -0.012735212221741676, 0.055467016994953156]
1.7074931845983565  ::  0.852698  ::  [-4.197616100311279, -0.013016762211918831, 0.05546864494681358]
1.7072907335224892  ::  0.868695  ::  [-4.1913275718688965, -0.013203872367739677, 0.05546698719263077]
1.705782969263209  ::  0.884652  ::  [-4.188189506530762, -0.01329571008682251, 0.0554698146879673]
1.7043728553647186  ::  0.900602  ::  [-4.178750038146973, -0.013575282879173756, 0.05546986311674118]
1.7040610145404251  ::  0.916541  ::  [-4.169334411621094, -0.013854576274752617, 0.05547115206718445]
1.7040610145404251  ::  0.932521  ::  [-4.166199684143066, -0.0139504075050354, 0.055469103157520294]
1.702145893530177  ::  0.948713  ::  [-4.159909248352051, -0.014136841520667076, 0.05547062307596207]
1.7011562631524657  ::  0.963879  ::  [-4.153615474700928, -0.014326046220958233, 0.055466651916503906]
1.7010186988737133  ::  0.979406  ::  [-4.147345066070557, -0.014510762877762318, 0.055467814207077026]
1.7011158156259745  ::  0.995339  ::  [-4.141060829162598, -0.014694668352603912, 0.05546611547470093]
1.7012512454706112  ::  1.010736  ::  [-4.131630897521973, -0.014977479353547096, 0.05546580255031586]
1.701647823329295  ::  1.026501  ::  [-4.12849235534668, -0.015072837471961975, 0.05546632409095764]
1.7017462207420255  ::  1.042488  ::  [-4.122207164764404, -0.015256104990839958, 0.055465929210186005]
1.7032839738006305  ::  1.058059  ::  [-4.11592435836792, -0.015445508062839508, 0.05546524375677109]
1.705050965083254  ::  1.073555  ::  [-4.106507778167725, -0.01572524756193161, 0.055463433265686035]
1.705050965083254  ::  1.089334  ::  [-4.097078323364258, -0.016009321436285973, 0.05546199157834053]
1.7077025725850998  ::  1.104957  ::  [-4.087651252746582, -0.016287606209516525, 0.055463992059230804]
1.7080161209566858  ::  1.120223  ::  [-4.078226089477539, -0.016568807885050774, 0.055463723838329315]
1.7080984033918432  ::  1.135958  ::  [-4.0719404220581055, -0.01675371825695038, 0.055466990917921066]
1.7080522996149456  ::  1.151348  ::  [-4.062500476837158, -0.01703632064163685, 0.05546799674630165]
1.7080522996149456  ::  1.167293  ::  [-4.053091526031494, -0.017317350953817368, 0.05546681210398674]
1.7064436833437018  ::  1.18325  ::  [-4.043661594390869, -0.017596524208784103, 0.05546439439058304]
1.7064436833437018  ::  1.199208  ::  [-4.037375450134277, -0.017785046249628067, 0.055468857288360596]
1.7036498158080493  ::  1.215166  ::  [-4.031088829040527, -0.017969544976949692, 0.05546937882900238]
1.702605010308449  ::  1.231125  ::  [-4.021664619445801, -0.018247608095407486, 0.05546668916940689]
1.7019854908063876  ::  1.24691  ::  [-4.012238502502441, -0.018533218652009964, 0.05546821281313896]
1.7019854908063876  ::  1.26239  ::  [-4.002813339233398, -0.01881043240427971, 0.05546652525663376]
1.703681191989549  ::  1.278112  ::  [-3.99338698387146, -0.019092733040452003, 0.05546685680747032]
1.704252046393774  ::  1.294071  ::  [-3.9808218479156494, -0.01946847513318062, 0.05546583607792854]
1.7056132817510163  ::  1.310071  ::  [-3.977672576904297, -0.01956440880894661, 0.05546511709690094]
1.7073319281009207  ::  1.326027  ::  [-3.968254566192627, -0.019843941554427147, 0.055466391146183014]
1.7073319281009207  ::  1.342021  ::  [-3.9588370323181152, -0.02012396603822708, 0.05546468496322632]
1.7098830037559205  ::  1.356755  ::  [-3.939978837966919, -0.020684460178017616, 0.05546609312295914]
1.7098830037559205  ::  1.372714  ::  [-3.939978837966919, -0.020684460178017616, 0.05546609312295914]
1.7099904725136426  ::  1.387673  ::  [-3.939978837966919, -0.020684460178017616, 0.05546609312295914]
1.7099904725136426  ::  1.40363  ::  [-3.9336977005004883, -0.020871208980679512, 0.05546511337161064]
1.7092187678591368  ::  1.419587  ::  [-3.924267530441284, -0.021152939647436142, 0.05546702444553375]
1.7091554818876085  ::  1.435544  ::  [-3.924267530441284, -0.021152939647436142, 0.05546702444553375]
1.7086628544937212  ::  1.451501  ::  [-3.9148385524749756, -0.02143184281885624, 0.05547062307596207]
1.7079087589206696  ::  1.467459  ::  [-3.9085566997528076, -0.021618755534291267, 0.05546997860074043]
1.7079087589206696  ::  1.483418  ::  [-3.9085566997528076, -0.021618755534291267, 0.05546997860074043]
1.7074384363632906  ::  1.499375  ::  [-3.902276039123535, -0.021805409342050552, 0.055469777435064316]
1.7047503300380675  ::  1.515333  ::  [-3.8959903717041016, -0.0219913087785244, 0.05546778440475464]
1.7047503300380675  ::  1.530319  ::  [-3.8865652084350586, -0.022271623834967613, 0.05546704679727554]
1.7029103411086897  ::  1.54598  ::  [-3.877134084701538, -0.022553734481334686, 0.05546606332063675]
1.7029103411086897  ::  1.560943  ::  [-3.8677122592926025, -0.022834856063127518, 0.05546601861715317]
1.7040257963775172  ::  1.5759  ::  [-3.852006673812866, -0.0233029592782259, 0.055465225130319595]
1.7040257963775172  ::  1.591854  ::  [-3.852006673812866, -0.0233029592782259, 0.055465225130319595]
1.7052373011815483  ::  1.60781  ::  [-3.8425800800323486, -0.023585328832268715, 0.0554661862552166]
1.7066644905529635  ::  1.623768  ::  [-3.8362998962402344, -0.02377244457602501, 0.055465228855609894]
1.7098878062326808  ::  1.63929  ::  [-3.826869010925293, -0.024052904918789864, 0.055465392768383026]
1.7106985710315024  ::  1.655248  ::  [-3.8174448013305664, -0.024335546419024467, 0.055468108505010605]
1.7106985710315024  ::  1.671205  ::  [-3.808018684387207, -0.024615511298179626, 0.055469539016485214]
1.711056622354399  ::  1.686671  ::  [-3.8017420768737793, -0.024802925065159798, 0.05546803027391434]
1.7103800067397448  ::  1.702629  ::  [-3.7954559326171875, -0.024988878518342972, 0.055468205362558365]
1.7103800067397448  ::  1.718588  ::  [-3.7860324382781982, -0.025267302989959717, 0.05546485632658005]
1.7085747023647457  ::  1.734543  ::  [-3.776602029800415, -0.02555129863321781, 0.05546943098306656]
1.7085747023647457  ::  1.750502  ::  [-3.770315170288086, -0.025738611817359924, 0.05547163635492325]
1.7053784939982972  ::  1.766459  ::  [-3.7608957290649414, -0.026019761338829994, 0.05546838417649269]
1.704991734536545  ::  1.782416  ::  [-3.748323440551758, -0.0263932254165411, 0.05546554923057556]
1.704991734536545  ::  1.798374  ::  [-3.748323440551758, -0.0263932254165411, 0.05546554923057556]
1.7040202468488166  ::  1.814356  ::  [-3.7420287132263184, -0.026581693440675735, 0.05546446889638901]
1.704247564082131  ::  1.829755  ::  [-3.7357547283172607, -0.026768196374177933, 0.05546647310256958]
1.7055253430654524  ::  1.845713  ::  [-3.716907024383545, -0.027332216501235962, 0.05546288937330246]
1.7055253430654524  ::  1.861672  ::  [-3.716907024383545, -0.027332216501235962, 0.05546288937330246]
1.7066978944468731  ::  1.877629  ::  [-3.7137646675109863, -0.027426552027463913, 0.055466510355472565]
1.7074601008695642  ::  1.893586  ::  [-3.707472085952759, -0.027612239122390747, 0.05546247214078903]
1.7084220903254783  ::  1.908545  ::  [-3.7012009620666504, -0.02780045196413994, 0.055464357137680054]
1.7088425738462572  ::  1.924502  ::  [-3.6949143409729004, -0.027987847104668617, 0.05546454340219498]
1.7096013651743633  ::  1.940459  ::  [-3.691770553588867, -0.028082266449928284, 0.055467113852500916]
1.7096013651743633  ::  1.956392  ::  [-3.6823458671569824, -0.028360363095998764, 0.0554656907916069]
1.7104563127593786  ::  1.971618  ::  [-3.6729259490966797, -0.028641337528824806, 0.055464185774326324]
1.709459958914203  ::  1.987575  ::  [-3.663491725921631, -0.02892327681183815, 0.055470164865255356]
1.7082222005705496  ::  2.003071  ::  [-3.654067039489746, -0.02920510247349739, 0.05547047033905983]
1.7068717441055912  ::  2.019029  ::  [-3.6446425914764404, -0.029483789578080177, 0.055469270795583725]
1.7054143524914398  ::  2.034981  ::  [-3.6352145671844482, -0.02976531721651554, 0.05547017231583595]
1.7047878960785026  ::  2.050126  ::  [-3.6257874965667725, -0.030044224113225937, 0.05546923354268074]
1.7047878960785026  ::  2.066089  ::  [-3.616365432739258, -0.030326465144753456, 0.0554671511054039]
1.7044934508922516  ::  2.08105  ::  [-3.6069371700286865, -0.03060590848326683, 0.05546800419688225]
1.7044934508922516  ::  2.096015  ::  [-3.5975136756896973, -0.03088911809027195, 0.05546659231185913]
1.7051971738201745  ::  2.111661  ::  [-3.588088035583496, -0.031169850379228592, 0.055463336408138275]
1.7060555364997747  ::  2.127618  ::  [-3.5818073749542236, -0.03135666996240616, 0.05546293407678604]
1.7074447329439317  ::  2.142924  ::  [-3.572376251220703, -0.03163869306445122, 0.05546604469418526]
1.7113289761475534  ::  2.158882  ::  [-3.5629570484161377, -0.031921349465847015, 0.05546559765934944]
1.7113289761475534  ::  2.174839  ::  [-3.5535271167755127, -0.03220314532518387, 0.05546524375677109]
1.7123022781042803  ::  2.190831  ::  [-3.5441064834594727, -0.03248576447367668, 0.05546588450670242]
1.7121296023843258  ::  2.206301  ::  [-3.534681558609009, -0.03276357799768448, 0.05546766519546509]
1.7121296023843258  ::  2.222248  ::  [-3.5252552032470703, -0.033044569194316864, 0.055464841425418854]
1.7085500496507102  ::  2.238016  ::  [-3.5158262252807617, -0.03332581743597984, 0.055467937141656876]
1.707173553089541  ::  2.253945  ::  [-3.503257989883423, -0.033700451254844666, 0.05546964704990387]
1.707173553089541  ::  2.26993  ::  [-3.4938294887542725, -0.033981285989284515, 0.05546649545431137]
1.7047717811009295  ::  2.285968  ::  [-3.4843976497650146, -0.03426065295934677, 0.05547027662396431]
1.7047717811009295  ::  2.301912  ::  [-3.474978446960449, -0.03454095870256424, 0.05546725168824196]
1.7058421998099176  ::  2.316879  ::  [-3.4655537605285645, -0.03482210263609886, 0.05546238273382187]
1.7058421998099176  ::  2.332835  ::  [-3.4624104499816895, -0.03491441532969475, 0.055466290563344955]
1.70832262569569  ::  2.348793  ::  [-3.456125259399414, -0.035103753209114075, 0.055464040488004684]
1.710220137624484  ::  2.364722  ::  [-3.446686029434204, -0.03538545221090317, 0.055464960634708405]
1.710220137624484  ::  2.38071  ::  [-3.4372777938842773, -0.03566807135939598, 0.05546431615948677]
1.713311758719267  ::  2.396673  ::  [-3.4278552532196045, -0.035948872566223145, 0.05546664446592331]
1.713311758719267  ::  2.411633  ::  [-3.4184296131134033, -0.03623003512620926, 0.05546344816684723]
1.7138687393017404  ::  2.427589  ::  [-3.415276527404785, -0.03632286190986633, 0.055467166006565094]
1.7134481490592557  ::  2.443027  ::  [-3.409003734588623, -0.036512039601802826, 0.055465854704380035]
1.712929908455981  ::  2.458985  ::  [-3.3995769023895264, -0.03679202124476433, 0.055466849356889725]
1.712929908455981  ::  2.474973  ::  [-3.3901424407958984, -0.03707471862435341, 0.05547010526061058]
1.7100740356092694  ::  2.490839  ::  [-3.380711793899536, -0.03735416382551193, 0.05546615272760391]
1.7094008350892  ::  2.506795  ::  [-3.3712964057922363, -0.03763744980096817, 0.055468980222940445]
1.7094008350892  ::  2.52278  ::  [-3.3650124073028564, -0.037823740392923355, 0.05546834319829941]
1.7077100431045045  ::  2.538479  ::  [-3.355588436126709, -0.03810540586709976, 0.05546407029032707]
1.7075256279969142  ::  2.554436  ::  [-3.3461616039276123, -0.038386158645153046, 0.05546370521187782]
1.707786455845844  ::  2.569701  ::  [-3.3367397785186768, -0.03866855055093765, 0.05546557158231735]
1.708828486581094  ::  2.584998  ::  [-3.3304572105407715, -0.0388595387339592, 0.0554656945168972]
1.7099278268723488  ::  2.600778  ::  [-3.314749002456665, -0.039327025413513184, 0.05546608194708824]
1.7117431630876911  ::  2.616712  ::  [-3.314749002456665, -0.039327025413513184, 0.05546608194708824]
1.7122812539282413  ::  2.632716  ::  [-3.3053247928619385, -0.039610810577869415, 0.05546439439058304]
1.713126169672913  ::  2.648626  ::  [-3.2990403175354004, -0.0397975854575634, 0.05546434596180916]
1.713126169672913  ::  2.66458  ::  [-3.2896175384521484, -0.040079016238451004, 0.055464643985033035]
1.71362285249162  ::  2.680538  ::  [-3.283329963684082, -0.040261559188365936, 0.055464860051870346]
1.713294149637813  ::  2.695675  ::  [-3.280188798904419, -0.04035592079162598, 0.0554654560983181]
1.713294149637813  ::  2.711656  ::  [-3.270761013031006, -0.04063538834452629, 0.05546547472476959]
1.7125573429810979  ::  2.727671  ::  [-3.2644777297973633, -0.04082592949271202, 0.05546792596578598]
1.7125573429810979  ::  2.743632  ::  [-3.258195400238037, -0.041014574468135834, 0.055467620491981506]
1.710266134679676  ::  2.75962  ::  [-3.2519140243530273, -0.041199564933776855, 0.05546516180038452]
1.710266134679676  ::  2.77441  ::  [-3.2424814701080322, -0.041479576379060745, 0.055467866361141205]
1.7090663692632808  ::  2.790015  ::  [-3.2330567836761475, -0.041763365268707275, 0.05546704679727554]
1.708230311420189  ::  2.80597  ::  [-3.2267613410949707, -0.041950661689043045, 0.055468179285526276]
1.7070649103930555  ::  2.821927  ::  [-3.2204885482788086, -0.04213780164718628, 0.055466193705797195]
1.7069098437545551  ::  2.837861  ::  [-3.2142045497894287, -0.042326293885707855, 0.05546418949961662]
1.707049008858894  ::  2.853846  ::  [-3.204779863357544, -0.04260755702853203, 0.05546506494283676]
1.7082585926722211  ::  2.869776  ::  [-3.1984963417053223, -0.042797114700078964, 0.05546579509973526]
1.7082585926722211  ::  2.885478  ::  [-3.189072608947754, -0.043074414134025574, 0.05546537786722183]
1.7109519283610275  ::  2.901169  ::  [-3.1827802658081055, -0.04326529800891876, 0.05546015128493309]
1.7123390970927748  ::  2.917106  ::  [-3.1639413833618164, -0.043828047811985016, 0.05546408146619797]
1.7123390970927748  ::  2.93309  ::  [-3.1639413833618164, -0.043828047811985016, 0.05546408146619797]
1.7134829403353404  ::  2.948559  ::  [-3.1545166969299316, -0.04410916194319725, 0.05546775832772255]
1.7136638336266399  ::  2.964079  ::  [-3.148233413696289, -0.044297102838754654, 0.05546417459845543]
1.7130916985619455  ::  2.980072  ::  [-3.1388025283813477, -0.044577695429325104, 0.055467210710048676]
1.7117807291281262  ::  2.995994  ::  [-3.129371166229248, -0.04485869035124779, 0.055464547127485275]
1.710403805680134  ::  3.011231  ::  [-3.1199533939361572, -0.04513826593756676, 0.05546586960554123]
1.7088194152361027  ::  3.027213  ::  [-3.1011030673980713, -0.045700207352638245, 0.05546412616968155]
1.7088194152361027  ::  3.043171  ::  [-3.1011030673980713, -0.045700207352638245, 0.05546412616968155]
1.7068079245255339  ::  3.062095  ::  [-3.085376739501953, -0.04617441073060036, 0.0554644837975502]
1.706536851392849  ::  3.075061  ::  [-3.0791115760803223, -0.04635806754231453, 0.05546342581510544]
1.7066381302916356  ::  3.091043  ::  [-3.075967311859131, -0.04645354300737381, 0.055464982986450195]
1.7070890294985621  ::  3.106975  ::  [-3.066539764404297, -0.046734023839235306, 0.05546446889638901]
1.7074178390740749  ::  3.122933  ::  [-3.063404083251953, -0.04682653024792671, 0.05546256899833679]
1.7082770555273212  ::  3.138915  ::  [-3.0571160316467285, -0.0470186322927475, 0.05546402558684349]
1.7089074606433723  ::  3.154846  ::  [-3.0571160316467285, -0.0470186322927475, 0.05546402558684349]
1.7101780892724063  ::  3.170805  ::  [-3.047694444656372, -0.047296758741140366, 0.05546381324529648]
1.7119625829147778  ::  3.185764  ::  [-3.047694444656372, -0.047296758741140366, 0.05546381324529648]
1.7119625829147778  ::  3.201742  ::  [-3.0382704734802246, -0.047578562051057816, 0.05546289682388306]
1.7136570034374699  ::  3.217701  ::  [-3.0319879055023193, -0.04776831716299057, 0.055460985749959946]
1.7139184716166345  ::  3.23266  ::  [-3.022557258605957, -0.04804816097021103, 0.05546491593122482]
1.714159449228289  ::  3.248617  ::  [-3.0162782669067383, -0.048237673938274384, 0.05546443909406662]
1.7137968088720437  ::  3.265571  ::  [-3.0068461894989014, -0.04851783439517021, 0.055468108505010605]
1.7129770794499364  ::  3.280618  ::  [-3.0068461894989014, -0.04851783439517021, 0.055468108505010605]
1.7115819065902553  ::  3.296575  ::  [-2.997426986694336, -0.048800207674503326, 0.0554671436548233]
1.7115819065902553  ::  3.312533  ::  [-2.9879934787750244, -0.04908094182610512, 0.05547039583325386]
1.7099952749904026  ::  3.32849  ::  [-2.978567600250244, -0.04936233535408974, 0.05546538904309273]
1.7076068432150138  ::  3.344452  ::  [-2.9691381454467773, -0.049642108380794525, 0.05546773597598076]
1.7069310813740057  ::  3.360405  ::  [-2.962857723236084, -0.04982795566320419, 0.055467117577791214]
1.7068568030667817  ::  3.376339  ::  [-2.9534358978271484, -0.05011022835969925, 0.05546456202864647]
1.7072787806914416  ::  3.39243  ::  [-2.944007396697998, -0.05039412900805473, 0.055465832352638245]
1.7082093939658558  ::  3.408395  ::  [-2.934586524963379, -0.05067600682377815, 0.055463969707489014]
1.7086701115697143  ::  3.423329  ::  [-2.925149917602539, -0.05095812678337097, 0.05546220764517784]
1.7086701115697143  ::  3.439286  ::  [-2.9220175743103027, -0.051048994064331055, 0.055463194847106934]
1.7096141717790572  ::  3.455244  ::  [-2.9157347679138184, -0.05123567953705788, 0.05546340346336365]
1.7128340723641893  ::  3.471201  ::  [-2.906315803527832, -0.051523152738809586, 0.055462710559368134]
1.7131067463224607  ::  3.487157  ::  [-2.896883964538574, -0.051801085472106934, 0.05546547472476959]
1.7136441968327762  ::  3.502117  ::  [-2.8906002044677734, -0.051986999809741974, 0.055465634912252426]
1.7131973530506692  ::  3.518094  ::  [-2.8811707496643066, -0.05227159708738327, 0.055466603487730026]
1.7126353565480241  ::  3.534038  ::  [-2.8654592037200928, -0.05273856222629547, 0.055470045655965805]
1.7116485009346631  ::  3.549306  ::  [-2.8654592037200928, -0.05273856222629547, 0.055470045655965805]
1.7098408486821368  ::  3.564847  ::  [-2.8560404777526855, -0.053021352738142014, 0.05546547472476959]
1.7087807819786098  ::  3.580399  ::  [-2.8466103076934814, -0.05329994484782219, 0.05546463280916214]
1.7087807819786098  ::  3.596342  ::  [-2.840330123901367, -0.053488414734601974, 0.05546673759818077]
1.7081780177843562  ::  3.612298  ::  [-2.83404278755188, -0.05367626994848251, 0.055466823279857635]
1.7064305565738906  ::  3.62823  ::  [-2.8246147632598877, -0.05395888164639473, 0.05546528100967407]
1.7064305565738906  ::  3.644242  ::  [-2.815192222595215, -0.05423809215426445, 0.05546510964632034]
1.7080204965466228  ::  3.659945  ::  [-2.8057701587677, -0.05452045425772667, 0.05546186491847038]
1.709456010211089  ::  3.675904  ::  [-2.7963435649871826, -0.054804638028144836, 0.05546436458826065]
1.7111588617485378  ::  3.690874  ::  [-2.786921739578247, -0.055083803832530975, 0.05546197667717934]
1.7126972551373774  ::  3.706822  ::  [-2.777494192123413, -0.055366672575473785, 0.055462099611759186]
1.7129724904165877  ::  3.722796  ::  [-2.768073797225952, -0.05564793571829796, 0.055465396493673325]
1.7133926537722493  ::  3.737755  ::  [-2.764930486679077, -0.05574169009923935, 0.055464498698711395]
1.7142723607930057  ::  3.753698  ::  [-2.761788845062256, -0.05583615601062775, 0.055465422570705414]
1.7142853808411112  ::  3.769656  ::  [-2.755502939224243, -0.056020382791757584, 0.05546273663640022]
1.7142853808411112  ::  3.785617  ::  [-2.746074676513672, -0.0563044399023056, 0.055467404425144196]
1.7133668271194502  ::  3.801572  ::  [-2.739793062210083, -0.05649241432547569, 0.05546824261546135]
1.712508891326673  ::  3.817526  ::  [-2.733499526977539, -0.05667959898710251, 0.055466942489147186]
1.7119099691138275  ::  3.833486  ::  [-2.7272233963012695, -0.05686682090163231, 0.05546893551945686]
1.710717780938543  ::  3.849415  ::  [-2.724080801010132, -0.05696181207895279, 0.055466748774051666]
1.7091508928542598  ::  3.865373  ::  [-2.7146506309509277, -0.05724196881055832, 0.055467281490564346]
1.708313340907287  ::  3.881331  ::  [-2.6958067417144775, -0.057806480675935745, 0.055464062839746475]
1.7079955236674698  ::  3.897302  ::  [-2.6958067417144775, -0.057806480675935745, 0.055464062839746475]
1.7074482547602226  ::  3.913259  ::  [-2.6926591396331787, -0.05789920687675476, 0.05546780675649643]
1.7074482547602226  ::  3.928712  ::  [-2.686370611190796, -0.05808712914586067, 0.05546468496322632]
1.7080036345171092  ::  3.944669  ::  [-2.676941156387329, -0.058367855846881866, 0.05546507239341736]
1.7086994600388044  ::  3.95997  ::  [-2.6675305366516113, -0.058649562299251556, 0.05546315386891365]
1.7101492744118452  ::  3.975966  ::  [-2.6581053733825684, -0.058931540697813034, 0.055462878197431564]
1.7112807379365402  ::  3.991926  ::  [-2.6486783027648926, -0.05921477451920509, 0.055464968085289]
1.7128344992510123  ::  4.007121  ::  [-2.639256000518799, -0.05949744954705238, 0.05546388775110245]
1.7143248678722502  ::  4.023107  ::  [-2.629826545715332, -0.059774249792099, 0.05546439439058304]
1.7143248678722502  ::  4.038443  ::  [-2.6204049587249756, -0.060058921575546265, 0.055463068187236786]
1.7136994786763708  ::  4.054407  ::  [-2.6109766960144043, -0.06033756956458092, 0.055464308708906174]
1.712807285216038  ::  4.070363  ::  [-2.601539373397827, -0.06062014400959015, 0.05546369403600693]
1.7118718694648636  ::  4.085294  ::  [-2.5952706336975098, -0.06080789491534233, 0.05546356737613678]
1.7100835338410838  ::  4.101296  ::  [-2.5795540809631348, -0.06127709895372391, 0.055467598140239716]
1.7086655225363658  ::  4.116282  ::  [-2.5795540809631348, -0.06127709895372391, 0.055467598140239716]
1.7074911568859468  ::  4.1322  ::  [-2.5701258182525635, -0.06155836582183838, 0.055470071732997894]
1.7074911568859468  ::  4.148184  ::  [-2.560703754425049, -0.0618368461728096, 0.055464088916778564]
1.7071400424739258  ::  4.164142  ::  [-2.5512783527374268, -0.062119584530591965, 0.05546564608812332]
1.7090650886028116  ::  4.1801  ::  [-2.541853904724121, -0.06240132823586464, 0.055464599281549454]
1.7103490574450682  ::  4.196057  ::  [-2.53243088722229, -0.06268418580293655, 0.05546402931213379]
1.7103490574450682  ::  4.212015  ::  [-2.5230093002319336, -0.06296467781066895, 0.05546507611870766]
1.7137986231410418  ::  4.227986  ::  [-2.513577461242676, -0.06324616819620132, 0.0554608479142189]
1.7144286013702699  ::  4.243929  ::  [-2.5041584968566895, -0.06352849304676056, 0.05546064302325249]
1.7144286013702699  ::  4.259918  ::  [-2.4947333335876465, -0.06380942463874817, 0.05546493083238602]
1.7144262534927426  ::  4.275903  ::  [-2.4821670055389404, -0.06418602168560028, 0.05546499043703079]
1.7144262534927426  ::  4.290863  ::  [-2.472733974456787, -0.06446947902441025, 0.055466827005147934]
1.71344601462514  ::  4.306299  ::  [-2.463310956954956, -0.06474873423576355, 0.05546865239739418]
1.7120291772591856  ::  4.322342  ::  [-2.453885078430176, -0.06503147631883621, 0.05546565726399422]
1.7101280367923948  ::  4.338299  ::  [-2.4444448947906494, -0.06531141698360443, 0.05546785891056061]
1.7095232448857314  ::  4.354287  ::  [-2.4413135051727295, -0.06540606915950775, 0.055466797202825546]
1.7095232448857314  ::  4.370244  ::  [-2.435023784637451, -0.06559484452009201, 0.055465392768383026]
1.7084294541231773  ::  4.386232  ::  [-2.425607442855835, -0.06587553024291992, 0.05546484887599945]
1.709756858699687  ::  4.402186  ::  [-2.416184663772583, -0.06615760922431946, 0.05546316131949425]
1.7107619637247367  ::  4.418143  ::  [-2.4036169052124023, -0.0665338784456253, 0.055463969707489014]
1.7107619637247367  ::  4.434073  ::  [-2.39418625831604, -0.06681612879037857, 0.055463388562202454]
1.7123631094765757  ::  4.450051  ::  [-2.384763717651367, -0.06709709763526917, 0.05546466261148453]
1.7153682859896755  ::  4.466043  ::  [-2.3753416538238525, -0.06737907230854034, 0.055462583899497986]
1.7153682859896755  ::  4.481982  ::  [-2.3659210205078125, -0.06766145676374435, 0.055461302399635315]
1.7153794917687826  ::  4.497449  ::  [-2.3564977645874023, -0.06794293224811554, 0.05546554923057556]
1.7143914622166578  ::  4.513405  ::  [-2.3439221382141113, -0.06831677258014679, 0.05546756833791733]
1.7132867858401142  ::  4.52933  ::  [-2.337642192840576, -0.0685073584318161, 0.05546719580888748]
1.7118839290176169  ::  4.54531  ::  [-2.3282036781311035, -0.06878781318664551, 0.05546924099326134]
1.7109320781237523  ::  4.561295  ::  [-2.3219313621520996, -0.06897585093975067, 0.05546770244836807]
1.7098521611829498  ::  4.576594  ::  [-2.3156447410583496, -0.0691608265042305, 0.05546680837869644]
1.708996466545994  ::  4.592553  ::  [-2.3062150478363037, -0.06944446265697479, 0.055469390004873276]
1.7086081062586553  ::  4.608506  ::  [-2.296790361404419, -0.06972572207450867, 0.05546658858656883]
1.7086081062586553  ::  4.624441  ::  [-2.28737211227417, -0.07000657916069031, 0.055461712181568146]
1.709558569770345  ::  4.640396  ::  [-2.2779462337493896, -0.07029184699058533, 0.05546284094452858]
1.7117289691008222  ::  4.656209  ::  [-2.268519878387451, -0.07057397812604904, 0.055463455617427826]
1.7134216820762218  ::  4.671169  ::  [-2.2590973377227783, -0.07085052132606506, 0.055465199053287506]
1.7134216820762218  ::  4.687127  ::  [-2.249671459197998, -0.07113322615623474, 0.055462539196014404]
1.7145152593953643  ::  4.702859  ::  [-2.2402405738830566, -0.0714149922132492, 0.05546766147017479]
1.7157160920288173  ::  4.718845  ::  [-2.230820655822754, -0.07169757783412933, 0.05546506866812706]
1.7157160920288173  ::  4.734801  ::  [-2.2213938236236572, -0.07197653502225876, 0.05546502768993378]
1.713862976329628  ::  4.750731  ::  [-2.2088215351104736, -0.07235275208950043, 0.05546947568655014]
1.713862976329628  ::  4.766217  ::  [-2.199398994445801, -0.07263404875993729, 0.055467378348112106]
1.7118865970602615  ::  4.782199  ::  [-2.189974308013916, -0.07291451096534729, 0.05546896904706955]
1.7102804353882506  ::  4.798131  ::  [-2.1805472373962402, -0.07319779694080353, 0.05546543002128601]
1.7085304128568464  ::  4.814112  ::  [-2.171121597290039, -0.07347838580608368, 0.05546533316373825]
1.7085304128568464  ::  4.830076  ::  [-2.161693811416626, -0.07376106083393097, 0.055467329919338226]
1.7088938002650322  ::  4.846029  ::  [-2.1522738933563232, -0.0740424320101738, 0.055464934557676315]
1.709076614547036  ::  4.86198  ::  [-2.1491308212280273, -0.07413625717163086, 0.05546460300683975]
1.7105374212557725  ::  4.877937  ::  [-2.1428472995758057, -0.07432521134614944, 0.055464133620262146]
1.7105374212557725  ::  4.893899  ::  [-2.1365647315979004, -0.07451356947422028, 0.055464498698711395]
1.7124805033529353  ::  4.909814  ::  [-2.123997449874878, -0.07488837838172913, 0.05546175688505173]
1.715953974711004  ::  4.925766  ::  [-2.1145644187927246, -0.07516957074403763, 0.055461347103118896]
1.717168467722797  ::  4.941652  ::  [-2.1051502227783203, -0.07545366883277893, 0.05546313151717186]
1.717168467722797  ::  4.957645  ::  [-2.0957162380218506, -0.07573878765106201, 0.055464912205934525]
1.7172113698485212  ::  4.973606  ::  [-2.0862982273101807, -0.07601381838321686, 0.055463679134845734]
1.7152409669946782  ::  4.989555  ::  [-2.076869010925293, -0.07629851996898651, 0.05546574667096138]
1.7152409669946782  ::  5.005519  ::  [-2.0643019676208496, -0.07667391747236252, 0.05546649545431137]
1.7141996833113686  ::  5.02144  ::  [-2.058013439178467, -0.0768623948097229, 0.05546579509973526]
1.713922206876337  ::  5.037431  ::  [-2.0548744201660156, -0.07695464044809341, 0.055467601865530014]
1.7113573641212914  ::  5.053015  ::  [-2.045443296432495, -0.07723873853683472, 0.05546705797314644]
1.7113573641212914  ::  5.069  ::  [-2.0360209941864014, -0.0775223821401596, 0.055467553436756134]
1.7111940799114456  ::  5.084958  ::  [-2.0328848361968994, -0.07761441916227341, 0.0554657056927681]
1.7109412561904493  ::  5.100794  ::  [-2.0234596729278564, -0.07789631932973862, 0.055464841425418854]
1.7114315357068093  ::  5.11674  ::  [-2.014038562774658, -0.07817946374416351, 0.05546113848686218]
1.7130024792159122  ::  5.132697  ::  [-2.004608154296875, -0.07845914363861084, 0.05546180158853531]
1.7157252700955143  ::  5.14835  ::  [-1.9951777458190918, -0.07874467968940735, 0.05546385794878006]
1.7169200195917378  ::  5.164308  ::  [-1.985754370689392, -0.07902871817350388, 0.05546398460865021]
1.717819897014887  ::  5.180301  ::  [-1.9763323068618774, -0.07931123673915863, 0.055464185774326324]
1.7172381569966721  ::  5.196257  ::  [-1.9669125080108643, -0.07959094643592834, 0.05546455830335617]
1.7172381569966721  ::  5.212216  ::  [-1.9543405771255493, -0.07996951043605804, 0.0554644949734211]
1.7168693267814916  ::  5.228172  ::  [-1.9480574131011963, -0.08015840500593185, 0.05546778440475464]
1.7139699114788212  ::  5.24424  ::  [-1.938632607460022, -0.08043926954269409, 0.05546415597200394]
1.7126318347317333  ::  5.260197  ::  [-1.9292058944702148, -0.08071815222501755, 0.05546678230166435]
1.7112953588102322  ::  5.276191  ::  [-1.9197747707366943, -0.08100130409002304, 0.055467866361141205]
1.7105874737357838  ::  5.292148  ::  [-1.910346508026123, -0.08128470927476883, 0.055469151586294174]
1.7103305945899678  ::  5.307035  ::  [-1.9009263515472412, -0.08156538009643555, 0.0554657056927681]
1.7106759460298766  ::  5.322989  ::  [-1.8914952278137207, -0.08184768259525299, 0.05546189844608307]
1.711676355299872  ::  5.338939  ::  [-1.878932237625122, -0.08222471177577972, 0.05546378344297409]
1.7134027923342985  ::  5.354868  ::  [-1.8726515769958496, -0.08241386711597443, 0.055464617908000946]
1.7148741644919074  ::  5.370827  ::  [-1.8600746393203735, -0.08278895914554596, 0.05546212196350098]
1.7148741644919074  ::  5.386783  ::  [-1.850667119026184, -0.0830695629119873, 0.05546073988080025]
1.7168309069674101  ::  5.401743  ::  [-1.8412394523620605, -0.08335273712873459, 0.05546358972787857]
1.7164185342962708  ::  5.417701  ::  [-1.8318172693252563, -0.08363287895917892, 0.05546427145600319]
1.715553021262383  ::  5.43369  ::  [-1.8223848342895508, -0.08391717076301575, 0.05546652153134346]
1.7137413135850372  ::  5.449166  ::  [-1.812956690788269, -0.08419941365718842, 0.05546671524643898]
1.7137413135850372  ::  5.465189  ::  [-1.8003867864608765, -0.08457214385271072, 0.05546996369957924]
1.7105137290370889  ::  5.481013  ::  [-1.79095458984375, -0.08485323190689087, 0.055466149002313614]
1.709992606947758  ::  5.496526  ::  [-1.7815369367599487, -0.08513490855693817, 0.055466361343860626]
1.7091601776426628  ::  5.512423  ::  [-1.7783881425857544, -0.0852281004190445, 0.05546540766954422]
1.7091601776426628  ::  5.528446  ::  [-1.7689688205718994, -0.08551134169101715, 0.0554640106856823]
1.7093658303697037  ::  5.544368  ::  [-1.7595441341400146, -0.08579516410827637, 0.055464692413806915]
1.7094362666955194  ::  5.560357  ::  [-1.753263235092163, -0.08598484098911285, 0.055464137345552444]
1.7101583457568368  ::  5.576303  ::  [-1.7438366413116455, -0.08626480400562286, 0.05546180158853531]
1.7126019526541145  ::  5.59224  ::  [-1.7344155311584473, -0.0865478366613388, 0.055463578552007675]
1.714251336616967  ::  5.607857  ::  [-1.728132724761963, -0.08673423528671265, 0.05546271428465843]
1.7155386138321027  ::  5.623813  ::  [-1.7187033891677856, -0.08701490610837936, 0.055463436990976334]
1.7155386138321027  ::  5.639795  ::  [-1.7092812061309814, -0.08729688823223114, 0.055464968085289]
1.7158054180965563  ::  5.655763  ::  [-1.6998562812805176, -0.08758069574832916, 0.055467553436756134]
1.714931474047912  ::  5.671687  ::  [-1.690427303314209, -0.08786305040121078, 0.05546688288450241]
1.7145934864057022  ::  5.687363  ::  [-1.6809990406036377, -0.08814497292041779, 0.05546806752681732]
1.7137274397632858  ::  5.702599  ::  [-1.6778600215911865, -0.08823521435260773, 0.055468421429395676]
1.7126172138580413  ::  5.718562  ::  [-1.6715689897537231, -0.08842624723911285, 0.055470142513513565]
1.7113200115242677  ::  5.734522  ::  [-1.6652729511260986, -0.0886131152510643, 0.05546607822179794]
1.7113200115242677  ::  5.750488  ::  [-1.659006118774414, -0.08879967778921127, 0.0554644800722599]
1.7105153298626756  ::  5.766367  ::  [-1.6527119874954224, -0.08898879587650299, 0.055468879640102386]
1.7087609317413344  ::  5.78232  ::  [-1.6495790481567383, -0.08908182382583618, 0.05546708032488823]
1.7087609317413344  ::  5.798278  ::  [-1.6401536464691162, -0.08936360478401184, 0.05546466261148453]
1.7083922082478595  ::  5.81424  ::  [-1.6213054656982422, -0.08992741256952286, 0.05546267330646515]
1.7093635892138823  ::  5.830211  ::  [-1.6213054656982422, -0.08992741256952286, 0.05546267330646515]
1.710576161234971  ::  5.845157  ::  [-1.611881136894226, -0.09020740538835526, 0.05546541139483452]
1.7123410180834788  ::  5.860781  ::  [-1.6024549007415771, -0.09049009531736374, 0.05546267330646515]
1.7135466531936918  ::  5.876739  ::  [-1.5930256843566895, -0.09077204018831253, 0.05546188727021217]
1.714687828393613  ::  5.892699  ::  [-1.5835959911346436, -0.09105627238750458, 0.055464569479227066]
1.714848871447637  ::  5.908651  ::  [-1.5741698741912842, -0.09133582562208176, 0.05546531826257706]
1.714848871447637  ::  5.924613  ::  [-1.5678939819335938, -0.09152282774448395, 0.05546770244836807]
1.714816748214197  ::  5.940569  ::  [-1.561607837677002, -0.09171168506145477, 0.05546727031469345]
1.7137018265538981  ::  5.956542  ::  [-1.5553251504898071, -0.09189601987600327, 0.055468130856752396]
1.7137018265538981  ::  5.972483  ::  [-1.5490399599075317, -0.09208798408508301, 0.055469077080488205]
1.7131001295767023  ::  5.987457  ::  [-1.5427511930465698, -0.09227418899536133, 0.05547170341014862]
1.7113225728452066  ::  6.0034  ::  [-1.530178189277649, -0.0926494225859642, 0.05547014996409416]
1.7084697949279626  ::  6.019387  ::  [-1.5238995552062988, -0.09283921122550964, 0.05547076463699341]
1.7078515560863707  ::  6.035344  ::  [-1.511333703994751, -0.09321094304323196, 0.055468134582042694]
1.7078515560863707  ::  6.050906  ::  [-1.5019066333770752, -0.09349524229764938, 0.055463116616010666]
1.7079615861650312  ::  6.06688  ::  [-1.4924912452697754, -0.09377674013376236, 0.05546443164348602]
1.7087693627560911  ::  6.082833  ::  [-1.4830607175827026, -0.09405731409788132, 0.0554654560983181]
1.7099414872506888  ::  6.098791  ::  [-1.4736382961273193, -0.09434206783771515, 0.055465295910835266]
1.7130291596423577  ::  6.114674  ::  [-1.4642137289047241, -0.0946221798658371, 0.0554637536406517]
1.7139416302267891  ::  6.130629  ::  [-1.4547873735427856, -0.09490427374839783, 0.05546336621046066]
1.7140990447428166  ::  6.146621  ::  [-1.4485050439834595, -0.09509438276290894, 0.05546331778168678]
1.7140990447428166  ::  6.162572  ::  [-1.4453636407852173, -0.09518393129110336, 0.0554659441113472]
1.711492793965928  ::  6.178531  ::  [-1.4422221183776855, -0.09528142213821411, 0.0554647333920002]
1.7100707272363902  ::  6.194465  ::  [-1.4327939748764038, -0.0955594927072525, 0.05546677112579346]
1.7095396800284217  ::  6.210419  ::  [-1.4233640432357788, -0.09584058076143265, 0.05546591058373451]
1.7091584700953704  ::  6.226376  ::  [-1.4170693159103394, -0.09602716565132141, 0.055467333644628525]
1.7091584700953704  ::  6.242358  ::  [-1.413934588432312, -0.0961206704378128, 0.05546822026371956]
1.707389451100337  ::  6.257788  ::  [-1.4076474905014038, -0.09630878269672394, 0.05546966940164566]
1.70659298701009  ::  6.273873  ::  [-1.4013545513153076, -0.0964970663189888, 0.05546620115637779]
1.7053005871530766  ::  6.289794  ::  [-1.3950815200805664, -0.09668160229921341, 0.05546889454126358]
1.7053005871530766  ::  6.305605  ::  [-1.385655164718628, -0.09696315228939056, 0.055467549711465836]
1.7048979261571633  ::  6.321557  ::  [-1.382513165473938, -0.09705701470375061, 0.05546819046139717]
1.7042336902603796  ::  6.337506  ::  [-1.3762311935424805, -0.0972447618842125, 0.05546712875366211]
1.7045209850923433  ::  6.353431  ::  [-1.3636510372161865, -0.09761732816696167, 0.055465735495090485]
1.7045209850923433  ::  6.369418  ::  [-1.3573803901672363, -0.09780697524547577, 0.055466726422309875]
1.7054049609813309  ::  6.385365  ::  [-1.3479478359222412, -0.09808767586946487, 0.055463142693042755]
1.70812049478494  ::  6.401297  ::  [-1.3385272026062012, -0.0983707532286644, 0.05546316131949425]
1.70812049478494  ::  6.417282  ::  [-1.3322534561157227, -0.09855776280164719, 0.055461931973695755]
1.70924171302588  ::  6.433239  ::  [-1.3259562253952026, -0.09874626994132996, 0.05546112731099129]
1.7105394489681822  ::  6.449242  ::  [-1.3165289163589478, -0.09902675449848175, 0.05546485632658005]
1.7114035746198946  ::  6.4652  ::  [-1.3071129322052002, -0.099307119846344, 0.05546792596578598]
1.7114504254487326  ::  6.481158  ::  [-1.2976875305175781, -0.09958691149950027, 0.055467355996370316]
1.7109465922757385  ::  6.497114  ::  [-1.2882577180862427, -0.0998677983880043, 0.05547048896551132]
1.7084231575425362  ::  6.513072  ::  [-1.2788310050964355, -0.10014839470386505, 0.0554683618247509]
1.70699724883159  ::  6.529029  ::  [-1.2694027423858643, -0.10043120384216309, 0.05546966567635536]
1.7057157345885665  ::  6.543989  ::  [-1.2599765062332153, -0.10071250796318054, 0.05546916276216507]
1.7052654757118746  ::  6.559112  ::  [-1.250556230545044, -0.10099276155233383, 0.055467166006565094]
1.7052654757118746  ::  6.575068  ::  [-1.241125226020813, -0.10127308964729309, 0.05546746402978897]
1.705580731630753  ::  6.590717  ::  [-1.2254230976104736, -0.10174189507961273, 0.05546395480632782]
1.7066181733326544  ::  6.606492  ::  [-1.2159932851791382, -0.10202380269765854, 0.05546552687883377]
1.7066181733326544  ::  6.622451  ::  [-1.2159932851791382, -0.10202380269765854, 0.05546552687883377]
1.708520807903326  ::  6.637857  ::  [-1.2065725326538086, -0.10230432450771332, 0.05546075850725174]
1.708520807903326  ::  6.653856  ::  [-1.2034339904785156, -0.10240106284618378, 0.055463459342718124]
1.7101954849104486  ::  6.669813  ::  [-1.1940006017684937, -0.10268153250217438, 0.055462948977947235]
1.7118531931663519  ::  6.685042  ::  [-1.1845794916152954, -0.10296168178319931, 0.05546759068965912]
1.7117988718181092  ::  6.701041  ::  [-1.1751583814620972, -0.10324142128229141, 0.05546403303742409]
1.7110745516009704  ::  6.716978  ::  [-1.1657251119613647, -0.10352299362421036, 0.05546916648745537]
1.7110745516009704  ::  6.732946  ::  [-1.1562970876693726, -0.10380420833826065, 0.055469464510679245]
1.7080791934848025  ::  6.748932  ::  [-1.1342997550964355, -0.10445965081453323, 0.0554712750017643]
1.707056906265122  ::  6.764829  ::  [-1.1280102729797363, -0.10464746505022049, 0.055465929210186005]
1.7061214905139477  ::  6.780786  ::  [-1.1280102729797363, -0.10464746505022049, 0.055465929210186005]
1.7055647233748858  ::  6.79679  ::  [-1.1185846328735352, -0.10492925345897675, 0.0554671585559845]
1.7051692127332596  ::  6.812727  ::  [-1.112307071685791, -0.10511705279350281, 0.055467937141656876]
1.705272092457633  ::  6.828658  ::  [-1.1028857231140137, -0.10539555549621582, 0.055466894060373306]
1.7057420948498945  ::  6.844645  ::  [-1.0997428894042969, -0.10549058020114899, 0.05546655133366585]
1.7067215866655567  ::  6.860573  ::  [-1.0934579372406006, -0.10567903518676758, 0.05546635389328003]
1.707309836707824  ::  6.87653  ::  [-1.0840375423431396, -0.10595785826444626, 0.05546575039625168]
1.707854330850721  ::  6.891492  ::  [-1.077759027481079, -0.10614867508411407, 0.05546489730477333]
1.708834889883441  ::  6.90747  ::  [-1.071457862854004, -0.1063356027007103, 0.05546334758400917]
1.708834889883441  ::  6.922594  ::  [-1.071457862854004, -0.1063356027007103, 0.05546334758400917]
1.7105120214897964  ::  6.937582  ::  [-1.065190315246582, -0.10652320832014084, 0.0554637536406517]
1.7105120214897964  ::  6.953472  ::  [-1.0588995218276978, -0.10670886933803558, 0.05546446517109871]
1.7116091206252297  ::  6.969428  ::  [-1.0494725704193115, -0.1069919690489769, 0.055464327335357666]
1.71193216722863  ::  6.985545  ::  [-1.0400500297546387, -0.10727209597826004, 0.05546807497739792]
1.7111751901695222  ::  7.001492  ::  [-1.0306227207183838, -0.10755346715450287, 0.05547003075480461]
1.7111751901695222  ::  7.017571  ::  [-1.021196722984314, -0.10783395916223526, 0.05547013133764267]
1.709648963055142  ::  7.033684  ::  [-1.018051028251648, -0.10792843252420425, 0.05546800419688225]
1.7080895454902634  ::  7.049642  ::  [-1.011773705482483, -0.1081169843673706, 0.05546820908784866]
1.706590639132563  ::  7.064602  ::  [-1.0023393630981445, -0.10839685797691345, 0.055470313876867294]
1.7056380411867575  ::  7.080559  ::  [-0.9929219484329224, -0.10867469757795334, 0.055465154349803925]
1.7052793495336263  ::  7.096516  ::  [-0.9772101640701294, -0.10914776474237442, 0.055466845631599426]
1.705295998119728  ::  7.111653  ::  [-0.9772101640701294, -0.10914776474237442, 0.055466845631599426]
1.705295998119728  ::  7.126914  ::  [-0.9677872061729431, -0.1094275563955307, 0.055465489625930786]
1.706950931611281  ::  7.142904  ::  [-0.9583605527877808, -0.10970800369977951, 0.05546540766954422]
1.7088292336330346  ::  7.15886  ::  [-0.9489383697509766, -0.10999009758234024, 0.055464521050453186]
1.7102653876277354  ::  7.174046  ::  [-0.9395118355751038, -0.11027049273252487, 0.055463578552007675]
1.7114648328790132  ::  7.189837  ::  [-0.9300843477249146, -0.11055488139390945, 0.05546361580491066]
1.7119577804380177  ::  7.205355  ::  [-0.9206581115722656, -0.11083748191595078, 0.05546415597200394]
1.7120257621646005  ::  7.221331  ::  [-0.9112383723258972, -0.11111503839492798, 0.05546470731496811]
1.7120257621646005  ::  7.237297  ::  [-0.9018106460571289, -0.1113954558968544, 0.0554678775370121]
1.710218750242309  ::  7.252331  ::  [-0.8923772573471069, -0.11167935281991959, 0.05546870082616806]
1.710218750242309  ::  7.268216  ::  [-0.8829530477523804, -0.11195756494998932, 0.0554693304002285]
1.7095189760175  ::  7.284237  ::  [-0.876667857170105, -0.11214598268270493, 0.05546865984797478]
1.7078065195265308  ::  7.300366  ::  [-0.8672397136688232, -0.11242767423391342, 0.0554693266749382]
1.7061487045489219  ::  7.31644  ::  [-0.8546723127365112, -0.11280280351638794, 0.055465757846832275]
1.7055427387034947  ::  7.332546  ::  [-0.8483889102935791, -0.11299143731594086, 0.0554683543741703]
1.705237407903254  ::  7.348473  ::  [-0.8421083092689514, -0.11317475140094757, 0.05546565353870392]
1.7055903365842733  ::  7.364231  ::  [-0.8358235359191895, -0.11336688697338104, 0.05546557158231735]
1.7065561680215955  ::  7.379198  ::  [-0.829541802406311, -0.11355280876159668, 0.05546460300683975]
1.7065561680215955  ::  7.395148  ::  [-0.8201196789741516, -0.11383276432752609, 0.055463843047618866]
1.70972793711742  ::  7.411077  ::  [-0.8106949329376221, -0.11411440372467041, 0.055463433265686035]
1.7106192768041069  ::  7.426792  ::  [-0.8012707233428955, -0.11439626663923264, 0.055460553616285324]
1.7114895923147544  ::  7.442749  ::  [-0.7918447852134705, -0.114677295088768, 0.05546453595161438]
1.7114895923147544  ::  7.458789  ::  [-0.7824172973632812, -0.11495675146579742, 0.05546451359987259]
1.7112001630486753  ::  7.47477  ::  [-0.7729868292808533, -0.11523734778165817, 0.05546828731894493]
1.7107398723316398  ::  7.490701  ::  [-0.7666933536529541, -0.11542651057243347, 0.055469710379838943]
1.7107398723316398  ::  7.506687  ::  [-0.7604170441627502, -0.11561308801174164, 0.05546920746564865]
1.708897855689852  ::  7.522659  ::  [-0.7572779655456543, -0.11570607870817184, 0.055467914789915085]
1.7081643574060161  ::  7.53761  ::  [-0.7478484511375427, -0.11598632484674454, 0.055466823279857635]
1.7081643574060161  ::  7.553246  ::  [-0.7415546178817749, -0.11617448180913925, 0.05546551197767258]
1.7054203289069634  ::  7.569203  ::  [-0.7321329116821289, -0.11645614355802536, 0.0554715096950531]
1.7047477687171289  ::  7.585189  ::  [-0.7227071523666382, -0.11673671007156372, 0.055470943450927734]
1.7047087085728128  ::  7.601147  ::  [-0.7132904529571533, -0.11701881885528564, 0.055463362485170364]
1.7055902298625676  ::  7.616078  ::  [-0.7038614749908447, -0.11729933321475983, 0.055464617908000946]
1.706389788882282  ::  7.631399  ::  [-0.6912955641746521, -0.11767464131116867, 0.055464014410972595]
1.706389788882282  ::  7.647361  ::  [-0.6850083470344543, -0.11786171793937683, 0.05546240136027336]
1.7087692560343855  ::  7.663318  ::  [-0.6787357330322266, -0.1180504634976387, 0.05546318739652634]
1.7087692560343855  ::  7.679272  ::  [-0.6693078875541687, -0.11833024770021439, 0.055462051182985306]
1.7110227915736664  ::  7.695346  ::  [-0.659879207611084, -0.11861256510019302, 0.055463649332523346]
1.7110227915736664  ::  7.711302  ::  [-0.6504468321800232, -0.11889604479074478, 0.055464908480644226]
1.710985332254937  ::  7.726431  ::  [-0.6410238742828369, -0.1191723644733429, 0.0554690808057785]
1.710985332254937  ::  7.742387  ::  [-0.6316009759902954, -0.11945852637290955, 0.05546712130308151]
1.7079340519649397  ::  7.758462  ::  [-0.6221678853034973, -0.11973538994789124, 0.05547146871685982]
1.7065047281594088  ::  7.774419  ::  [-0.6127389669418335, -0.12001614272594452, 0.055471863597631454]
1.7065047281594088  ::  7.790412  ::  [-0.6033117771148682, -0.1202968955039978, 0.05547145754098892]
1.7051992015325843  ::  7.806358  ::  [-0.5938862562179565, -0.12057942897081375, 0.0554690919816494]
1.7044518294269968  ::  7.82154  ::  [-0.5844516754150391, -0.12085912376642227, 0.05546639859676361]
1.7052676101459903  ::  7.837578  ::  [-0.5718945264816284, -0.12123522907495499, 0.055467233061790466]
1.706569614956524  ::  7.853541  ::  [-0.5624642372131348, -0.12151679396629333, 0.055463582277297974]
1.7079397082153462  ::  7.869526  ::  [-0.5530520677566528, -0.12179999053478241, 0.055464547127485275]
1.7079397082153462  ::  7.885455  ::  [-0.5436315536499023, -0.12207815051078796, 0.05545980855822563]
1.7106131936668771  ::  7.901353  ::  [-0.5342010259628296, -0.12235903739929199, 0.05546567589044571]
1.711035704900066  ::  7.9173  ::  [-0.5247707366943359, -0.12264028191566467, 0.055466197431087494]
1.7109811701084117  ::  7.933293  ::  [-0.5153542757034302, -0.122921884059906, 0.05546451359987259]
1.7109811701084117  ::  7.948525  ::  [-0.5059183835983276, -0.12320210039615631, 0.05547018349170685]
1.7091198368378775  ::  7.963785  ::  [-0.496492475271225, -0.12348079681396484, 0.055469319224357605]
1.7091198368378775  ::  7.979735  ::  [-0.48705366253852844, -0.12376360595226288, 0.0554707832634449]
1.705464511693157  ::  7.995664  ::  [-0.47763508558273315, -0.12404429912567139, 0.05547180399298668]
1.7051776437480164  ::  8.011656  ::  [-0.46506360173225403, -0.124418243765831, 0.055468834936618805]
1.704606042291851  ::  8.026581  ::  [-0.46192944049835205, -0.1245121881365776, 0.05546768382191658]
1.7041215257476032  ::  8.042192  ::  [-0.45564210414886475, -0.12469982355833054, 0.05546952411532402]
1.7041215257476032  ::  8.057638  ::  [-0.4462192952632904, -0.1249825730919838, 0.055466681718826294]
1.7053512799633228  ::  8.073596  ::  [-0.4367993175983429, -0.12526147067546844, 0.05546358972787857]
1.7053512799633228  ::  8.089676  ::  [-0.4273724853992462, -0.12554478645324707, 0.05546475574374199]
1.7078624417003603  ::  8.104799  ::  [-0.41795024275779724, -0.12582477927207947, 0.05546478182077408]
1.7087485520234638  ::  8.120209  ::  [-0.41166868805885315, -0.1260111927986145, 0.055461909621953964]
1.7087485520234638  ::  8.136184  ::  [-0.40538015961647034, -0.12620118260383606, 0.055465202778577805]
1.7110064631526818  ::  8.151646  ::  [-0.395956426858902, -0.1264818012714386, 0.055464450269937515]
1.7110606777792188  ::  8.167575  ::  [-0.38653236627578735, -0.12676140666007996, 0.055464863777160645]
1.7110606777792188  ::  8.183075  ::  [-0.3833868205547333, -0.1268533319234848, 0.05546730011701584]
1.7105792561644386  ::  8.199057  ::  [-0.3771047294139862, -0.1270439475774765, 0.055466704070568085]
1.7095975231929552  ::  8.214392  ::  [-0.3676752746105194, -0.127322718501091, 0.055469390004873276]
1.7095975231929552  ::  8.230352  ::  [-0.3582424223423004, -0.12760412693023682, 0.05547184497117996]
1.7066845542336506  ::  8.246308  ::  [-0.3488098382949829, -0.12788482010364532, 0.05546971783041954]
1.705360031143197  ::  8.262014  ::  [-0.33939129114151, -0.1281636506319046, 0.05546879023313522]
1.7044750947588572  ::  8.277063  ::  [-0.32996323704719543, -0.12844622135162354, 0.05547044053673744]
1.7041960174982387  ::  8.29302  ::  [-0.32053983211517334, -0.12872561812400818, 0.05546601861715317]
1.7045206649272258  ::  8.308949  ::  [-0.311117023229599, -0.12900789082050323, 0.05546692758798599]
1.7045206649272258  ::  8.324728  ::  [-0.30169034004211426, -0.1292930692434311, 0.055464986711740494]
1.7073095165427066  ::  8.340657  ::  [-0.29226627945899963, -0.12957210838794708, 0.05546470731496811]
1.7073095165427066  ::  8.356095  ::  [-0.28284382820129395, -0.12985248863697052, 0.05546300485730171]
1.7088657324564118  ::  8.372052  ::  [-0.27342039346694946, -0.13013599812984467, 0.0554630383849144]
1.7100821464589087  ::  8.388048  ::  [-0.26399287581443787, -0.13041722774505615, 0.05546579882502556]
1.711063025656746  ::  8.403998  ::  [-0.254556268453598, -0.13069583475589752, 0.055461470037698746]
1.7102948428185312  ::  8.419959  ::  [-0.24199172854423523, -0.1310698390007019, 0.05546466261148453]
1.7094323179924056  ::  8.435912  ::  [-0.2325708419084549, -0.13135254383087158, 0.05546685308218002]
1.70797300538755  ::  8.451841  ::  [-0.22627311944961548, -0.13153888285160065, 0.05547066777944565]
1.70797300538755  ::  8.467797  ::  [-0.21685290336608887, -0.131818950176239, 0.055471260100603104]
1.706830869692277  ::  8.483789  ::  [-0.21057040989398956, -0.13200600445270538, 0.05546773970127106]
1.706328744066575  ::  8.499739  ::  [-0.20742565393447876, -0.1320999413728714, 0.05547133460640907]
1.7041815033462524  ::  8.515245  ::  [-0.18858063220977783, -0.13266025483608246, 0.055466312915086746]
1.7040592002714268  ::  8.531203  ::  [-0.18858063220977783, -0.13266025483608246, 0.055466312915086746]
1.7041565304670996  ::  8.547159  ::  [-0.1791565865278244, -0.13294333219528198, 0.05546429753303528]
1.7041565304670996  ::  8.563146  ::  [-0.1791565865278244, -0.13294333219528198, 0.05546429753303528]
1.7041565304670996  ::  8.579074  ::  [-0.1791565865278244, -0.13294333219528198, 0.05546429753303528]
1.7049034756858639  ::  8.59503  ::  [-0.17287024855613708, -0.13312910497188568, 0.055466171354055405]
1.7049034756858639  ::  8.610988  ::  [-0.16659057140350342, -0.1333187222480774, 0.05546574667096138]
1.7071132553257746  ::  8.626213  ::  [-0.1603109985589981, -0.13350838422775269, 0.05546259135007858]
1.7085899635686725  ::  8.642174  ::  [-0.15088313817977905, -0.13378652930259705, 0.055464260280132294]
1.7085899635686725  ::  8.658156  ::  [-0.14144891500473022, -0.1340685784816742, 0.05546284094452858]
1.7094035031318444  ::  8.674115  ::  [-0.1351747363805771, -0.13425566256046295, 0.05546581745147705]
1.7106368858855607  ::  8.689072  ::  [-0.12574733793735504, -0.13453832268714905, 0.05546567589044571]
1.7106368858855607  ::  8.704215  ::  [-0.116324283182621, -0.13481564819812775, 0.055464643985033035]
1.710015658836207  ::  8.720173  ::  [-0.1068955585360527, -0.1350974142551422, 0.05546783655881882]
1.7091861110171678  ::  8.736129  ::  [-0.09746246784925461, -0.13537858426570892, 0.05546931177377701]
1.7061685547861971  ::  8.75206  ::  [-0.08803440630435944, -0.13566038012504578, 0.055467136204242706]
1.7061685547861971  ::  8.768044  ::  [-0.07860326766967773, -0.13593734800815582, 0.055467016994953156]
1.7048671903058983  ::  8.784002  ::  [-0.06918790191411972, -0.13622228801250458, 0.05546799674630165]
1.7039552533299958  ::  8.799973  ::  [-0.05976638197898865, -0.13650333881378174, 0.05546444654464722]
1.7046569485455088  ::  8.815111  ::  [-0.050341248512268066, -0.13678543269634247, 0.05546512454748154]
1.7055317463677993  ::  8.830866  ::  [-0.03777287155389786, -0.1371576488018036, 0.05546362325549126]
1.7076405672740407  ::  8.846806  ::  [-0.03148212283849716, -0.1373470425605774, 0.0554647296667099]
1.7081014983213108  ::  8.862789  ::  [-0.018925342708826065, -0.1377192884683609, 0.05546285957098007]
1.7091853639652272  ::  8.878746  ::  [-0.01578851416707039, -0.13781538605690002, 0.05546163395047188]
1.710195271467037  ::  8.893706  ::  [-0.009497667662799358, -0.13800226151943207, 0.05546482652425766]
1.710967829895189  ::  8.909656  ::  [0.009350625798106194, -0.13856501877307892, 0.05546610802412033]
1.7108179926202718  ::  8.924955  ::  [0.009350625798106194, -0.13856501877307892, 0.05546610802412033]
1.7108179926202718  ::  8.940912  ::  [0.018781842663884163, -0.1388424187898636, 0.05546757951378822]
1.7089424653628686  ::  8.956898  ::  [0.02820632793009281, -0.13912396132946014, 0.05546818673610687]
1.7089424653628686  ::  8.972851  ::  [0.037641335278749466, -0.13940691947937012, 0.05546610802412033]
1.7068183832527004  ::  8.987845  ::  [0.05021081492304802, -0.13977906107902527, 0.055467166006565094]
1.7047302663573807  ::  9.003803  ::  [0.05648316070437431, -0.1399664431810379, 0.05546673387289047]
1.7047302663573807  ::  9.019725  ::  [0.06590817868709564, -0.14024849236011505, 0.05546656250953674]
1.703864219714964  ::  9.034685  ::  [0.07533985376358032, -0.14053019881248474, 0.055466994643211365]
1.7037220664028632  ::  9.050677  ::  [0.07847709208726883, -0.1406211405992508, 0.055464453995227814]
1.7036879154570133  ::  9.066601  ::  [0.08790084719657898, -0.14090025424957275, 0.05546192824840546]
1.7036879154570133  ::  9.081626  ::  [0.09731759876012802, -0.1411799043416977, 0.055457696318626404]
1.7037666760758798  ::  9.097158  ::  [0.10046641528606415, -0.14127454161643982, 0.055460378527641296]
1.704573385449882  ::  9.113131  ::  [0.106745146214962, -0.14145880937576294, 0.05545930564403534]
1.7053402876276273  ::  9.129089  ::  [0.11616741865873337, -0.1417350172996521, 0.05545414611697197]
1.7053402876276273  ::  9.144998  ::  [0.1255953311920166, -0.14202725887298584, 0.05546381697058678]
1.7064004610528603  ::  9.160127  ::  [0.13502292335033417, -0.14230608940124512, 0.05546414107084274]
1.706790208722374  ::  9.176085  ::  [0.1413060873746872, -0.14249524474143982, 0.055464718490839005]
1.7068791079032901  ::  9.192183  ::  [0.15073440968990326, -0.14277467131614685, 0.05546588450670242]
1.7062058006615148  ::  9.208147  ::  [0.16016219556331635, -0.14305400848388672, 0.05546724423766136]
1.704068911946653  ::  9.224069  ::  [0.175872802734375, -0.14351996779441833, 0.0554673857986927]
1.7026172833046136  ::  9.240028  ::  [0.175872802734375, -0.14351996779441833, 0.0554673857986927]
1.7026172833046136  ::  9.255984  ::  [0.1852918267250061, -0.1438090205192566, 0.055458445101976395]
1.7020040603831934  ::  9.271942  ::  [0.19471880793571472, -0.14408743381500244, 0.055459730327129364]
1.7020714017795415  ::  9.287899  ::  [0.20100778341293335, -0.1442720592021942, 0.05546490103006363]
1.7021020309091008  ::  9.303856  ::  [0.2072967290878296, -0.1444583684206009, 0.0554593987762928]
1.7028573004209162  ::  9.319839  ::  [0.21672308444976807, -0.14473803341388702, 0.05546512454748154]
1.7040828924901104  ::  9.335283  ::  [0.22615379095077515, -0.145018070936203, 0.05545942112803459]
1.705582225734634  ::  9.351241  ::  [0.23557963967323303, -0.14529968798160553, 0.05546130985021591]
1.705582225734634  ::  9.367186  ::  [0.24498708546161652, -0.1455763727426529, 0.05546240136027336]
1.706945488804286  ::  9.382887  ::  [0.25441330671310425, -0.14585980772972107, 0.05546349659562111]
1.708457308488386  ::  9.398275  ::  [0.2638435363769531, -0.14614059031009674, 0.0554654523730278]
1.7092096965141454  ::  9.414233  ::  [0.27326691150665283, -0.14642220735549927, 0.055461060255765915]
1.7092096965141454  ::  9.43019  ::  [0.2826932668685913, -0.14670103788375854, 0.055467166006565094]
1.7070643767845266  ::  9.446183  ::  [0.29212215542793274, -0.14697961509227753, 0.055466677993535995]
1.705527050612745  ::  9.462133  ::  [0.3015507161617279, -0.1472623646259308, 0.05546858161687851]
1.7034699897338075  ::  9.47809  ::  [0.3109765648841858, -0.14754264056682587, 0.0554669089615345]
1.7024499436699483  ::  9.49402  ::  [0.3235584795475006, -0.14791883528232574, 0.05546646565198898]
1.7018995798332335  ::  9.509977  ::  [0.33298131823539734, -0.1481960117816925, 0.05546635016798973]
1.7022117408226443  ::  9.525809  ::  [0.3424031138420105, -0.14847855269908905, 0.055464111268520355]
1.7032760763944026  ::  9.541252  ::  [0.35181427001953125, -0.14876095950603485, 0.05546362325549126]
1.7032760763944026  ::  9.557043  ::  [0.36124539375305176, -0.14904074370861053, 0.05546310916543007]
1.7032760763944026  ::  9.572171  ::  [0.36124539375305176, -0.14904074370861053, 0.05546310916543007]
1.7032760763944026  ::  9.587827  ::  [0.36124539375305176, -0.14904074370861053, 0.05546310916543007]
1.7032760763944026  ::  9.60387  ::  [0.36124539375305176, -0.14904074370861053, 0.05546310916543007]
1.7032760763944026  ::  9.619329  ::  [0.36124539375305176, -0.14904074370861053, 0.05546310916543007]
1.7032760763944026  ::  9.634579  ::  [0.36124539375305176, -0.14904074370861053, 0.05546310916543007]
1.703567853538009  ::  9.650444  ::  [0.36124539375305176, -0.14904074370861053, 0.05546310916543007]
1.7043687999398989  ::  9.665571  ::  [0.3643861711025238, -0.14913330972194672, 0.05546347051858902]
1.7057046355311651  ::  9.680882  ::  [0.3706677258014679, -0.14932213723659515, 0.055465150624513626]
1.707251780099879  ::  9.69692  ::  [0.3769521117210388, -0.14950904250144958, 0.055462829768657684]
1.707251780099879  ::  9.712779  ::  [0.38637590408325195, -0.14979001879692078, 0.055464185774326324]
1.7091826959225827  ::  9.728819  ::  [0.39580038189888, -0.1500687450170517, 0.055465273559093475]
1.7091826959225827  ::  9.74438  ::  [0.40522682666778564, -0.1503504365682602, 0.055465470999479294]
1.7087607182979228  ::  9.760488  ::  [0.41465380787849426, -0.15063270926475525, 0.05546711012721062]
1.7087607182979228  ::  9.775649  ::  [0.42094141244888306, -0.1508181244134903, 0.055466823279857635]
1.7076276539476412  ::  9.790825  ::  [0.4303700625896454, -0.15110068023204803, 0.05546846613287926]
1.7054422068566486  ::  9.806001  ::  [0.43665701150894165, -0.15128538012504578, 0.05547109246253967]
1.7045700770770027  ::  9.821503  ::  [0.4460846483707428, -0.1515662521123886, 0.055470749735832214]
1.7045700770770027  ::  9.837211  ::  [0.4523700475692749, -0.15175357460975647, 0.05547035485506058]
1.7031917662468352  ::  9.85257  ::  [0.4617946743965149, -0.15203408896923065, 0.055469825863838196]
1.7025312656097538  ::  9.868329  ::  [0.47435593605041504, -0.15240903198719025, 0.05546494945883751]
1.7027638122066517  ::  9.885258  ::  [0.48377883434295654, -0.15269072353839874, 0.05546409264206886]
1.7032531312276595  ::  9.900216  ::  [0.48377883434295654, -0.15269072353839874, 0.05546409264206886]
1.7036412780715866  ::  9.915467  ::  [0.49320632219314575, -0.1529695987701416, 0.05546510964632034]
1.704275952055869  ::  9.93087  ::  [0.49949291348457336, -0.15315929055213928, 0.0554627887904644]
1.7053423153400373  ::  9.946863  ::  [0.49949291348457336, -0.15315929055213928, 0.0554627887904644]
1.7064213785071936  ::  9.962471  ::  [0.5057677626609802, -0.15334546566009521, 0.05546275153756142]
1.7064213785071936  ::  9.977749  ::  [0.5120512843132019, -0.1535319983959198, 0.05546288192272186]
1.7080135596357469  ::  9.993572  ::  [0.5214873552322388, -0.15381497144699097, 0.05546117573976517]
1.7092695673910887  ::  10.008451  ::  [0.5309070348739624, -0.15409299731254578, 0.05546598508954048]
1.7092244241095431  ::  10.023684  ::  [0.5371906161308289, -0.15428054332733154, 0.055464789271354675]
1.708475878065192  ::  10.038919  ::  [0.5434845089912415, -0.1544678956270218, 0.0554632805287838]
1.708475878065192  ::  10.05413  ::  [0.5528998374938965, -0.15474939346313477, 0.055465154349803925]
1.7067178514058543  ::  10.070124  ::  [0.5591908693313599, -0.15493564307689667, 0.05547017604112625]
1.7067178514058543  ::  10.086022  ::  [0.5686136484146118, -0.15521566569805145, 0.05546687915921211]
1.7042141601882215  ::  10.101715  ::  [0.578047513961792, -0.15549635887145996, 0.05547010526061058]
1.7032651907804128  ::  10.116861  ::  [0.584327220916748, -0.15568271279335022, 0.055468544363975525]
1.7032651907804128  ::  10.132887  ::  [0.5937470197677612, -0.155964657664299, 0.055466145277023315]
1.7026614660908073  ::  10.148803  ::  [0.6000492572784424, -0.15615110099315643, 0.055465348064899445]
1.7031146064535552  ::  10.164607  ::  [0.609466552734375, -0.15643535554409027, 0.055462948977947235]
1.7031146064535552  ::  10.17975  ::  [0.6188921332359314, -0.15671406686306, 0.055460114032030106]
1.7038207839807111  ::  10.195329  ::  [0.6251639127731323, -0.15690146386623383, 0.05546336621046066]
1.7054241708883715  ::  10.210719  ::  [0.6345866918563843, -0.15718293190002441, 0.05546000227332115]
1.7082153703813796  ::  10.22632  ::  [0.6408877372741699, -0.15737223625183105, 0.05546233803033829]
1.7095313557353706  ::  10.24224  ::  [0.6502967476844788, -0.15765294432640076, 0.05546323210000992]
1.7102790480060754  ::  10.258042  ::  [0.6597191095352173, -0.15793293714523315, 0.05546192452311516]
1.7102790480060754  ::  10.273334  ::  [0.6691499948501587, -0.15821219980716705, 0.055465202778577805]
1.7102531146315707  ::  10.288912  ::  [0.6785763502120972, -0.15849171578884125, 0.05546404421329498]
1.7096110768495894  ::  10.30407  ::  [0.6848675012588501, -0.15867921710014343, 0.05546955391764641]
1.7071382282049274  ::  10.319635  ::  [0.6942946910858154, -0.15896029770374298, 0.0554702989757061]
1.7071382282049274  ::  10.334983  ::  [0.7037227153778076, -0.1592407524585724, 0.0554705485701561]
1.7042233382549188  ::  10.350612  ::  [0.7131537795066833, -0.15952058136463165, 0.05546928197145462]
1.7036100086117927  ::  10.366349  ::  [0.7225782871246338, -0.15980225801467896, 0.05546505004167557]
1.7036180127397265  ::  10.382308  ::  [0.7382888793945312, -0.16027137637138367, 0.055464014410972595]
1.703675322295731  ::  10.398265  ::  [0.7445642948150635, -0.16045746207237244, 0.05546620488166809]
1.7040416979116788  ::  10.414225  ::  [0.7445642948150635, -0.16045746207237244, 0.05546620488166809]
1.7041220593561321  ::  10.430205  ::  [0.7477058172225952, -0.16055332124233246, 0.055465180426836014]
1.7049675087093328  ::  10.446134  ::  [0.7508504390716553, -0.1606459617614746, 0.05546241253614426]
1.7058880901434035  ::  10.462147  ::  [0.7571313381195068, -0.16083434224128723, 0.05546552687883377]
1.7058880901434035  ::  10.478113  ::  [0.7634148597717285, -0.16102147102355957, 0.055464185774326324]
1.708989209470001  ::  10.49407  ::  [0.7822622060775757, -0.16158480942249298, 0.05546516180038452]
1.708989209470001  ::  10.510062  ::  [0.7822622060775757, -0.16158480942249298, 0.05546516180038452]
1.7109005952205467  ::  10.525458  ::  [0.7916900515556335, -0.16186542809009552, 0.05546630546450615]
1.7109005952205467  ::  10.541505  ::  [0.8011114597320557, -0.16214393079280853, 0.05546347051858902]
1.7094920821476431  ::  10.557504  ::  [0.8105485439300537, -0.16242513060569763, 0.055464889854192734]
1.707519758303096  ::  10.573458  ::  [0.8199679851531982, -0.1627035140991211, 0.0554659403860569]
1.707519758303096  ::  10.589386  ::  [0.8325490951538086, -0.163080632686615, 0.05546605587005615]
1.705834729290513  ::  10.605372  ::  [0.841964840888977, -0.16336357593536377, 0.05546748638153076]
1.7033314649597031  ::  10.621329  ::  [0.8513933420181274, -0.16364137828350067, 0.05546921119093895]
1.7033314649597031  ::  10.637334  ::  [0.8608180284500122, -0.16392134130001068, 0.055467892438173294]
1.7029234678785006  ::  10.653223  ::  [0.8702445030212402, -0.1642027050256729, 0.05546621233224869]
1.7041505540515758  ::  10.668907  ::  [0.8796643018722534, -0.16448260843753815, 0.0554620735347271]
1.70574625699642  ::  10.68486  ::  [0.8890911340713501, -0.1647651344537735, 0.05546287074685097]
1.70574625699642  ::  10.700793  ::  [0.8985165357589722, -0.16504773497581482, 0.05546582490205765]
1.707654120930675  ::  10.716751  ::  [0.9079403877258301, -0.16533012688159943, 0.05546607822179794]
1.7096453345171452  ::  10.732732  ::  [0.9173671007156372, -0.16561031341552734, 0.05546635389328003]
1.7096453345171452  ::  10.748264  ::  [0.920509934425354, -0.16570354998111725, 0.05546677112579346]
1.7104639967221948  ::  10.764156  ::  [0.9267948269844055, -0.16589093208312988, 0.055467382073402405]
1.7104639967221948  ::  10.779964  ::  [0.9362176656723022, -0.1661710888147354, 0.055462345480918884]
1.7102599448207407  ::  10.795419  ::  [0.9456504583358765, -0.1664501130580902, 0.05546332523226738]
1.7090479064081807  ::  10.810697  ::  [0.9550718069076538, -0.1667327582836151, 0.05546766519546509]
1.7074164516918997  ::  10.826004  ::  [0.964502215385437, -0.1670117825269699, 0.055469539016485214]
1.705088424401983  ::  10.841933  ::  [0.9707826972007751, -0.1671992838382721, 0.055465880781412125]
1.704269548753522  ::  10.857889  ::  [0.9802181720733643, -0.1674787700176239, 0.0554683580994606]
1.7035152397370588  ::  10.873846  ::  [0.9864989519119263, -0.167667418718338, 0.05547000840306282]
1.7033254885441793  ::  10.889803  ::  [0.9990736842155457, -0.16804139316082, 0.05546124279499054]
1.7033254885441793  ::  10.904948  ::  [1.0053468942642212, -0.16822928190231323, 0.0554666593670845]
1.7053870317347597  ::  10.920757  ::  [1.0147732496261597, -0.16850851476192474, 0.05546315759420395]
1.7063578790922536  ::  10.935938  ::  [1.0242056846618652, -0.1687925159931183, 0.05546533316373825]
1.7078116421684084  ::  10.95192  ::  [1.0304819345474243, -0.16898012161254883, 0.0554671585559845]
1.7093448061936647  ::  10.967853  ::  [1.0399070978164673, -0.16926218569278717, 0.055466488003730774]
1.7103828882258008  ::  10.983662  ::  [1.0493340492248535, -0.16954226791858673, 0.0554674006998539]
1.7103828882258008  ::  10.999618  ::  [1.0587587356567383, -0.16982345283031464, 0.05546746030449867]
1.7107000651353834  ::  11.015285  ::  [1.0650395154953003, -0.17001159489154816, 0.05546605587005615]
1.710258237273448  ::  11.030536  ::  [1.0744609832763672, -0.17029058933258057, 0.055463969707489014]
1.7089037253836699  ::  11.046493  ::  [1.0807503461837769, -0.17047637701034546, 0.05546800047159195]
1.7074818720975438  ::  11.062451  ::  [1.0901823043823242, -0.1707572489976883, 0.055469777435064316]
1.7058992959225106  ::  11.078408  ::  [1.0996216535568237, -0.17103874683380127, 0.05546953156590462]
1.7050587557677759  ::  11.093638  ::  [1.1090466976165771, -0.17131981253623962, 0.055465660989284515]
1.7050587557677759  ::  11.1089  ::  [1.1184709072113037, -0.17160026729106903, 0.05546481907367706]
1.7044396631525378  ::  11.124584  ::  [1.127892255783081, -0.17188216745853424, 0.05546354502439499]
1.70525597748006  ::  11.140511  ::  [1.13730788230896, -0.17216214537620544, 0.05546434968709946]
1.7060318442810911  ::  11.156505  ::  [1.1467366218566895, -0.1724449098110199, 0.05546724051237106]
1.7060318442810911  ::  11.172002  ::  [1.1530239582061768, -0.17263256013393402, 0.05546677112579346]
1.7074147441446073  ::  11.18773  ::  [1.1624457836151123, -0.17291377484798431, 0.05546668544411659]
1.7103725362203401  ::  11.203668  ::  [1.1718711853027344, -0.17319512367248535, 0.05546718090772629]
1.710811589317925  ::  11.219412  ::  [1.1844388246536255, -0.1735699623823166, 0.05546795576810837]
1.710811589317925  ::  11.235369  ::  [1.1907223463058472, -0.17375822365283966, 0.055466633290052414]
1.7108194867241528  ::  11.250549  ::  [1.2001452445983887, -0.1740349680185318, 0.055464837700128555]
1.7092263451002472  ::  11.266506  ::  [1.2095718383789062, -0.17431733012199402, 0.05546675994992256]
1.7092263451002472  ::  11.282127  ::  [1.2190049886703491, -0.17459718883037567, 0.05546821281313896]
1.7079327713044703  ::  11.297585  ::  [1.2284375429153442, -0.17487947642803192, 0.05546317249536514]
1.706407504685442  ::  11.313694  ::  [1.237851619720459, -0.17516107857227325, 0.05546502396464348]
1.7048989933742211  ::  11.329259  ::  [1.2472825050354004, -0.17543983459472656, 0.05546917766332626]
1.7038350846892858  ::  11.344821  ::  [1.2567036151885986, -0.17572054266929626, 0.05546420067548752]
1.7041546094763955  ::  11.360778  ::  [1.275559663772583, -0.17628587782382965, 0.05546693131327629]
1.7049777539930877  ::  11.376226  ::  [1.275559663772583, -0.17628587782382965, 0.05546693131327629]
1.7058714415573017  ::  11.391682  ::  [1.2849853038787842, -0.17656587064266205, 0.055467016994953156]
1.7076044953374867  ::  11.406624  ::  [1.291282057762146, -0.176753968000412, 0.05546540766954422]
1.7081957335875158  ::  11.422602  ::  [1.3006936311721802, -0.17703479528427124, 0.05546699836850166]
1.7091378728061544  ::  11.438542  ::  [1.3038393259048462, -0.17712844908237457, 0.05546625703573227]
1.7096554730791944  ::  11.454496  ::  [1.3101192712783813, -0.17731565237045288, 0.055467382073402405]
1.71039505450026  ::  11.470576  ::  [1.31326162815094, -0.17740951478481293, 0.05546776205301285]
1.7107122314098424  ::  11.486398  ::  [1.319545030593872, -0.17759762704372406, 0.05546659231185913]
1.7107122314098424  ::  11.502017  ::  [1.3289697170257568, -0.1778787225484848, 0.055465634912252426]
1.7107775450937805  ::  11.517383  ::  [1.3383945226669312, -0.1781575232744217, 0.05546636879444122]
1.7083531481035434  ::  11.533337  ::  [1.3572460412979126, -0.1787167191505432, 0.05546659603714943]
1.7069262788972455  ::  11.549459  ::  [1.3572460412979126, -0.1787167191505432, 0.05546659603714943]
1.7050414668514393  ::  11.564828  ::  [1.3666735887527466, -0.17899957299232483, 0.05546744912862778]
1.7050414668514393  ::  11.580812  ::  [1.3792436122894287, -0.17937497794628143, 0.055464062839746475]
1.7040662439040084  ::  11.596815  ::  [1.3886656761169434, -0.17965605854988098, 0.05546263977885246]
1.7042821419148042  ::  11.612756  ::  [1.3980947732925415, -0.17993591725826263, 0.05546555668115616]
1.7042821419148042  ::  11.628303  ::  [1.407523512840271, -0.18021810054779053, 0.055467672646045685]
1.7052187316047422  ::  11.644259  ::  [1.4138085842132568, -0.18040591478347778, 0.055466972291469574]
1.7061632187009081  ::  11.659458  ::  [1.4169493913650513, -0.18049971759319305, 0.055467139929533005]
1.7078076934652946  ::  11.675485  ::  [1.4232335090637207, -0.1806873381137848, 0.05546625703573227]
1.7093068132664064  ::  11.691458  ::  [1.4326574802398682, -0.1809682548046112, 0.05546676740050316]
1.7103093569705174  ::  11.707417  ::  [1.4420819282531738, -0.18124932050704956, 0.05546678975224495]
1.7104635698353716  ::  11.723373  ::  [1.4515094757080078, -0.18153026700019836, 0.05546813830733299]
1.7107799996930135  ::  11.739366  ::  [1.4546467065811157, -0.18162250518798828, 0.055465251207351685]
1.7105510816341125  ::  11.755316  ::  [1.4609359502792358, -0.18181085586547852, 0.05546819418668747]
1.7105510816341125  ::  11.771273  ::  [1.4703565835952759, -0.18209239840507507, 0.05546577647328377]
1.7078056657528846  ::  11.787203  ::  [1.4829306602478027, -0.18246382474899292, 0.055469442158937454]
1.7062401650507766  ::  11.803193  ::  [1.4923559427261353, -0.18274541199207306, 0.055468589067459106]
1.7048031572824294  ::  11.819316  ::  [1.5017836093902588, -0.18302710354328156, 0.05546625703573227]
1.7039138453081526  ::  11.83528  ::  [1.511221170425415, -0.18330608308315277, 0.0554647371172905]
1.7038041353946092  ::  11.85123  ::  [1.5206351280212402, -0.18358749151229858, 0.055466942489147186]
1.7044240817834937  ::  11.867183  ::  [1.5300620794296265, -0.18387067317962646, 0.055467937141656876]
1.7062004645762259  ::  11.883145  ::  [1.539487361907959, -0.18415150046348572, 0.055467307567596436]
1.7077340554883054  ::  11.898411  ::  [1.5520539283752441, -0.1845267415046692, 0.05546675994992256]
1.7092130048870247  ::  11.914368  ::  [1.5614776611328125, -0.184808149933815, 0.05546633526682854]
1.7092130048870247  ::  11.930325  ::  [1.5709037780761719, -0.1850891262292862, 0.055466800928115845]
1.7111390115112624  ::  11.945896  ::  [1.5803302526474, -0.185370072722435, 0.055467985570430756]
1.7114329230889844  ::  11.960832  ::  [1.5897568464279175, -0.18565130233764648, 0.05546879395842552]
1.7104867284455263  ::  11.976792  ::  [1.5991841554641724, -0.18593347072601318, 0.055468134582042694]
1.7102118133314332  ::  11.992746  ::  [1.608596682548523, -0.18621155619621277, 0.05546547472476959]
1.7095001929972824  ::  12.008731  ::  [1.6148912906646729, -0.18640221655368805, 0.055467117577791214]
1.7095001929972824  ::  12.024661  ::  [1.6211706399917603, -0.18658870458602905, 0.055467259138822556]
1.7064734586996149  ::  12.040618  ::  [1.630598545074463, -0.1868659257888794, 0.05546468868851662]
1.7054241708883715  ::  12.056575  ::  [1.6400247812271118, -0.18714769184589386, 0.055465131998062134]
1.7051454137928705  ::  12.072535  ::  [1.6494543552398682, -0.18743053078651428, 0.05546686798334122]
1.705296531728257  ::  12.087492  ::  [1.6588857173919678, -0.1877128630876541, 0.055465977638959885]
1.7058034598307188  ::  12.103449  ::  [1.6651664972305298, -0.1878993958234787, 0.05546746030449867]
1.7058034598307188  ::  12.11841  ::  [1.6714569330215454, -0.18808750808238983, 0.05546661838889122]
1.7066806055305366  ::  12.134367  ::  [1.680875539779663, -0.1883687525987625, 0.05546695739030838]
1.709653231923373  ::  12.150359  ::  [1.690312385559082, -0.1886506974697113, 0.05546509847044945]
1.709653231923373  ::  12.166305  ::  [1.6997253894805908, -0.18893122673034668, 0.05546693503856659]
1.7121282150021506  ::  12.182287  ::  [1.7091525793075562, -0.18921267986297607, 0.05546773225069046]
1.7123171124213838  ::  12.197682  ::  [1.7185840606689453, -0.18949368596076965, 0.05546793341636658]
1.7121244797424484  ::  12.213639  ::  [1.728005051612854, -0.18977504968643188, 0.05546889454126358]
1.711416061059471  ::  12.229638  ::  [1.734285593032837, -0.18996058404445648, 0.055465660989284515]
1.710241695409052  ::  12.245596  ::  [1.7405725717544556, -0.1901484727859497, 0.05546819418668747]
1.7085859081438528  ::  12.261558  ::  [1.750001311302185, -0.1904306411743164, 0.05546947568655014]
1.7072143207811497  ::  12.277513  ::  [1.7594175338745117, -0.19071078300476074, 0.05546531826257706]
1.705730142018847  ::  12.29347  ::  [1.7688475847244263, -0.19099067151546478, 0.055463775992393494]
1.705889370803873  ::  12.309339  ::  [1.7782729864120483, -0.19127008318901062, 0.05546442046761513]
1.7052336726435517  ::  12.325207  ::  [1.781416654586792, -0.1913655549287796, 0.055463582277297974]
1.7052336726435517  ::  12.340953  ::  [1.7877066135406494, -0.19155611097812653, 0.05546695739030838]
1.7058760305906502  ::  12.356073  ::  [1.7971361875534058, -0.19183629751205444, 0.05546722933650017]
1.7058760305906502  ::  12.371038  ::  [1.8065581321716309, -0.19211770594120026, 0.05546730011701584]
1.707305461117887  ::  12.386924  ::  [1.8159815073013306, -0.1923993080854416, 0.05546656250953674]
1.7104410515554518  ::  12.402883  ::  [1.8254075050354004, -0.19268082082271576, 0.05546677112579346]
1.7116928971642682  ::  12.418839  ::  [1.8348324298858643, -0.19296222925186157, 0.055466972291469574]
1.7122275729102332  ::  12.434777  ::  [1.8442633152008057, -0.19324348866939545, 0.05546789616346359]
1.7116837190975709  ::  12.450802  ::  [1.853695034980774, -0.1935243010520935, 0.05546818673610687]
1.710780746744954  ::  12.466111  ::  [1.8631072044372559, -0.1938028782606125, 0.05546588823199272]
1.710780746744954  ::  12.481109  ::  [1.8725327253341675, -0.19408516585826874, 0.055467091500759125]
1.707871406323646  ::  12.49707  ::  [1.8819572925567627, -0.1943640112876892, 0.05546708032488823]
1.707871406323646  ::  12.513035  ::  [1.8913872241973877, -0.19464822113513947, 0.055465541779994965]
1.7061942747172905  ::  12.528972  ::  [1.9008169174194336, -0.194928839802742, 0.055465538054704666]
1.7048565181353201  ::  12.544124  ::  [1.907097339630127, -0.1951161026954651, 0.055466677993535995]
1.705057688550718  ::  12.560062  ::  [1.9165208339691162, -0.19539602100849152, 0.05546300485730171]
1.705057688550718  ::  12.57602  ::  [1.9259533882141113, -0.19567836821079254, 0.055467963218688965]
1.705606131396729  ::  12.590984  ::  [1.9353786706924438, -0.19595986604690552, 0.05546700209379196]
1.708175669906829  ::  12.606939  ::  [1.944805383682251, -0.1962415874004364, 0.05546635389328003]
1.7085421522444824  ::  12.622896  ::  [1.954234004020691, -0.19652315974235535, 0.05546562373638153]
1.7085421522444824  ::  12.637855  ::  [1.957370400428772, -0.19661681354045868, 0.05546634644269943]
1.7090265620670244  ::  12.652815  ::  [1.9605112075805664, -0.19671037793159485, 0.0554664246737957]
1.7106970769276215  ::  12.668774  ::  [1.9699385166168213, -0.19699178636074066, 0.055467382073402405]
1.7122097503853677  ::  12.683732  ::  [1.9793645143508911, -0.19727270305156708, 0.0554683618247509]
1.7122097503853677  ::  12.699281  ::  [1.9856486320495605, -0.19746002554893494, 0.05546893924474716]
1.711228017413884  ::  12.715239  ::  [1.9950751066207886, -0.19774101674556732, 0.05546918883919716]
1.711228017413884  ::  12.731199  ::  [2.004495143890381, -0.19802063703536987, 0.055465079843997955]
1.7101486340816106  ::  12.747158  ::  [2.0139315128326416, -0.19830483198165894, 0.05546692758798599]
1.7077250908650197  ::  12.762988  ::  [2.023362159729004, -0.19858525693416595, 0.05546555668115616]
1.7077250908650197  ::  12.777943  ::  [2.0327765941619873, -0.19886314868927002, 0.05546814948320389]
1.7059847800088415  ::  12.793871  ::  [2.0422048568725586, -0.19914667308330536, 0.055467672646045685]
1.705978696871612  ::  12.809828  ::  [2.0484883785247803, -0.1993347406387329, 0.05546676367521286]
1.705978696871612  ::  12.825815  ::  [2.0547738075256348, -0.199523463845253, 0.055465955287218094]
1.706420524733547  ::  12.841743  ::  [2.064199686050415, -0.19980327785015106, 0.055467136204242706]
1.7073139988543495  ::  12.857518  ::  [2.0673537254333496, -0.19989754259586334, 0.05546550452709198]
1.7073139988543495  ::  12.873474  ::  [2.0736241340637207, -0.20008501410484314, 0.055466435849666595]
1.7095887720130811  ::  12.889552  ::  [2.0799102783203125, -0.2002725452184677, 0.05546679347753525]
1.710195271467037  ::  12.905538  ::  [2.0893442630767822, -0.20055441558361053, 0.055463843047618866]
1.710195271467037  ::  12.921189  ::  [2.0956170558929443, -0.2007419466972351, 0.05546712875366211]
1.711730143039586  ::  12.937171  ::  [2.1050431728363037, -0.20102301239967346, 0.05546810105443001]
1.7125321566585334  ::  12.952295  ::  [2.111334800720215, -0.2012103945016861, 0.05546741560101509]
1.7125321566585334  ::  12.967736  ::  [2.1238956451416016, -0.2015848457813263, 0.055469218641519547]
1.711897589395957  ::  12.983191  ::  [2.133315086364746, -0.20186546444892883, 0.05546542629599571]
1.7100747826612097  ::  12.998412  ::  [2.142742872238159, -0.2021443098783493, 0.0554671436548233]
1.7086530360967893  ::  13.013931  ::  [2.1490232944488525, -0.20233246684074402, 0.05546531453728676]
1.70810000421743  ::  13.02933  ::  [2.158454418182373, -0.20261558890342712, 0.05546737462282181]
1.70810000421743  ::  13.044545  ::  [2.164735794067383, -0.2028043121099472, 0.055465083569288254]
1.7067944775906054  ::  13.060387  ::  [2.1741714477539062, -0.20308557152748108, 0.05546499788761139]
1.7067875406797297  ::  13.076484  ::  [2.183594226837158, -0.20336632430553436, 0.05546792596578598]
1.7074091946159065  ::  13.092417  ::  [2.1930201053619385, -0.2036474645137787, 0.055467355996370316]
1.7084199558913626  ::  13.10854  ::  [2.2024528980255127, -0.20392999053001404, 0.055465780198574066]
1.7099885515229385  ::  13.124498  ::  [2.211867570877075, -0.2042100876569748, 0.055465321987867355]
1.7107277060571806  ::  13.140032  ::  [2.221294403076172, -0.20449282228946686, 0.055466607213020325]
1.7111564071493048  ::  13.156003  ::  [2.227579355239868, -0.2046801596879959, 0.0554671511054039]
1.7111564071493048  ::  13.171938  ::  [2.230720043182373, -0.20477397739887238, 0.05546717718243599]
1.7126926661040287  ::  13.187896  ::  [2.2432892322540283, -0.2051491141319275, 0.0554683580994606]
1.7126926661040287  ::  13.203881  ::  [2.2527153491973877, -0.2054300457239151, 0.05546879395842552]
1.7123987545263066  ::  13.219811  ::  [2.2621421813964844, -0.2057112157344818, 0.055469267070293427]
1.711486817550404  ::  13.235768  ::  [2.271566867828369, -0.20599286258220673, 0.05546798184514046]
1.7087443898769383  ::  13.25122  ::  [2.280996561050415, -0.20627351105213165, 0.05546955019235611]
1.7087443898769383  ::  13.267177  ::  [2.2904200553894043, -0.20655225217342377, 0.055467091500759125]
1.7058548996929055  ::  13.283169  ::  [2.2998428344726562, -0.20683571696281433, 0.05546463280916214]
1.7058548996929055  ::  13.299116  ::  [2.3124189376831055, -0.20721065998077393, 0.05546912923455238]
1.705989902650719  ::  13.315048  ::  [2.3187122344970703, -0.20739881694316864, 0.05546701326966286]
1.7070594675860606  ::  13.331006  ::  [2.3281359672546387, -0.207680344581604, 0.055466197431087494]
1.7070594675860606  ::  13.346997  ::  [2.337550163269043, -0.20796170830726624, 0.055466778576374054]
1.7084582689837382  ::  13.362956  ::  [2.3469743728637695, -0.20824357867240906, 0.055466458201408386]
1.7104033787933108  ::  13.378541  ::  [2.359541416168213, -0.20861858129501343, 0.05546673759818077]
1.7119027120378345  ::  13.394525  ::  [2.3689684867858887, -0.20889993011951447, 0.05546761304140091]
1.7125904267098901  ::  13.410437  ::  [2.3752520084381104, -0.20908726751804352, 0.05546858161687851]
1.712600245106822  ::  13.426394  ::  [2.3815364837646484, -0.20927441120147705, 0.055468522012233734]
1.7122020664225515  ::  13.442351  ::  [2.384678840637207, -0.20936784148216248, 0.055468954145908356]
1.7108143640822753  ::  13.457923  ::  [2.3941056728363037, -0.20964887738227844, 0.055469512939453125]
1.7108143640822753  ::  13.473814  ::  [2.403531074523926, -0.20992811024188995, 0.05546901375055313]
1.7097540839353365  ::  13.489691  ::  [2.4098093509674072, -0.21011652052402496, 0.05546564236283302]
1.7073184811659923  ::  13.505438  ::  [2.416093111038208, -0.21030323207378387, 0.055465180426836014]
1.7063420842797978  ::  13.520401  ::  [2.4255168437957764, -0.21058398485183716, 0.05546388402581215]
1.7057759256306273  ::  13.536356  ::  [2.4349539279937744, -0.21086537837982178, 0.055467989295721054]
1.7054839350436093  ::  13.552314  ::  [2.4412381649017334, -0.2110542505979538, 0.0554678849875927]
1.7054839350436093  ::  13.567684  ::  [2.444380760192871, -0.2111481875181198, 0.0554688386619091]
1.705537722783323  ::  13.58331  ::  [2.4538159370422363, -0.21143017709255219, 0.05546470731496811]
1.705537722783323  ::  13.598651  ::  [2.4600887298583984, -0.21161766350269318, 0.05546718090772629]
1.7084634983473215  ::  13.614677  ::  [2.4695143699645996, -0.21189889311790466, 0.05546658858656883]
1.7084634983473215  ::  13.630366  ::  [2.482081651687622, -0.21227432787418365, 0.055466387420892715]
1.7099268663769966  ::  13.64549  ::  [2.491506338119507, -0.21255558729171753, 0.055466428399086]
1.710269976661084  ::  13.660621  ::  [2.4946470260620117, -0.21264910697937012, 0.0554671511054039]
1.7108783971057442  ::  13.676505  ::  [2.500934600830078, -0.21283692121505737, 0.05546725541353226]
1.7113287627041418  ::  13.69199  ::  [2.510361671447754, -0.21311768889427185, 0.05546806752681732]
1.711198348779677  ::  13.707964  ::  [2.5166423320770264, -0.21330441534519196, 0.05546917766332626]
1.7096313539736878  ::  13.72329  ::  [2.5260677337646484, -0.21358686685562134, 0.05546744912862778]
1.7096313539736878  ::  13.738466  ::  [2.5354878902435303, -0.2138659507036209, 0.05546483397483826]
1.7065420807564322  ::  13.754427  ::  [2.544912576675415, -0.2141462117433548, 0.05546402186155319]
1.7053520270152633  ::  13.769579  ::  [2.554342031478882, -0.21442757546901703, 0.05546676740050316]
1.7051116897338434  ::  13.785033  ::  [2.5637810230255127, -0.2147105485200882, 0.05546607822179794]
1.7045486260141405  ::  13.800996  ::  [2.5669186115264893, -0.21480239927768707, 0.055469051003456116]
1.7045486260141405  ::  13.81639  ::  [2.5763442516326904, -0.2150842249393463, 0.0554674006998539]
1.7047189538565677  ::  13.832312  ::  [2.585779905319214, -0.21536514163017273, 0.05546458810567856]
1.7066358891358142  ::  13.848269  ::  [2.5920522212982178, -0.21555262804031372, 0.055466800928115845]
1.7066358891358142  ::  13.86425  ::  [2.6046195030212402, -0.21592798829078674, 0.05546656623482704]
1.7091617784682496  ::  13.880239  ::  [2.6140434741973877, -0.21620917320251465, 0.05546625331044197]
1.7106454236220232  ::  13.896176  ::  [2.6203269958496094, -0.2163967490196228, 0.05546644330024719]
1.7116000492802383  ::  13.912134  ::  [2.6297528743743896, -0.21667827665805817, 0.055467281490564346]
1.7116000492802383  ::  13.927406  ::  [2.6391799449920654, -0.2169589400291443, 0.05546814575791359]
1.7116227810035698  ::  13.943391  ::  [2.6486074924468994, -0.21723975241184235, 0.0554693341255188]
1.7104154383460641  ::  13.959227  ::  [2.658033847808838, -0.21751974523067474, 0.05546857416629791]
1.7089575131233838  ::  13.975183  ::  [2.6674554347991943, -0.21780206263065338, 0.05546591430902481]
1.7089575131233838  ::  13.991141  ::  [2.6768972873687744, -0.21807995438575745, 0.055466167628765106]
1.7072218980222602  ::  14.006122  ::  [2.686307907104492, -0.21836334466934204, 0.05546766519546509]
1.7050798866655206  ::  14.021549  ::  [2.695740222930908, -0.2186443954706192, 0.05546928569674492]
1.7046596165881533  ::  14.03755  ::  [2.705160617828369, -0.2189226746559143, 0.05546540766954422]
1.7055960995563855  ::  14.053508  ::  [2.714590549468994, -0.21920697391033173, 0.05546770244836807]
1.7055960995563855  ::  14.069465  ::  [2.7240161895751953, -0.2194884568452835, 0.05546718090772629]
1.7082823916126104  ::  14.085258  ::  [2.7334415912628174, -0.21977007389068604, 0.05546634644269943]
1.7082823916126104  ::  14.101517  ::  [2.7428646087646484, -0.2200516015291214, 0.055466268211603165]
1.711167506206706  ::  14.117481  ::  [2.7522904872894287, -0.22033308446407318, 0.05546671524643898]
1.7120525493127516  ::  14.133443  ::  [2.761723041534424, -0.22061416506767273, 0.05546731501817703]
1.7120525493127516  ::  14.149414  ::  [2.771143674850464, -0.22089481353759766, 0.05546840280294418]
1.7123973671441315  ::  14.165334  ::  [2.780571222305298, -0.22117619216442108, 0.05546906590461731]
1.7117797686327743  ::  14.181345  ::  [2.7868566513061523, -0.22136390209197998, 0.05546577274799347]
1.710117684786934  ::  14.196574  ::  [2.80570387840271, -0.22192421555519104, 0.05546776205301285]
1.7092405390871162  ::  14.212478  ::  [2.80570387840271, -0.22192421555519104, 0.05546776205301285]
1.7081935991534003  ::  14.227697  ::  [2.8119826316833496, -0.22211356461048126, 0.05546485632658005]
1.7081935991534003  ::  14.243659  ::  [2.8182716369628906, -0.22230057418346405, 0.055463358759880066]
1.7056924692567061  ::  14.259574  ::  [2.827694892883301, -0.22258110344409943, 0.055465228855609894]
1.7056924692567061  ::  14.274422  ::  [2.8371269702911377, -0.22286301851272583, 0.05546731874346733]
1.7057430553452466  ::  14.290379  ::  [2.843423366546631, -0.22305060923099518, 0.055464714765548706]
1.7061181821410685  ::  14.305594  ::  [2.8528378009796143, -0.22333203256130219, 0.05546712130308151]
1.7087231522574877  ::  14.321551  ::  [2.86226224899292, -0.22361357510089874, 0.05546683818101883]
1.7102412685222288  ::  14.337546  ::  [2.8716881275177, -0.22389563918113708, 0.05546671152114868]
1.7115358028133578  ::  14.352902  ::  [2.8811140060424805, -0.22417742013931274, 0.055466942489147186]
1.7119335546108052  ::  14.368722  ::  [2.8905410766601562, -0.22445860505104065, 0.05546661466360092]
1.7119335546108052  ::  14.384625  ::  [2.893681526184082, -0.22455233335494995, 0.05546765774488449]
1.7124023830643031  ::  14.400296  ::  [2.903107166290283, -0.22483332455158234, 0.05546797066926956]
1.7118997238300726  ::  14.416282  ::  [2.9093916416168213, -0.22502075135707855, 0.05546857416629791]
1.7118997238300726  ::  14.432239  ::  [2.9188127517700195, -0.22530151903629303, 0.05546628683805466]
1.710863882953758  ::  14.448196  ::  [2.9282431602478027, -0.22558119893074036, 0.05546372011303902]
1.7084771587256615  ::  14.463352  ::  [2.9376626014709473, -0.225862517952919, 0.05546535551548004]
1.7084771587256615  ::  14.478545  ::  [2.9439468383789062, -0.22605200111865997, 0.05546408146619797]
1.7061761320273077  ::  14.494489  ::  [2.953383445739746, -0.22633180022239685, 0.055467598140239716]
1.7061231980612401  ::  14.509783  ::  [2.9596638679504395, -0.22652116417884827, 0.055467117577791214]
1.7057842499236782  ::  14.525712  ::  [2.9659416675567627, -0.22670455276966095, 0.05546250939369202]
1.7053670747757785  ::  14.541204  ::  [2.969089984893799, -0.22679975628852844, 0.055467404425144196]
1.7053670747757785  ::  14.556463  ::  [2.978522777557373, -0.22708198428153992, 0.0554664209485054]
1.705867279410776  ::  14.572427  ::  [2.987941265106201, -0.2273634672164917, 0.05546674132347107]
1.7085842005965604  ::  14.587361  ::  [2.9973678588867188, -0.22764532268047333, 0.055467020720243454]
1.7096329547992746  ::  14.603235  ::  [3.006791830062866, -0.2279256284236908, 0.05546502396464348]
1.7111546996020124  ::  14.618653  ::  [3.0130748748779297, -0.22811433672904968, 0.055466797202825546]
1.7123977940309547  ::  14.634562  ::  [3.0225002765655518, -0.2283954620361328, 0.05546746030449867]
1.7127118760110693  ::  14.649779  ::  [3.0319254398345947, -0.2286769151687622, 0.05546807870268822]
1.7123905369549615  ::  14.665059  ::  [3.0413520336151123, -0.22895832359790802, 0.05546816810965538]
1.7123905369549615  ::  14.680619  ::  [3.0476367473602295, -0.22914522886276245, 0.05546911805868149]
1.710642648857673  ::  14.69649  ::  [3.053922176361084, -0.22933238744735718, 0.05546959489583969]
1.7096806594017588  ::  14.712421  ::  [3.0633411407470703, -0.22961395978927612, 0.055465202778577805]
1.7096806594017588  ::  14.728397  ::  [3.069629192352295, -0.22980044782161713, 0.05546864494681358]
1.7071047175893121  ::  14.743603  ::  [3.0790481567382812, -0.23008111119270325, 0.05546537786722183]
1.7067350336004852  ::  14.759585  ::  [3.0884833335876465, -0.2303636223077774, 0.05546801909804344]
1.7067350336004852  ::  14.775528  ::  [3.094766855239868, -0.2305496335029602, 0.05546757951378822]
1.7061444356806905  ::  14.79046  ::  [3.10105299949646, -0.2307378351688385, 0.05546893924474716]
1.706245821301183  ::  14.806441  ::  [3.10418963432312, -0.230830579996109, 0.05546485632658005]
1.706245821301183  ::  14.822373  ::  [3.107332944869995, -0.2309257537126541, 0.055466655641794205]
1.707016885625454  ::  14.837433  ::  [3.1167593002319336, -0.23120716214179993, 0.0554664209485054]
1.7081356492671609  ::  14.853402  ::  [3.123044490814209, -0.23139554262161255, 0.0554669089615345]
1.7081356492671609  ::  14.868975  ::  [3.1324682235717773, -0.2316776067018509, 0.05546461045742035]
1.7095483244865899  ::  14.884385  ::  [3.141897201538086, -0.23195838928222656, 0.05546616017818451]
1.711581159538315  ::  14.900343  ::  [3.1481752395629883, -0.23214752972126007, 0.055465277284383774]
1.712476768093233  ::  14.915303  ::  [3.1575989723205566, -0.23242701590061188, 0.055465567857027054]
1.7126498707000104  ::  14.93126  ::  [3.167026996612549, -0.23270605504512787, 0.055466603487730026]
1.7126498707000104  ::  14.946546  ::  [3.176455020904541, -0.2329891473054886, 0.055468663573265076]
1.711520648331137  ::  14.96252  ::  [3.185878038406372, -0.2332688271999359, 0.055465053766965866]
1.7104392372864534  ::  14.978206  ::  [3.1953067779541016, -0.23355169594287872, 0.05546756088733673]
1.7104392372864534  ::  14.994193  ::  [3.201584815979004, -0.23373927175998688, 0.05546414479613304]
1.707954435810744  ::  15.009315  ::  [3.21101713180542, -0.23401840031147003, 0.05546749383211136]
1.7066308732156426  ::  15.024607  ::  [3.2204391956329346, -0.2343014031648636, 0.05546504631638527]
1.7064591579910402  ::  15.03994  ::  [3.229881763458252, -0.23458318412303925, 0.0554656945168972]
1.7067688643812178  ::  15.054959  ::  [3.239295482635498, -0.23486414551734924, 0.0554671548306942]
1.7070410047309605  ::  15.070787  ::  [3.2424402236938477, -0.23495838046073914, 0.0554659441113472]
1.7070410047309605  ::  15.086718  ::  [3.2487196922302246, -0.2351439893245697, 0.055466216057538986]
1.7094577177583814  ::  15.102431  ::  [3.258152961730957, -0.2354273796081543, 0.05546434968709946]
1.7094577177583814  ::  15.118157  ::  [3.267580032348633, -0.23570899665355682, 0.05546308308839798]
1.7116492479866035  ::  15.133284  ::  [3.2738521099090576, -0.23589730262756348, 0.055466439574956894]
1.7128467722471772  ::  15.1486  ::  [3.2801365852355957, -0.23608404397964478, 0.0554657019674778]
1.7128467722471772  ::  15.164233  ::  [3.289562940597534, -0.23636655509471893, 0.055467113852500916]
1.713304928530097  ::  15.180213  ::  [3.2989859580993652, -0.23664650321006775, 0.055466651916503906]
1.7129153943039948  ::  15.196148  ::  [3.3052825927734375, -0.2368333637714386, 0.055464111268520355]
1.7123362156067188  ::  15.211564  ::  [3.3146960735321045, -0.23711447417736053, 0.0554664321243763]
1.7123362156067188  ::  15.227544  ::  [3.3209848403930664, -0.23730233311653137, 0.055467475205659866]
1.7099987968066934  ::  15.243479  ::  [3.3304080963134766, -0.23758572340011597, 0.05546562373638153]
1.7099987968066934  ::  15.259321  ::  [3.3366899490356445, -0.2377733290195465, 0.05546731501817703]
1.708353895155484  ::  15.274314  ::  [3.342970848083496, -0.23795944452285767, 0.05546286329627037]
