1.4342076042309202  ::  0.015985  ::  [-4.6497416496276855, 9.926181519404054e-05, 0.055466391146183014]
1.4342076042309202  ::  0.031937  ::  [-4.649742126464844, 9.922582103172317e-05, 0.05546644702553749]
1.4641220185265778  ::  0.047899  ::  [-4.647879123687744, 5.09161181980744e-05, 0.056710075587034225]
1.5157996566737175  ::  0.063852  ::  [-4.640178680419922, -0.00017330321134068072, 0.05646771937608719]
1.5311215852510542  ::  0.079814  ::  [-4.622003078460693, -0.0005491756601259112, 0.05702885612845421]
1.6784813157684928  ::  0.095774  ::  [-4.613502502441406, -0.000688438187353313, 0.055894382297992706]
1.6784813157684928  ::  0.1117  ::  [-4.601107597351074, -0.0007999892113730311, 0.05550242215394974]
1.6739166149688085  ::  0.127291  ::  [-4.594394207000732, -0.0009961321484297514, 0.05557076632976532]
1.673336795941298  ::  0.142969  ::  [-4.5754899978637695, -0.0015451745130121708, 0.05546677112579346]
1.6719871932499857  ::  0.158991  ::  [-4.5754899978637695, -0.0015451745130121708, 0.05546677112579346]
1.6709706690024175  ::  0.174938  ::  [-4.566075325012207, -0.0018198732286691666, 0.05546742305159569]
1.6709706690024175  ::  0.190211  ::  [-4.559781551361084, -0.002001941204071045, 0.05546880513429642]
1.669401966649136  ::  0.206174  ::  [-4.550364971160889, -0.0022784320171922445, 0.05546373501420021]
1.6686567289776641  ::  0.221669  ::  [-4.54093074798584, -0.002554674632847309, 0.05546829476952553]
1.668186513141991  ::  0.237638  ::  [-4.5346527099609375, -0.002737217117100954, 0.05546523258090019]
1.6687288728507723  ::  0.253618  ::  [-4.528364658355713, -0.0029225496109575033, 0.055468179285526276]
1.6687288728507723  ::  0.268577  ::  [-4.522083282470703, -0.0031058802269399166, 0.05546582490205765]
1.668917556826594  ::  0.284517  ::  [-4.515800476074219, -0.0032865642569959164, 0.05546429008245468]
1.6697361123099377  ::  0.300094  ::  [-4.506373882293701, -0.0035631731152534485, 0.05546396225690842]
1.6712088718497216  ::  0.316051  ::  [-4.496946811676025, -0.003839207114651799, 0.05546730011701584]
1.6730226072394774  ::  0.331579  ::  [-4.487524032592773, -0.004111085552722216, 0.05546366050839424]
1.674412123848752  ::  0.347116  ::  [-4.481232166290283, -0.004298011772334576, 0.05546199157834053]
1.674412123848752  ::  0.363127  ::  [-4.474958419799805, -0.004482128657400608, 0.05546548217535019]
1.6750313231856957  ::  0.37919  ::  [-4.465525150299072, -0.004754140041768551, 0.0554673932492733]
1.6750313231856957  ::  0.3949  ::  [-4.456099987030029, -0.005030310247093439, 0.055466458201408386]
1.6730640152613205  ::  0.410866  ::  [-4.446677207946777, -0.005306908395141363, 0.055467452853918076]
1.6725507905782175  ::  0.426414  ::  [-4.437246322631836, -0.005580763798207045, 0.055469147861003876]
1.6713837887254974  ::  0.442372  ::  [-4.434105396270752, -0.005670278333127499, 0.05546783283352852]
1.6713837887254974  ::  0.457643  ::  [-4.427820205688477, -0.005856772419065237, 0.05546816438436508]
1.6690486110812934  ::  0.473582  ::  [-4.418394088745117, -0.006130832713097334, 0.05546914041042328]
1.6684898162298218  ::  0.489544  ::  [-4.412106037139893, -0.006311702076345682, 0.05546946078538895]
1.6677209930613723  ::  0.504733  ::  [-4.4058308601379395, -0.006496100220829248, 0.05546611174941063]
1.6677209930613723  ::  0.519996  ::  [-4.399542808532715, -0.00668067391961813, 0.05546611547470093]
1.6676730750154765  ::  0.536045  ::  [-4.393261432647705, -0.006864295341074467, 0.0554671511054039]
1.6678230190120993  ::  0.551963  ::  [-4.39011287689209, -0.006956270430237055, 0.05546491965651512]
1.6691958870352719  ::  0.567897  ::  [-4.38383674621582, -0.007137772627174854, 0.05546683818101883]
1.6691958870352719  ::  0.583173  ::  [-4.3744072914123535, -0.007415459956973791, 0.05546828359365463]
1.6720963695550002  ::  0.599126  ::  [-4.364989280700684, -0.007689619902521372, 0.05546386167407036]
1.6720963695550002  ::  0.615084  ::  [-4.358705997467041, -0.007873626425862312, 0.055464550852775574]
1.6732663596154822  ::  0.63109  ::  [-4.35242223739624, -0.008058322593569756, 0.05546471104025841]
1.6741813915208523  ::  0.646489  ::  [-4.346134185791016, -0.008242135867476463, 0.055462777614593506]
1.674795895102742  ::  0.662035  ::  [-4.339851379394531, -0.008423776365816593, 0.055465660989284515]
1.6745750878934802  ::  0.677997  ::  [-4.330425262451172, -0.008697827346622944, 0.05546464025974274]
1.6728506785714634  ::  0.693935  ::  [-4.320981502532959, -0.008973977528512478, 0.05546804890036583]
1.6723512209884062  ::  0.708939  ::  [-4.311570167541504, -0.009248885326087475, 0.05546730011701584]
1.6708689632168077  ::  0.725068  ::  [-4.305286884307861, -0.00943007506430149, 0.055465973913669586]
1.6699130568981233  ::  0.741025  ::  [-4.29585599899292, -0.009705880656838417, 0.05546921491622925]
1.6699130568981233  ::  0.756491  ::  [-4.289568901062012, -0.009889158420264721, 0.05546703562140465]
1.6686056092805948  ::  0.771829  ::  [-4.28014612197876, -0.010163027793169022, 0.05546879768371582]
1.6682535343732217  ::  0.787786  ::  [-4.270719051361084, -0.010439875535666943, 0.0554700642824173]
1.6686310090465708  ::  0.80302  ::  [-4.264441013336182, -0.010623084381222725, 0.055465832352638245]
1.6686310090465708  ::  0.818337  ::  [-4.2550129890441895, -0.010901755653321743, 0.05546458810567856]
1.6693752862226905  ::  0.834328  ::  [-4.248734951019287, -0.01108108926564455, 0.05546209216117859]
1.6716601979434713  ::  0.850285  ::  [-4.23930549621582, -0.011357137933373451, 0.05546609312295914]
1.67299496631768  ::  0.866042  ::  [-4.2330193519592285, -0.01154241431504488, 0.05546258017420769]
1.67299496631768  ::  0.881999  ::  [-4.226742267608643, -0.011726531200110912, 0.05546446889638901]
1.6755695207479517  ::  0.897961  ::  [-4.2204437255859375, -0.01190905924886465, 0.055463388562202454]
1.6755695207479517  ::  0.913967  ::  [-4.214173793792725, -0.012091326527297497, 0.05546373128890991]
1.6767000237772944  ::  0.929895  ::  [-4.204742908477783, -0.012368554249405861, 0.05546770617365837]
1.6766176346204313  ::  0.945884  ::  [-4.198460102081299, -0.012550091370940208, 0.0554673969745636]
1.675824692346475  ::  0.961125  ::  [-4.1921772956848145, -0.01273457519710064, 0.05546719953417778]
1.674748403943669  ::  0.977223  ::  [-4.182743072509766, -0.013007983565330505, 0.05546627193689346]
1.6733774569112008  ::  0.993181  ::  [-4.1764631271362305, -0.013190405443310738, 0.055467478930950165]
1.672095409059648  ::  1.009136  ::  [-4.16703987121582, -0.013466733507812023, 0.0554666668176651]
1.672095409059648  ::  1.02515  ::  [-4.160758972167969, -0.013651196844875813, 0.05546519532799721]
1.6710809125244896  ::  1.041107  ::  [-4.154469966888428, -0.013834233395755291, 0.05546780303120613]
1.6702870097551814  ::  1.057064  ::  [-4.148185729980469, -0.014017142355442047, 0.05546828359365463]
1.669377954265335  ::  1.072777  ::  [-4.141903877258301, -0.014199694618582726, 0.0554656907916069]
1.6692216069663652  ::  1.087931  ::  [-4.132476329803467, -0.0144761111587286, 0.05546405166387558]
1.6692311051981799  ::  1.103902  ::  [-4.126192569732666, -0.014661145396530628, 0.055465929210186005]
1.6692031441112651  ::  1.119818  ::  [-4.123045444488525, -0.014751186594367027, 0.05546722188591957]
1.6712115398923661  ::  1.135282  ::  [-4.116765022277832, -0.014935120940208435, 0.05546751245856285]
1.672162857177702  ::  1.151089  ::  [-4.107340335845947, -0.015213129110634327, 0.05546747148036957]
1.672162857177702  ::  1.167014  ::  [-4.101053714752197, -0.015396145172417164, 0.055466338992118835]
1.6747364511126217  ::  1.182971  ::  [-4.091624736785889, -0.01567188836634159, 0.05546582490205765]
1.6747364511126217  ::  1.198844  ::  [-4.085355758666992, -0.015854312106966972, 0.05546480044722557]
1.6750631262540188  ::  1.214716  ::  [-4.079066753387451, -0.0160375889390707, 0.055469077080488205]
1.6756593804242197  ::  1.230679  ::  [-4.069639682769775, -0.01631264016032219, 0.055469874292612076]
1.6756593804242197  ::  1.246635  ::  [-4.063359260559082, -0.016494881361722946, 0.05546864867210388]
1.674343181626817  ::  1.262168  ::  [-4.053934574127197, -0.016771582886576653, 0.05546563118696213]
1.6736342293353108  ::  1.277287  ::  [-4.0476484298706055, -0.01695464365184307, 0.05546950176358223]
1.672967111952471  ::  1.293244  ::  [-4.041360378265381, -0.017137465998530388, 0.05546768382191658]
1.6716790876853946  ::  1.308099  ::  [-4.038219928741455, -0.01723087951540947, 0.055468663573265076]
1.6716790876853946  ::  1.323315  ::  [-4.0287957191467285, -0.017505226656794548, 0.05546616017818451]
1.6708130410429782  ::  1.339278  ::  [-4.0225114822387695, -0.01768837310373783, 0.05546540766954422]
1.6700722856831491  ::  1.35523  ::  [-4.019364833831787, -0.017780033871531487, 0.05546995997428894]
1.669559594608575  ::  1.370737  ::  [-4.013078689575195, -0.017962753772735596, 0.05547036603093147]
1.669557780339577  ::  1.386594  ::  [-4.006800651550293, -0.018145857378840446, 0.05546654388308525]
1.669557780339577  ::  1.40156  ::  [-4.000515460968018, -0.018328886479139328, 0.05546506121754646]
1.6698251182125594  ::  1.417205  ::  [-3.9973747730255127, -0.018422728404402733, 0.055466532707214355]
1.6707607474071453  ::  1.433177  ::  [-3.9879508018493652, -0.018698202446103096, 0.055463455617427826]
1.6719645682483602  ::  1.448695  ::  [-3.9816668033599854, -0.018880581483244896, 0.05546549707651138]
1.6735733979630154  ::  1.464672  ::  [-3.975383996963501, -0.019063960760831833, 0.05546572804450989]
1.6735733979630154  ::  1.480638  ::  [-3.9659578800201416, -0.01934036985039711, 0.05546681955456734]
1.675892140464529  ::  1.496574  ::  [-3.959674119949341, -0.019523214548826218, 0.055466052144765854]
1.6764406900322457  ::  1.511964  ::  [-3.950251340866089, -0.019799131900072098, 0.05546554550528526]
1.6764406900322457  ::  1.527918  ::  [-3.9439680576324463, -0.019983869045972824, 0.055464476346969604]
1.6770594624823665  ::  1.542974  ::  [-3.925114393234253, -0.020531730726361275, 0.05546727776527405]
1.6770594624823665  ::  1.558348  ::  [-3.925114393234253, -0.020531730726361275, 0.05546727776527405]
1.6763635302389657  ::  1.573695  ::  [-3.9188246726989746, -0.020715106278657913, 0.05546776205301285]
1.6733710536088537  ::  1.589165  ::  [-3.909396171569824, -0.020992739126086235, 0.055469900369644165]
1.6733710536088537  ::  1.605139  ::  [-3.9031102657318115, -0.021175308153033257, 0.0554678812623024]
1.6719856991461048  ::  1.620631  ::  [-3.893681049346924, -0.021452702581882477, 0.0554683692753315]
1.6691873492988094  ::  1.636585  ::  [-3.887402296066284, -0.02163706347346306, 0.055467989295721054]
1.6691873492988094  ::  1.652523  ::  [-3.8779819011688232, -0.021909575909376144, 0.055467166006565094]
1.669309652373635  ::  1.668483  ::  [-3.8685526847839355, -0.02218666672706604, 0.05546502768993378]
1.6700107072589132  ::  1.684199  ::  [-3.8591227531433105, -0.022459134459495544, 0.05546750873327255]
1.6711617008557662  ::  1.700157  ::  [-3.849700927734375, -0.022735189646482468, 0.05546478554606438]
1.67393251650297  ::  1.716116  ::  [-3.843418836593628, -0.022921381518244743, 0.05546491593122482]
1.67393251650297  ::  1.732089  ::  [-3.833991527557373, -0.023195739835500717, 0.05546579509973526]
1.674496433996319  ::  1.748045  ::  [-3.8308486938476562, -0.02328791841864586, 0.05546655133366585]
1.675379982998484  ::  1.76374  ::  [-3.8245694637298584, -0.023469973355531693, 0.055464569479227066]
1.6773413145073353  ::  1.779669  ::  [-3.8151469230651855, -0.023747390136122704, 0.05546518787741661]
1.6773413145073353  ::  1.795646  ::  [-3.808847665786743, -0.02393171936273575, 0.05546467751264572]
1.676634923536768  ::  1.811608  ::  [-3.7994344234466553, -0.024204319342970848, 0.055468086153268814]
1.676634923536768  ::  1.827175  ::  [-3.790006160736084, -0.024480942636728287, 0.055470291525125504]
1.674426744722444  ::  1.843133  ::  [-3.7805800437927246, -0.024756645783782005, 0.05546874180436134]
1.6731457640879492  ::  1.859089  ::  [-3.7742955684661865, -0.024940257892012596, 0.05546776205301285]
1.6731457640879492  ::  1.874049  ::  [-3.7680091857910156, -0.025123070925474167, 0.05546915531158447]
1.6716016077269973  ::  1.890079  ::  [-3.761726140975952, -0.025305697694420815, 0.05546761304140091]
1.6710459078049933  ::  1.906063  ::  [-3.755443811416626, -0.025488773360848427, 0.055466506630182266]
1.6710459078049933  ::  1.922021  ::  [-3.746018886566162, -0.02576746605336666, 0.055466461926698685]
1.6704296966758112  ::  1.937973  ::  [-3.7365918159484863, -0.026041846722364426, 0.055464666336774826]
1.6707239284186508  ::  1.953215  ::  [-3.7303102016448975, -0.02622535265982151, 0.055463213473558426]
1.6707239284186508  ::  1.969167  ::  [-3.720879316329956, -0.0265012476593256, 0.055468276143074036]
1.6719905016228649  ::  1.985128  ::  [-3.711455821990967, -0.02677520550787449, 0.055465299636125565]
1.6736773449044466  ::  2.000656  ::  [-3.7020323276519775, -0.027054166421294212, 0.055463407188653946]
1.6754190431427998  ::  2.015987  ::  [-3.6926019191741943, -0.027327215299010277, 0.05546451359987259]
1.6765619258900133  ::  2.03192  ::  [-3.683182716369629, -0.027602264657616615, 0.05546637624502182]
1.6781513322542165  ::  2.047906  ::  [-3.6737592220306396, -0.027878444641828537, 0.05546553432941437]
1.6781513322542165  ::  2.063835  ::  [-3.6643331050872803, -0.02815333567559719, 0.05546645075082779]
1.677750165362184  ::  2.078825  ::  [-3.6548993587493896, -0.028429333120584488, 0.055470652878284454]
1.6768651222561384  ::  2.094769  ::  [-3.6486167907714844, -0.028612006455659866, 0.05546813830733299]
1.6757228798391597  ::  2.110523  ::  [-3.6391921043395996, -0.028889348730444908, 0.05546737462282181]
1.6742486261954947  ::  2.126481  ::  [-3.629762649536133, -0.02916286513209343, 0.055467501282691956]
1.6724215505925162  ::  2.142438  ::  [-3.6203386783599854, -0.02943936549127102, 0.05546421930193901]
1.6719536826343704  ::  2.158133  ::  [-3.6109113693237305, -0.02971455827355385, 0.05546512454748154]
1.6719536826343704  ::  2.173738  ::  [-3.601482629776001, -0.02998901531100273, 0.05546296387910843]
1.6741374221780703  ::  2.188952  ::  [-3.5920565128326416, -0.03026658669114113, 0.05546421557664871]
1.6741374221780703  ::  2.20491  ::  [-3.582639694213867, -0.0305440966039896, 0.0554635114967823]
1.6751286533813685  ::  2.220898  ::  [-3.5763542652130127, -0.030728399753570557, 0.05546615272760391]
1.6778567803462596  ::  2.238177  ::  [-3.5574910640716553, -0.03127991780638695, 0.055464666336774826]
1.6778567803462596  ::  2.253135  ::  [-3.5574910640716553, -0.03127991780638695, 0.055464666336774826]
1.6780199578343995  ::  2.283082  ::  [-3.5574910640716553, -0.03127991780638695, 0.055464666336774826]
1.679151634802506  ::  2.299212  ::  [-3.5543625354766846, -0.031373586505651474, 0.05546731501817703]
1.679151634802506  ::  2.314379  ::  [-3.5480778217315674, -0.03155601769685745, 0.05546760931611061]
1.6788572963379607  ::  2.330313  ::  [-3.5417981147766113, -0.031738631427288055, 0.055465854704380035]
1.6786368092938162  ::  2.346307  ::  [-3.5354957580566406, -0.03192082792520523, 0.05546647682785988]
1.6786368092938162  ::  2.362387  ::  [-3.5292210578918457, -0.032105930149555206, 0.055471014231443405]
1.677703848141875  ::  2.378367  ::  [-3.5260868072509766, -0.03219744935631752, 0.05546838790178299]
1.677703848141875  ::  2.394328  ::  [-3.519798755645752, -0.03238127380609512, 0.055469412356615067]
1.674812970575667  ::  2.410258  ::  [-3.510370969772339, -0.03265649080276489, 0.05546757951378822]
1.674812970575667  ::  2.425248  ::  [-3.5009424686431885, -0.03292902559041977, 0.05546938627958298]
1.6737890825303998  ::  2.441174  ::  [-3.494657039642334, -0.03311431407928467, 0.05546887591481209]
1.672408530544411  ::  2.457132  ::  [-3.4852302074432373, -0.03339154273271561, 0.05546720698475838]
1.672408530544411  ::  2.473114  ::  [-3.4852302074432373, -0.03339154273271561, 0.05546720698475838]
1.6718978671822466  ::  2.489076  ::  [-3.478947639465332, -0.033576589077711105, 0.055468373000621796]
1.6718978671822466  ::  2.505033  ::  [-3.4726650714874268, -0.03375883027911186, 0.05546463280916214]
1.6720816419596023  ::  2.521036  ::  [-3.4632298946380615, -0.03403453901410103, 0.05546625331044197]
1.673823553641367  ::  2.536546  ::  [-3.4538207054138184, -0.03431177884340286, 0.05546356737613678]
1.673823553641367  ::  2.552539  ::  [-3.4475302696228027, -0.03449466824531555, 0.05546577274799347]
1.6758837094497723  ::  2.567515  ::  [-3.438108205795288, -0.03477325290441513, 0.05546506494283676]
1.6773968097943417  ::  2.583459  ::  [-3.4286890029907227, -0.03504673391580582, 0.055463410913944244]
1.6779239082991961  ::  2.599046  ::  [-3.4223885536193848, -0.035230305045843124, 0.05546418949961662]
1.678440121190061  ::  2.614913  ::  [-3.406693696975708, -0.03569060191512108, 0.05546678602695465]
1.678440121190061  ::  2.630897  ::  [-3.406693696975708, -0.03569060191512108, 0.05546678602695465]
1.6777095043922812  ::  2.646856  ::  [-3.3972647190093994, -0.03596628084778786, 0.055468495935201645]
1.6771952124921206  ::  2.662813  ::  [-3.3909800052642822, -0.03614911064505577, 0.055465906858444214]
1.6754953491624336  ::  2.678104  ::  [-3.3815572261810303, -0.03642359375953674, 0.055468667298555374]
1.6740572741770285  ::  2.693725  ::  [-3.372119903564453, -0.03669837862253189, 0.0554637536406517]
1.6715331991135916  ::  2.709775  ::  [-3.362685203552246, -0.036974288523197174, 0.055466681718826294]
1.6715331991135916  ::  2.725207  ::  [-3.3532755374908447, -0.037248436361551285, 0.05546773970127106]
1.6710460145266992  ::  2.741161  ::  [-3.343853235244751, -0.03752761334180832, 0.05546601489186287]
1.671198519844261  ::  2.756487  ::  [-3.337568998336792, -0.03771059960126877, 0.05546483024954796]
1.6717914656415827  ::  2.771445  ::  [-3.328130006790161, -0.03798401355743408, 0.05546253174543381]
1.6728013731433924  ::  2.787402  ::  [-3.321866035461426, -0.038167811930179596, 0.05546245351433754]
1.6728013731433924  ::  2.803359  ::  [-3.3155696392059326, -0.03835415095090866, 0.05546407774090767]
1.6755562872564347  ::  2.818825  ::  [-3.29986834526062, -0.03881269320845604, 0.055465348064899445]
1.6778988286983376  ::  2.83479  ::  [-3.29986834526062, -0.03881269320845604, 0.055465348064899445]
1.6784238994907823  ::  2.850741  ::  [-3.29044771194458, -0.03908862918615341, 0.05546160042285919]
1.6784238994907823  ::  2.866699  ::  [-3.2841639518737793, -0.03927486762404442, 0.05546355992555618]
1.6784037290883895  ::  2.882655  ::  [-3.277876138687134, -0.03945837914943695, 0.055466171354055405]
1.6784037290883895  ::  2.898146  ::  [-3.2715909481048584, -0.03964205086231232, 0.055466536432504654]
1.67782337645235  ::  2.914115  ::  [-3.26845121383667, -0.039732273668050766, 0.05546325072646141]
1.6764050449825145  ::  2.930093  ::  [-3.262169122695923, -0.039915651082992554, 0.05546705797314644]
1.6764050449825145  ::  2.945551  ::  [-3.2527225017547607, -0.0401923768222332, 0.05546765774488449]
1.6747141462761133  ::  2.961491  ::  [-3.24330997467041, -0.040462691336870193, 0.05546952039003372]
1.6743082836290264  ::  2.977477  ::  [-3.2401680946350098, -0.040556084364652634, 0.0554671473801136]
1.6716282881534428  ::  2.993438  ::  [-3.233887195587158, -0.0407382994890213, 0.05546567961573601]
1.671288806407352  ::  3.009363  ::  [-3.224459648132324, -0.04101771488785744, 0.055466197431087494]
1.671288806407352  ::  3.02543  ::  [-3.2181763648986816, -0.041197676211595535, 0.055465295910835266]
1.6713008659601052  ::  3.041387  ::  [-3.2087488174438477, -0.04147782176733017, 0.0554654560983181]
1.6719191048016973  ::  3.057423  ::  [-3.1993165016174316, -0.0417514368891716, 0.05546680465340614]
1.6732113979370047  ::  3.073405  ::  [-3.1898996829986572, -0.042027637362480164, 0.05546289682388306]
1.6761727118290284  ::  3.089366  ::  [-3.1804752349853516, -0.0423036590218544, 0.05546272546052933]
1.6761727118290284  ::  3.10532  ::  [-3.1710548400878906, -0.04258125647902489, 0.05546312406659126]
1.6781736370907248  ::  3.120604  ::  [-3.1647677421569824, -0.04276250675320625, 0.0554649792611599]
1.6786478016295117  ::  3.136538  ::  [-3.1553425788879395, -0.0430380143225193, 0.055462636053562164]
1.678585689596747  ::  3.152553  ::  [-3.1490590572357178, -0.04322146624326706, 0.055465999990701675]
1.6781572019480344  ::  3.168175  ::  [-3.1427693367004395, -0.04340669512748718, 0.05546505004167557]
1.6781572019480344  ::  3.184136  ::  [-3.1333353519439697, -0.04367918148636818, 0.055464260280132294]
1.6763763368436595  ::  3.20009  ::  [-3.1239230632781982, -0.0439583994448185, 0.05546730011701584]
1.6763763368436595  ::  3.216047  ::  [-3.117633819580078, -0.044139597564935684, 0.05547039583325386]
1.6753550101193309  ::  3.231853  ::  [-3.1113572120666504, -0.044324032962322235, 0.05546821281313896]
1.6735792676568333  ::  3.247537  ::  [-3.105062961578369, -0.04450714588165283, 0.05546563118696213]
1.6735792676568333  ::  3.263494  ::  [-3.098785400390625, -0.044691573828458786, 0.05546575039625168]
1.671983137825166  ::  3.279008  ::  [-3.079935312271118, -0.04524371400475502, 0.055465564131736755]
1.671983137825166  ::  3.294964  ::  [-3.079935312271118, -0.04524371400475502, 0.055465564131736755]
1.673110225759924  ::  3.310921  ::  [-3.070509195327759, -0.04551729932427406, 0.05546410754323006]
1.6747317553575674  ::  3.326242  ::  [-3.061084270477295, -0.04579413682222366, 0.055463049560785294]
1.6747317553575674  ::  3.341348  ::  [-3.051661491394043, -0.04607391357421875, 0.05546482279896736]
1.6767211546750393  ::  3.357276  ::  [-3.0453789234161377, -0.046259209513664246, 0.055462662130594254]
1.677653475496746  ::  3.372428  ::  [-3.0390939712524414, -0.046441931277513504, 0.05546430125832558]
1.6789214360831355  ::  3.388383  ::  [-3.0328102111816406, -0.046624306589365005, 0.055464085191488266]
1.67911054694578  ::  3.404342  ::  [-3.0233848094940186, -0.04689791053533554, 0.055464088916778564]
1.67911054694578  ::  3.42027  ::  [-3.017103672027588, -0.04707973450422287, 0.0554659478366375]
1.6783160038462372  ::  3.436227  ::  [-3.0076730251312256, -0.04735810309648514, 0.05546421557664871]
1.6775159112179938  ::  3.452209  ::  [-2.9982471466064453, -0.047631826251745224, 0.05546828731894493]
1.6775159112179938  ::  3.468142  ::  [-2.99196195602417, -0.04781737178564072, 0.05546708405017853]
1.6766922330927725  ::  3.484099  ::  [-2.985680103302002, -0.048000216484069824, 0.05546515807509422]
1.6758988639319932  ::  3.499737  ::  [-2.97939395904541, -0.04818551242351532, 0.05546828359365463]
1.6740761639189519  ::  3.515708  ::  [-2.969970464706421, -0.04846000671386719, 0.05546585097908974]
1.6733508832064612  ::  3.531673  ::  [-2.9636831283569336, -0.04864439368247986, 0.055465660989284515]
1.6726285907017322  ::  3.547626  ::  [-2.9542582035064697, -0.04892054945230484, 0.05546583980321884]
1.6724781130965805  ::  3.563612  ::  [-2.944833278656006, -0.04919528588652611, 0.055465977638959885]
1.6738171503390202  ::  3.579663  ::  [-2.9354124069213867, -0.04947144165635109, 0.05546443164348602]
1.6738171503390202  ::  3.595625  ::  [-2.925987958908081, -0.049747757613658905, 0.055462151765823364]
1.6766267059654227  ::  3.611554  ::  [-2.9196979999542236, -0.04993174970149994, 0.05546262115240097]
1.6781922066675308  ::  3.627114  ::  [-2.9102799892425537, -0.05021033436059952, 0.055460624396800995]
1.6787427839476572  ::  3.642471  ::  [-2.900851011276245, -0.05048346519470215, 0.055464841425418854]
1.6790273040152706  ::  3.658458  ::  [-2.8914268016815186, -0.050760701298713684, 0.05546528846025467]
1.6790273040152706  ::  3.674387  ::  [-2.8851430416107178, -0.050942957401275635, 0.05546480044722557]
1.6764142230492118  ::  3.689374  ::  [-2.878856658935547, -0.051126547157764435, 0.05546773225069046]
1.6759943798586676  ::  3.704681  ::  [-2.8725719451904297, -0.05130963772535324, 0.055468395352363586]
1.6750083780189529  ::  3.720638  ::  [-2.8631460666656494, -0.05158437415957451, 0.055466100573539734]
1.674506359114957  ::  3.736039  ::  [-2.856854200363159, -0.051767464727163315, 0.05546405166387558]
1.672888031168487  ::  3.751608  ::  [-2.8474323749542236, -0.052044183015823364, 0.055468909442424774]
1.6714351218659782  ::  3.76757  ::  [-2.8380024433135986, -0.052319593727588654, 0.05546947196125984]
1.6702649183620848  ::  3.78353  ::  [-2.8285810947418213, -0.05259348452091217, 0.055464133620262146]
1.6699321600834582  ::  3.799485  ::  [-2.8191540241241455, -0.052869170904159546, 0.055464841425418854]
1.6703102750870418  ::  3.815443  ::  [-2.809729814529419, -0.053144343197345734, 0.05546434968709946]
1.6703102750870418  ::  3.831281  ::  [-2.803440570831299, -0.05332818254828453, 0.0554669126868248]
1.6715448317795216  ::  3.846747  ::  [-2.7940149307250977, -0.05360310524702072, 0.05546410754323006]
1.6721439674357788  ::  3.862195  ::  [-2.7877402305603027, -0.05378752946853638, 0.05546537786722183]
1.67377136672724  ::  3.877127  ::  [-2.778317451477051, -0.054063476622104645, 0.05546126887202263]
1.6761332247978893  ::  3.892121  ::  [-2.7594656944274902, -0.05461428686976433, 0.05546560883522034]
1.6761332247978893  ::  3.908072  ::  [-2.7594656944274902, -0.05461428686976433, 0.05546560883522034]
1.6763177466271855  ::  3.924028  ::  [-2.7531800270080566, -0.05479813367128372, 0.05546769127249718]
1.6758714364536074  ::  3.939983  ::  [-2.7437524795532227, -0.055072881281375885, 0.05546576529741287]
1.6758714364536074  ::  3.955945  ::  [-2.737468957901001, -0.05525635555386543, 0.055466584861278534]
1.6735297487853509  ::  3.97188  ::  [-2.7280383110046387, -0.055528465658426285, 0.05546930059790611]
1.6717747103337748  ::  3.987838  ::  [-2.7217509746551514, -0.05571388453245163, 0.05546817556023598]
1.6717747103337748  ::  4.002989  ::  [-2.7123308181762695, -0.055986352264881134, 0.05546867102384567]
1.6697117797610195  ::  4.0186  ::  [-2.7029054164886475, -0.05626629665493965, 0.05546557530760765]
1.6697117797610195  ::  4.034581  ::  [-2.696607828140259, -0.056447502225637436, 0.055462226271629333]
1.6691791317274642  ::  4.049659  ::  [-2.6871907711029053, -0.05672178789973259, 0.05546921119093895]
1.6691791317274642  ::  4.065567  ::  [-2.677772045135498, -0.05699950456619263, 0.05546516552567482]
1.6699088947515979  ::  4.080539  ::  [-2.6714906692504883, -0.057180702686309814, 0.0554635152220726]
1.6708000209948728  ::  4.096481  ::  [-2.665203094482422, -0.0573662593960762, 0.0554659441113472]
1.6708000209948728  ::  4.11215  ::  [-2.6589252948760986, -0.057550765573978424, 0.055462926626205444]
1.6724449226460825  ::  4.128228  ::  [-2.6557841300964355, -0.05764191225171089, 0.05546337366104126]
1.6739058360765247  ::  4.14391  ::  [-2.640073776245117, -0.05809825658798218, 0.05546405538916588]
