1.4335604438070615  ::  0.015425  ::  [-4.649739742279053, 9.927029896061867e-05, 0.05546640604734421]
1.4335604438070615  ::  0.031383  ::  [-4.649741172790527, 9.932378452504054e-05, 0.05546630918979645]
1.4534925366307454  ::  0.047342  ::  [-4.649740695953369, 9.927908831741661e-05, 0.055466458201408386]
1.4534925366307454  ::  0.063297  ::  [-4.649547576904297, 9.394453081768006e-05, 0.0565115287899971]
1.5098507753500479  ::  0.078257  ::  [-4.644726753234863, -5.2917202992830426e-05, 0.05667093023657799]
1.5098507753500479  ::  0.093247  ::  [-4.634530067443848, -0.0003230119764339179, 0.05605999007821083]
1.446992864583538  ::  0.109175  ::  [-4.621845245361328, -0.0006405078456737101, 0.057040560990571976]
1.446992864583538  ::  0.124334  ::  [-4.613183498382568, -0.0008601628360338509, 0.05588621273636818]
1.455296667066981  ::  0.140365  ::  [-4.60440731048584, -0.001067989505827427, 0.055739156901836395]
1.5494698212392357  ::  0.156288  ::  [-4.593995094299316, -0.0011689469683915377, 0.055525440722703934]
1.5014660778136226  ::  0.172243  ::  [-4.584499359130859, -0.001419951906427741, 0.05546867102384567]
1.50065179119851  ::  0.187205  ::  [-4.581358432769775, -0.0015029027126729488, 0.05546828359365463]
1.4988476607622747  ::  0.203161  ::  [-4.575070858001709, -0.0016679199179634452, 0.05547017604112625]
1.4988476607622747  ::  0.21812  ::  [-4.565648078918457, -0.0019134916365146637, 0.05546978488564491]
1.4978246264906536  ::  0.234109  ::  [-4.559361457824707, -0.0020769110415130854, 0.05546905845403671]
1.4961752425278014  ::  0.250063  ::  [-4.5499348640441895, -0.002324008150026202, 0.05546572059392929]
1.4944118797831745  ::  0.265992  ::  [-4.543649673461914, -0.002487230347469449, 0.055467382073402405]
1.494236856185693  ::  0.281202  ::  [-4.5373663902282715, -0.0026532639749348164, 0.05546621233224869]
1.494236856185693  ::  0.297169  ::  [-4.534222602844238, -0.002732278313487768, 0.05546729639172554]
1.4934612028280734  ::  0.313118  ::  [-4.5279412269592285, -0.002901203464716673, 0.055464453995227814]
1.4935920436393615  ::  0.329079  ::  [-4.524799823760986, -0.0029805179219692945, 0.055464643985033035]
1.4938586344604035  ::  0.345091  ::  [-4.515367031097412, -0.0032280515879392624, 0.05546826124191284]
1.4947492270951497  ::  0.361015  ::  [-4.512229919433594, -0.003309401450678706, 0.05546583607792854]
1.4947492270951497  ::  0.376309  ::  [-4.505937576293945, -0.0034761514980345964, 0.055464472621679306]
1.4960864500685913  ::  0.392231  ::  [-4.502803325653076, -0.003558731870725751, 0.05546381324529648]
1.4960864500685913  ::  0.408189  ::  [-4.4965105056762695, -0.003722231136634946, 0.05546175688505173]
1.4977801235393429  ::  0.424146  ::  [-4.4870924949646, -0.003966465592384338, 0.0554671585559845]
1.4998023931421955  ::  0.439902  ::  [-4.477671146392822, -0.004215666092932224, 0.05546577647328377]
1.5004729256196203  ::  0.455804  ::  [-4.468243598937988, -0.00446027098223567, 0.05546750873327255]
1.5003371756098665  ::  0.471832  ::  [-4.458808898925781, -0.00470783282071352, 0.05546611547470093]
1.499601542891915  ::  0.487793  ::  [-4.449377536773682, -0.004952172748744488, 0.05546531453728676]
1.4982362521098527  ::  0.50372  ::  [-4.439962387084961, -0.005197067745029926, 0.05546863377094269]
1.4965981806478132  ::  0.519677  ::  [-4.4305315017700195, -0.005441890098154545, 0.05546661466360092]
1.4946024847497001  ::  0.535635  ::  [-4.421106815338135, -0.005689131561666727, 0.05546736344695091]
1.4922911060458857  ::  0.551591  ::  [-4.414822101593018, -0.005853892304003239, 0.055466823279857635]
1.4921969775013864  ::  0.567549  ::  [-4.4022536277771, -0.0061832694336771965, 0.05546656250953674]
1.4925964368461264  ::  0.583506  ::  [-4.395971298217773, -0.006347524933516979, 0.055465783923864365]
1.4925964368461264  ::  0.599077  ::  [-4.386540412902832, -0.006591333542019129, 0.055466171354055405]
1.493729928083231  ::  0.615019  ::  [-4.377112865447998, -0.006840016692876816, 0.055466484278440475]
1.4953170932916129  ::  0.630968  ::  [-4.3676886558532715, -0.0070884255692362785, 0.055464427918195724]
1.4959902938116822  ::  0.645928  ::  [-4.3645524978637695, -0.007168884389102459, 0.055465005338191986]
1.497253665364723  ::  0.661865  ::  [-4.358265399932861, -0.007330843713134527, 0.05546466261148453]
1.4989219390694986  ::  0.677821  ::  [-4.3551225662231445, -0.007413604762405157, 0.05546606704592705]
1.4989219390694986  ::  0.693761  ::  [-4.348846435546875, -0.007578240241855383, 0.0554661899805069]
1.5001433689921673  ::  0.709718  ::  [-4.34255313873291, -0.007744333241134882, 0.05546765774488449]
1.5001433689921673  ::  0.724713  ::  [-4.333127498626709, -0.007989746518433094, 0.055467501282691956]
1.5002857357476798  ::  0.740636  ::  [-4.323688983917236, -0.008236264809966087, 0.05546673387289047]
1.4984730675749818  ::  0.756593  ::  [-4.317420482635498, -0.008402245119214058, 0.05546683818101883]
1.4984730675749818  ::  0.77258  ::  [-4.307988166809082, -0.0086465859785676, 0.05546935647726059]
1.4970393681795138  ::  0.788538  ::  [-4.29854679107666, -0.008893252350389957, 0.055465828627347946]
1.4940126338818462  ::  0.804386  ::  [-4.28913688659668, -0.009137994609773159, 0.05546576902270317]
1.493336338432309  ::  0.820338  ::  [-4.2797088623046875, -0.009386093355715275, 0.05546872317790985]
1.493087356692721  ::  0.836351  ::  [-4.27342414855957, -0.009548787958920002, 0.05546875298023224]
1.4929303690635165  ::  0.852305  ::  [-4.270280838012695, -0.009632954373955727, 0.05546560883522034]
1.4929303690635165  ::  0.86829  ::  [-4.263993263244629, -0.00979545433074236, 0.05546756088733673]
1.4930120111684393  ::  0.883096  ::  [-4.257694721221924, -0.00995941087603569, 0.05546779930591583]
1.495107064974635  ::  0.899097  ::  [-4.248278617858887, -0.010204289108514786, 0.05546349287033081]
1.497458784483235  ::  0.915055  ::  [-4.242003440856934, -0.010368411429226398, 0.05546583980321884]
1.4987148989602825  ::  0.931036  ::  [-4.232574939727783, -0.010620138607919216, 0.05546070635318756]
1.4997912940847942  ::  0.946507  ::  [-4.226295471191406, -0.010783792473375797, 0.055465586483478546]
1.5012312900609033  ::  0.962464  ::  [-4.22000789642334, -0.01094803400337696, 0.05546553060412407]
1.5012312900609033  ::  0.978246  ::  [-4.213728904724121, -0.011110441759228706, 0.0554635152220726]
1.5022360749208357  ::  0.99421  ::  [-4.204296112060547, -0.011358417570590973, 0.05546822398900986]
1.5030146097645114  ::  1.010131  ::  [-4.194868564605713, -0.011601278558373451, 0.055466312915086746]
1.5027162158751464  ::  1.026088  ::  [-4.188589572906494, -0.011766249313950539, 0.05546370893716812]
1.5027162158751464  ::  1.041266  ::  [-4.1854376792907715, -0.011849352158606052, 0.0554695650935173]
1.5006133713844287  ::  1.057196  ::  [-4.179156303405762, -0.012015098705887794, 0.05546930059790611]
1.5006133713844287  ::  1.073224  ::  [-4.169729709625244, -0.012259251438081264, 0.05546970292925835]
1.4976611288373964  ::  1.089545  ::  [-4.16344690322876, -0.012425774708390236, 0.055468033999204636]
1.49641611341775  ::  1.105528  ::  [-4.154018402099609, -0.012671862728893757, 0.05546914413571358]
1.496199895241837  ::  1.121485  ::  [-4.144590854644775, -0.012917478568851948, 0.05546567216515541]
1.4957694866024203  ::  1.13741  ::  [-4.141451835632324, -0.013001931831240654, 0.05546592175960541]
1.4957694866024203  ::  1.152864  ::  [-4.135162830352783, -0.013164741918444633, 0.05546524003148079]
1.4959130272966965  ::  1.16879  ::  [-4.125732898712158, -0.01341294776648283, 0.05546583980321884]
1.497001695417373  ::  1.184773  ::  [-4.12260103225708, -0.013494305312633514, 0.05546431988477707]
1.497001695417373  ::  1.200903  ::  [-4.113162040710449, -0.01374383270740509, 0.0554652065038681]
1.499189383664187  ::  1.216818  ::  [-4.103745937347412, -0.01398881059139967, 0.055463485419750214]
1.500886258786112  ::  1.232775  ::  [-4.0974578857421875, -0.014153334312140942, 0.0554669126868248]
1.5023837777616373  ::  1.248541  ::  [-4.088034629821777, -0.014400176703929901, 0.05546639487147331]
1.5023837777616373  ::  1.263712  ::  [-4.078609943389893, -0.014647427015006542, 0.055464472621679306]
1.5028138662359365  ::  1.279079  ::  [-4.069185256958008, -0.014894815161824226, 0.055465538054704666]
1.5028138662359365  ::  1.29507  ::  [-4.062899112701416, -0.015058164484798908, 0.055467091500759125]
1.5029296592867094  ::  1.310994  ::  [-4.053471565246582, -0.015304568223655224, 0.0554632730782032]
1.5018673514273608  ::  1.32644  ::  [-4.044044017791748, -0.015551945194602013, 0.055469173938035965]
1.5018673514273608  ::  1.342397  ::  [-4.04089879989624, -0.01563352346420288, 0.055469125509262085]
1.5019367205361187  ::  1.358382  ::  [-4.034617900848389, -0.015795717015862465, 0.05546562001109123]
1.499714774621749  ::  1.374312  ::  [-4.0251874923706055, -0.016046687960624695, 0.05546746402978897]
1.4983473494055712  ::  1.390269  ::  [-4.015748023986816, -0.016291799023747444, 0.055464453995227814]
1.497322500864952  ::  1.406275  ::  [-4.012616157531738, -0.01637386344373226, 0.055467672646045685]
1.4977812974781064  ::  1.421844  ::  [-4.006340026855469, -0.016535986214876175, 0.055463552474975586]
1.4977812974781064  ::  1.437837  ::  [-4.000050067901611, -0.016703221946954727, 0.055467668920755386]
1.4983436141458688  ::  1.453759  ::  [-3.990621566772461, -0.01695093885064125, 0.055467523634433746]
1.5008780412147669  ::  1.469809  ::  [-3.974914789199829, -0.017363322898745537, 0.05546637624502182]
1.5008780412147669  ::  1.485742  ::  [-3.974914789199829, -0.017363322898745537, 0.05546637624502182]
1.5036122513168875  ::  1.501716  ::  [-3.9654881954193115, -0.01761149987578392, 0.055464163422584534]
1.5036122513168875  ::  1.517658  ::  [-3.9560649394989014, -0.017859790474176407, 0.05546466261148453]
1.50495982629579  ::  1.532978  ::  [-3.946638822555542, -0.01810559630393982, 0.05546432361006737]
1.50495982629579  ::  1.548786  ::  [-3.937211036682129, -0.018350515514612198, 0.05546661093831062]
1.503872225392171  ::  1.564225  ::  [-3.9309189319610596, -0.018518289551138878, 0.055466510355472565]
1.5030130089389246  ::  1.579875  ::  [-3.921499013900757, -0.018763329833745956, 0.05546834319829941]
1.5030130089389246  ::  1.596016  ::  [-3.9152135848999023, -0.018927428871393204, 0.05546790361404419]
1.502087411584682  ::  1.611945  ::  [-3.9089276790618896, -0.019092753529548645, 0.05546596646308899]
1.5003112422353615  ::  1.627073  ::  [-3.8995003700256348, -0.019338594749569893, 0.055468130856752396]
1.4975250586625253  ::  1.642538  ::  [-3.893212080001831, -0.0195041224360466, 0.05546744540333748]
1.4975250586625253  ::  1.65839  ::  [-3.883789539337158, -0.01975158043205738, 0.0554671473801136]
1.4974841842492108  ::  1.674377  ::  [-3.877501964569092, -0.019915862008929253, 0.05546845123171806]
1.4970352060329883  ::  1.69029  ::  [-3.86807918548584, -0.02016283944249153, 0.055465374141931534]
1.4972858953198689  ::  1.705886  ::  [-3.86179256439209, -0.020325781777501106, 0.05546721816062927]
1.497749280966372  ::  1.721186  ::  [-3.8586513996124268, -0.020409557968378067, 0.055465228855609894]
1.4984432922190687  ::  1.737111  ::  [-3.8492236137390137, -0.02065744251012802, 0.05546838045120239]
1.5007051520514008  ::  1.752677  ::  [-3.842940330505371, -0.020821422338485718, 0.05546563118696213]
1.5007051520514008  ::  1.767636  ::  [-3.833519220352173, -0.021068423986434937, 0.05546491593122482]
1.5016926479949966  ::  1.783592  ::  [-3.830374240875244, -0.02115035429596901, 0.055464956909418106]
1.5016926479949966  ::  1.799443  ::  [-3.824096441268921, -0.02131945639848709, 0.055464282631874084]
1.5033132170972878  ::  1.815429  ::  [-3.817810535430908, -0.021482214331626892, 0.05546509101986885]
1.5045814978487946  ::  1.831391  ::  [-3.8083810806274414, -0.02172631211578846, 0.05546710640192032]
1.5045814978487946  ::  1.846848  ::  [-3.7989509105682373, -0.021974511444568634, 0.05546914041042328]
1.504344895827077  ::  1.862805  ::  [-3.7926714420318604, -0.022137338295578957, 0.055467069149017334]
1.5028825950144598  ::  1.878762  ::  [-3.7832350730895996, -0.02238410711288452, 0.05546960234642029]
1.5015641550612358  ::  1.894393  ::  [-3.773813486099243, -0.022630909457802773, 0.05546841770410538]
1.4974321040567895  ::  1.909857  ::  [-3.7643868923187256, -0.022881364449858665, 0.05546688288450241]
1.4974321040567895  ::  1.925845  ::  [-3.7549500465393066, -0.02312435582280159, 0.055467016994953156]
1.4970325379903437  ::  1.941111  ::  [-3.7486789226531982, -0.023289691656827927, 0.0554666668176651]
1.4969930509592047  ::  1.956354  ::  [-3.739240884780884, -0.023537933826446533, 0.055467136204242706]
1.4964716087047565  ::  1.972313  ::  [-3.7329633235931396, -0.023701677098870277, 0.0554659403860569]
1.4965991411431654  ::  1.988298  ::  [-3.7235422134399414, -0.023947233334183693, 0.05546077340841293]
1.4978987980761718  ::  2.004228  ::  [-3.714111566543579, -0.024193909019231796, 0.055464815348386765]
1.4996857463177764  ::  2.020186  ::  [-3.7046830654144287, -0.024443721398711205, 0.055464837700128555]
1.5007225476894432  ::  2.036142  ::  [-3.701542854309082, -0.024525636807084084, 0.05546492338180542]
1.5018013974131879  ::  2.052099  ::  [-3.6952483654022217, -0.024688731878995895, 0.05546414852142334]
1.5018013974131879  ::  2.068163  ::  [-3.6858339309692383, -0.024941153824329376, 0.05546499043703079]
1.5022865542876704  ::  2.084113  ::  [-3.6764070987701416, -0.02518359199166298, 0.05546679347753525]
1.5022865542876704  ::  2.100076  ::  [-3.6701173782348633, -0.025347378104925156, 0.05546923354268074]
1.5021794056950657  ::  2.115896  ::  [-3.663831949234009, -0.025512129068374634, 0.05547060817480087]
1.5015871002279788  ::  2.131882  ::  [-3.6606831550598145, -0.02559497021138668, 0.0554644800722599]
1.5015871002279788  ::  2.147315  ::  [-3.654411792755127, -0.025758009403944016, 0.05546609312295914]
1.500119570051778  ::  2.163238  ::  [-3.6449763774871826, -0.026003152132034302, 0.05546970292925835]
1.4999811519993795  ::  2.179139  ::  [-3.6355502605438232, -0.026249203830957413, 0.055467963218688965]
1.4985850186443466  ::  2.195116  ::  [-3.629267930984497, -0.026415813714265823, 0.0554666668176651]
1.4968840880976018  ::  2.211055  ::  [-3.6229825019836426, -0.026579823344945908, 0.05546696484088898]
1.4965871883121178  ::  2.226973  ::  [-3.613558053970337, -0.02682667039334774, 0.055467389523983]
1.4965871883121178  ::  2.242948  ::  [-3.61041259765625, -0.026908433064818382, 0.05546661093831062]
1.4970923021455815  ::  2.258885  ::  [-3.607273578643799, -0.026991907507181168, 0.05546627193689346]
1.4977150232988161  ::  2.274129  ::  [-3.600983142852783, -0.02715764380991459, 0.05546952039003372]
1.4983737096668992  ::  2.290065  ::  [-3.594705104827881, -0.027322396636009216, 0.05546630173921585]
1.4987921654752683  ::  2.305054  ::  [-3.58842396736145, -0.027485409751534462, 0.055462777614593506]
1.4999181861929685  ::  2.320795  ::  [-3.5852837562561035, -0.027567926794290543, 0.055461518466472626]
1.5010538118641887  ::  2.336752  ::  [-3.575855016708374, -0.027816886082291603, 0.055464647710323334]
1.50255143756142  ::  2.352007  ::  [-3.569570541381836, -0.027982523664832115, 0.055464230477809906]
1.5035122530785703  ::  2.367996  ::  [-3.563286781311035, -0.028146833181381226, 0.055464908480644226]
1.503970942970019  ::  2.383951  ::  [-3.553863286972046, -0.028392363339662552, 0.05546494573354721]
1.5040859889688514  ::  2.399286  ::  [-3.5475783348083496, -0.02856038138270378, 0.0554623156785965]
1.5040859889688514  ::  2.415268  ::  [-3.544431686401367, -0.028638198971748352, 0.055466894060373306]
1.504396655854381  ::  2.431055  ::  [-3.5381510257720947, -0.028805207461118698, 0.05546548217535019]
1.5033317866740938  ::  2.446986  ::  [-3.528716802597046, -0.029050827026367188, 0.055467747151851654]
1.5028596498477167  ::  2.463023  ::  [-3.5224416255950928, -0.02921353653073311, 0.05546768009662628]
1.5021750301051287  ::  2.478981  ::  [-3.5192949771881104, -0.029298309236764908, 0.05546657368540764]
1.5021750301051287  ::  2.494924  ::  [-3.5130090713500977, -0.029463592916727066, 0.05546887218952179]
1.5011402564458718  ::  2.509688  ::  [-3.5035767555236816, -0.029709722846746445, 0.05547039210796356]
1.5006872228048296  ::  2.525079  ::  [-3.500438928604126, -0.02979215420782566, 0.05546838417649269]
1.4995457274397912  ::  2.540574  ::  [-3.4941439628601074, -0.029957175254821777, 0.05546877905726433]
1.498991628343374  ::  2.555916  ::  [-3.4878692626953125, -0.030121657997369766, 0.05546870455145836]
1.4987344290324405  ::  2.571882  ::  [-3.4815802574157715, -0.030286673456430435, 0.05546892434358597]
1.4987344290324405  ::  2.587543  ::  [-3.475301742553711, -0.0304526686668396, 0.05546712502837181]
1.4991861820130135  ::  2.603513  ::  [-3.4658687114715576, -0.030699819326400757, 0.055469051003456116]
1.500545389657846  ::  2.618874  ::  [-3.4595859050750732, -0.03086518682539463, 0.055463291704654694]
1.5020426951899597  ::  2.634831  ::  [-3.450167179107666, -0.031114723533391953, 0.05546335130929947]
1.5020426951899597  ::  2.650235  ::  [-3.440739393234253, -0.031360454857349396, 0.05546434968709946]
1.5049458457523326  ::  2.666168  ::  [-3.4344406127929688, -0.03152339905500412, 0.05546372011303902]
1.5049458457523326  ::  2.682126  ::  [-3.425027847290039, -0.031772416085004807, 0.055466871708631516]
1.5065543553018705  ::  2.697364  ::  [-3.418743371963501, -0.03193528205156326, 0.055466849356889725]
1.5065543553018705  ::  2.713285  ::  [-3.412461042404175, -0.03210245817899704, 0.05546707659959793]
1.506170263882763  ::  2.729243  ::  [-3.4061617851257324, -0.03226601704955101, 0.05546872690320015]
1.5054360185469866  ::  2.74522  ::  [-3.3967392444610596, -0.0325145348906517, 0.05546640604734421]
1.5042700839113243  ::  2.760562  ::  [-3.3904621601104736, -0.03267710655927658, 0.055469222366809845]
1.5042700839113243  ::  2.776492  ::  [-3.384171962738037, -0.03284206613898277, 0.05547024682164192]
1.502814613287877  ::  2.792454  ::  [-3.374751329421997, -0.03308776766061783, 0.05546862632036209]
1.5016014009365535  ::  2.808412  ::  [-3.3684654235839844, -0.03325600177049637, 0.05546623468399048]
1.499487670831846  ::  2.824367  ::  [-3.3590409755706787, -0.03349871188402176, 0.05546572059392929]
1.499356830020558  ::  2.840562  ::  [-3.355889081954956, -0.03358493745326996, 0.055464860051870346]
1.4995884161221038  ::  2.856514  ::  [-3.349611759185791, -0.03374846279621124, 0.05546386539936066]
1.4998679202695453  ::  2.87248  ::  [-3.3433189392089844, -0.03391353785991669, 0.0554647222161293]
1.5001550016580973  ::  2.888447  ::  [-3.337040901184082, -0.034078702330589294, 0.055468276143074036]
1.5001550016580973  ::  2.904125  ::  [-3.333904981613159, -0.034162282943725586, 0.05546392872929573]
1.5011339598652307  ::  2.919331  ::  [-3.327620506286621, -0.03432527929544449, 0.05546475201845169]
1.501826690457458  ::  2.935355  ::  [-3.324479341506958, -0.034410737454891205, 0.05546355992555618]
1.501826690457458  ::  2.950952  ::  [-3.3181962966918945, -0.03457387164235115, 0.055464308708906174]
1.5023675560623584  ::  2.9669  ::  [-3.315049171447754, -0.03465798497200012, 0.05546412244439125]
1.5050192702859102  ::  2.982888  ::  [-3.305628538131714, -0.03490615636110306, 0.05546140670776367]
1.5050192702859102  ::  2.998815  ::  [-3.299344539642334, -0.035072602331638336, 0.05546368658542633]
1.5056229949755158  ::  3.014772  ::  [-3.289912223815918, -0.035315100103616714, 0.05546668544411659]
1.5067603281940287  ::  3.032151  ::  [-3.274190902709961, -0.035727523267269135, 0.055464379489421844]
1.5067603281940287  ::  3.046115  ::  [-3.274190902709961, -0.035727523267269135, 0.055464379489421844]
1.5067603281940287  ::  3.062069  ::  [-3.274190902709961, -0.035727523267269135, 0.055464379489421844]
1.5067603281940287  ::  3.078026  ::  [-3.274190902709961, -0.035727523267269135, 0.055464379489421844]
1.5063703670811033  ::  3.093984  ::  [-3.271059274673462, -0.03580867126584053, 0.05546651408076286]
1.5063703670811033  ::  3.108944  ::  [-3.264779567718506, -0.03597693145275116, 0.05546601861715317]
1.5059952402852814  ::  3.12493  ::  [-3.26162052154541, -0.036060549318790436, 0.05546783655881882]
1.505415848144594  ::  3.140456  ::  [-3.25534725189209, -0.03622286766767502, 0.05546796694397926]
1.5041128828387083  ::  3.156164  ::  [-3.249063730239868, -0.036389268934726715, 0.05546698346734047]
1.5028703220182948  ::  3.171635  ::  [-3.2427749633789062, -0.03655203431844711, 0.05546869710087776]
1.5028703220182948  ::  3.187637  ::  [-3.236489772796631, -0.03671859949827194, 0.055467065423727036]
1.5009215836707257  ::  3.203594  ::  [-3.2302093505859375, -0.03688227757811546, 0.05546499788761139]
1.500330985750931  ::  3.219582  ::  [-3.2207813262939453, -0.03712998703122139, 0.055465567857027054]
1.500330985750931  ::  3.235048  ::  [-3.211357593536377, -0.03737826645374298, 0.05546636879444122]
1.5006930924986475  ::  3.250492  ::  [-3.1987874507904053, -0.037707164883613586, 0.055466290563344955]
1.5006930924986475  ::  3.265452  ::  [-3.1987874507904053, -0.037707164883613586, 0.055466290563344955]
1.5006930924986475  ::  3.281438  ::  [-3.1987874507904053, -0.037707164883613586, 0.055466290563344955]
1.5009919132748355  ::  3.297461  ::  [-3.1956467628479004, -0.03778999298810959, 0.05546308681368828]
1.5024694752913796  ::  3.313382  ::  [-3.186223030090332, -0.03803987056016922, 0.05546347796916962]
1.5052183062671924  ::  3.329031  ::  [-3.1799373626708984, -0.038202498108148575, 0.0554635152220726]
1.5052183062671924  ::  3.344533  ::  [-3.1705126762390137, -0.03845066949725151, 0.05546532943844795]
1.5063458210887735  ::  3.359899  ::  [-3.16422438621521, -0.03861552104353905, 0.05546588450670242]
1.507485288741402  ::  3.375856  ::  [-3.1548011302948, -0.03886750712990761, 0.0554644912481308]
1.507485288741402  ::  3.391194  ::  [-3.1516623497009277, -0.03894435614347458, 0.05546291917562485]
1.5075046053701484  ::  3.40717  ::  [-3.1453704833984375, -0.039109520614147186, 0.055465105921030045]
1.506902374784424  ::  3.424101  ::  [-3.1296615600585938, -0.03952046483755112, 0.05546625331044197]
1.506902374784424  ::  3.439064  ::  [-3.1296615600585938, -0.03952046483755112, 0.05546625331044197]
1.5054745450827738  ::  3.455675  ::  [-3.120234251022339, -0.039771366864442825, 0.05546674132347107]
1.505038373471245  ::  3.470634  ::  [-3.1170966625213623, -0.039852410554885864, 0.05546589195728302]
1.5042796888648446  ::  3.48662  ::  [-3.1108007431030273, -0.040016334503889084, 0.05546871945261955]
1.5042796888648446  ::  3.501592  ::  [-3.1108007431030273, -0.040016334503889084, 0.05546871945261955]
1.501663086082495  ::  3.516538  ::  [-3.1013786792755127, -0.04026458039879799, 0.05546538531780243]
1.501663086082495  ::  3.532495  ::  [-3.0919480323791504, -0.040513209998607635, 0.05546639859676361]
1.5010854014891002  ::  3.548007  ::  [-3.0856680870056152, -0.04067755118012428, 0.05546633154153824]
1.5010854014891002  ::  3.563962  ::  [-3.07938289642334, -0.04084226116538048, 0.05546659976243973]
1.501260745251699  ::  3.57992  ::  [-3.073106288909912, -0.04100770503282547, 0.05546436086297035]
1.5020197500232166  ::  3.595604  ::  [-3.066822052001953, -0.041171640157699585, 0.055460650473833084]
1.5020197500232166  ::  3.611543  ::  [-3.060539484024048, -0.041339632123708725, 0.05546199530363083]
1.5036485366968533  ::  3.627505  ::  [-3.0573933124542236, -0.04142099246382713, 0.055461931973695755]
1.5044720013786628  ::  3.643079  ::  [-3.0479633808135986, -0.04166996479034424, 0.055463120341300964]
1.5044720013786628  ::  3.659053  ::  [-3.041686534881592, -0.04183389991521835, 0.05546381697058678]
1.505302082806231  ::  3.674997  ::  [-3.0354037284851074, -0.0419989638030529, 0.055461350828409195]
1.506468124163599  ::  3.690927  ::  [-3.025972843170166, -0.04224618524312973, 0.05546591803431511]
1.5067833800824775  ::  3.706907  ::  [-3.0196800231933594, -0.042411237955093384, 0.05546429753303528]
1.506894904265019  ::  3.722182  ::  [-3.010260820388794, -0.04265725985169411, 0.05546708405017853]
1.504563248437106  ::  3.737801  ::  [-3.0039749145507812, -0.0428229384124279, 0.055464841425418854]
1.5034673232404363  ::  3.753764  ::  [-2.9882631301879883, -0.043234970420598984, 0.05546604469418526]
1.5016472912700394  ::  3.769716  ::  [-2.978820323944092, -0.043481286615133286, 0.05546809360384941]
1.5001423017751094  ::  3.787675  ::  [-2.9694106578826904, -0.043728239834308624, 0.055466651916503906]
1.5001423017751094  ::  3.801635  ::  [-2.9694106578826904, -0.043728239834308624, 0.055466651916503906]
1.4985969714753942  ::  3.817593  ::  [-2.963111639022827, -0.04389552026987076, 0.05546560138463974]
1.4985969714753942  ::  3.833097  ::  [-2.9568424224853516, -0.04405834525823593, 0.05546557903289795]
1.4977567514857768  ::  3.848988  ::  [-2.9474146366119385, -0.0443047359585762, 0.055464547127485275]
1.4977567514857768  ::  3.864276  ::  [-2.941122055053711, -0.044471923261880875, 0.05546271428465843]
1.4995131773195278  ::  3.880209  ::  [-2.931708574295044, -0.044715914875268936, 0.05546201020479202]
1.4995131773195278  ::  3.895828  ::  [-2.9254231452941895, -0.044884346425533295, 0.05546385794878006]
1.5002432605087788  ::  3.911786  ::  [-2.91912841796875, -0.045047909021377563, 0.05546252056956291]
1.501513675694401  ::  3.92742  ::  [-2.9128541946411133, -0.04521612823009491, 0.055464111268520355]
1.5025858019506815  ::  3.94296  ::  [-2.9065709114074707, -0.04538034647703171, 0.05546095222234726]
1.5047023068197392  ::  3.957914  ::  [-2.89713191986084, -0.04562459886074066, 0.05546341836452484]
1.5047023068197392  ::  3.973858  ::  [-2.8908638954162598, -0.045789532363414764, 0.0554637685418129]
1.5050795680496767  ::  3.989478  ::  [-2.88456654548645, -0.04595610126852989, 0.05546609312295914]
1.504219924709607  ::  4.005065  ::  [-2.868861198425293, -0.04636424034833908, 0.055468738079071045]
1.503619294949469  ::  4.021024  ::  [-2.862576723098755, -0.046530596911907196, 0.055469874292612076]
1.5022327665479565  ::  4.036872  ::  [-2.862576723098755, -0.046530596911907196, 0.055469874292612076]
1.5022327665479565  ::  4.052846  ::  [-2.8531508445739746, -0.04677765816450119, 0.05546693131327629]
1.5013048213161868  ::  4.067834  ::  [-2.8468637466430664, -0.046940747648477554, 0.0554664246737957]
1.4998967351301062  ::  4.083805  ::  [-2.8374342918395996, -0.04719008505344391, 0.055469855666160583]
1.4987099897618166  ::  4.099726  ::  [-2.828010082244873, -0.04743630439043045, 0.0554666668176651]
1.4981273959699557  ::  4.115835  ::  [-2.8217241764068604, -0.04759959504008293, 0.05546724423766136]
1.4981273959699557  ::  4.131796  ::  [-2.812302827835083, -0.04784666746854782, 0.05546580255031586]
1.4990650528769516  ::  4.147517  ::  [-2.8028736114501953, -0.048098210245370865, 0.05546262860298157]
1.500074106605115  ::  4.162451  ::  [-2.793447732925415, -0.048345211893320084, 0.05546269193291664]
1.5008994922776289  ::  4.178413  ::  [-2.7871713638305664, -0.048509467393159866, 0.05546112731099129]
1.502042054859725  ::  4.193913  ::  [-2.777745246887207, -0.048755817115306854, 0.05546172708272934]
1.5031269877206992  ::  4.209872  ::  [-2.7683184146881104, -0.049004580825567245, 0.0554635189473629]
1.5039526935583303  ::  4.225042  ::  [-2.7588882446289062, -0.049247391521930695, 0.05546623840928078]
1.5042825703509008  ::  4.241  ::  [-2.7494561672210693, -0.049494966864585876, 0.055467527359724045]
1.5030585791072932  ::  4.256957  ::  [-2.74318265914917, -0.04966025799512863, 0.05546669289469719]
1.5028020201265948  ::  4.272423  ::  [-2.7368907928466797, -0.049823641777038574, 0.055465277284383774]
1.5028020201265948  ::  4.287786  ::  [-2.73374605178833, -0.04990362375974655, 0.05546803027391434]
1.50136671990554  ::  4.303352  ::  [-2.7243149280548096, -0.050156284123659134, 0.055464331060647964]
1.4999346213356588  ::  4.319291  ::  [-2.714888334274292, -0.05040087178349495, 0.05547048896551132]
1.4989736990968026  ::  4.33536  ::  [-2.7086071968078613, -0.05056275799870491, 0.05546676740050316]
1.497491868212027  ::  4.351321  ::  [-2.699185371398926, -0.05081072449684143, 0.055467963218688965]
1.4964824943187462  ::  4.367283  ::  [-2.689757823944092, -0.05105721205472946, 0.05546282231807709]
1.4965687254570177  ::  4.383238  ::  [-2.6803319454193115, -0.05130687728524208, 0.05546605587005615]
1.497748854079549  ::  4.398708  ::  [-2.6677589416503906, -0.05163485184311867, 0.05546552687883377]
1.497748854079549  ::  4.414667  ::  [-2.664618492126465, -0.05171636492013931, 0.05546482279896736]
1.4986022008389774  ::  4.430622  ::  [-2.658329725265503, -0.05188240483403206, 0.05546077713370323]
1.5010624563223571  ::  4.44658  ::  [-2.6520557403564453, -0.052046824246644974, 0.05546320974826813]
