1.4329043187599173  ::  0.01594  ::  [-4.649735927581787, 9.931620297720656e-05, 0.05546630546450615]
1.4329043187599173  ::  0.031901  ::  [-4.649736404418945, 9.928266808856279e-05, 0.055466219782829285]
1.4330020758424131  ::  0.047859  ::  [-4.649735450744629, 9.928127110470086e-05, 0.055466361343860626]
1.5201945632395033  ::  0.063521  ::  [-4.649538993835449, 9.470194345340133e-05, 0.05651223659515381]
1.5037215343436077  ::  0.078775  ::  [-4.640163421630859, -0.00016828844673000276, 0.05646779015660286]
1.5270030879032424  ::  0.093759  ::  [-4.627877235412598, -0.0004928158596158028, 0.055766426026821136]
1.5270030879032424  ::  0.108723  ::  [-4.616174221038818, -0.0006314344354905188, 0.05582118779420853]
1.5271665855564995  ::  0.124683  ::  [-4.609521389007568, -0.000807945616543293, 0.05574747547507286]
1.5735032292161009  ::  0.140634  ::  [-4.598099708557129, -0.0009343404090031981, 0.05557440221309662]
1.5735032292161009  ::  0.156568  ::  [-4.591095447540283, -0.0011296668089926243, 0.0554673857986927]
1.5752274250947058  ::  0.172549  ::  [-4.58167028427124, -0.0013889706460759044, 0.05547020956873894]
1.5752274250947058  ::  0.188536  ::  [-4.572247505187988, -0.0016482943901792169, 0.05546828731894493]
1.5739462310167995  ::  0.204491  ::  [-4.5659637451171875, -0.0018207154935225844, 0.055468522012233734]
1.5730195664454993  ::  0.21977  ::  [-4.5565361976623535, -0.0020810170099139214, 0.055465422570705414]
1.5720346318228422  ::  0.235723  ::  [-4.547108173370361, -0.0023364566732198, 0.05546797066926956]
1.5713844831912216  ::  0.251662  ::  [-4.540823459625244, -0.0025109602138400078, 0.05546555668115616]
1.5709339041494124  ::  0.267645  ::  [-4.531394004821777, -0.0027691854629665613, 0.05546785518527031]
1.5709236588656574  ::  0.28324  ::  [-4.521975040435791, -0.0030311623122543097, 0.05546467378735542]
1.5709236588656574  ::  0.299273  ::  [-4.515692234039307, -0.003202477004379034, 0.05546357482671738]
1.5716336783742213  ::  0.315209  ::  [-4.50626277923584, -0.003466134425252676, 0.05546680837869644]
1.5740498577931135  ::  0.330884  ::  [-4.496842384338379, -0.0037265338469296694, 0.05546589940786362]
1.5740498577931135  ::  0.346732  ::  [-4.490551948547363, -0.003896934911608696, 0.055466726422309875]
1.5749486679992046  ::  0.36269  ::  [-4.481125354766846, -0.0041568465530872345, 0.05546819418668747]
1.5756888897505048  ::  0.378648  ::  [-4.471700668334961, -0.00441333744674921, 0.05546452850103378]
1.5756888897505048  ::  0.393636  ::  [-4.462278366088867, -0.004675042815506458, 0.0554664209485054]
1.5756769369194574  ::  0.408593  ::  [-4.459128379821777, -0.004760204814374447, 0.055468007922172546]
1.5753427912586557  ::  0.42355  ::  [-4.452848434448242, -0.004931243136525154, 0.05546760931611061]
1.5747036349627306  ::  0.43951  ::  [-4.443421363830566, -0.005189245101064444, 0.05546623840928078]
1.573878569455334  ::  0.455466  ::  [-4.437134742736816, -0.005360844545066357, 0.05546974390745163]
1.572987016325236  ::  0.4714  ::  [-4.430851459503174, -0.005532813724130392, 0.05546748265624046]
1.5710990026282563  ::  0.48738  ::  [-4.421415328979492, -0.005791640840470791, 0.055469345301389694]
1.5710990026282563  ::  0.503341  ::  [-4.418273448944092, -0.0058795977383852005, 0.055470965802669525]
1.5691187813774816  ::  0.519336  ::  [-4.411989212036133, -0.006053005810827017, 0.05547090619802475]
1.569024332667865  ::  0.535266  ::  [-4.40256929397583, -0.00631178542971611, 0.05546477437019348]
1.569024332667865  ::  0.551251  ::  [-4.396279811859131, -0.006486048456281424, 0.05546765774488449]
1.5688117430299482  ::  0.566555  ::  [-4.389998435974121, -0.006656286306679249, 0.05546553060412407]
1.569759751942405  ::  0.582532  ::  [-4.3868584632873535, -0.0067434473894536495, 0.055466167628765106]
1.5707831063791433  ::  0.598466  ::  [-4.380573272705078, -0.006915912963449955, 0.05546533316373825]
1.5707831063791433  ::  0.61442  ::  [-4.371145248413086, -0.007175317965447903, 0.05546374246478081]
1.572346259203724  ::  0.630008  ::  [-4.364854335784912, -0.0073502263985574245, 0.05546151101589203]
1.5731723919281784  ::  0.645337  ::  [-4.361723899841309, -0.007432497106492519, 0.055462419986724854]
1.5738209397342122  ::  0.661317  ::  [-4.358576774597168, -0.007520519196987152, 0.05546753853559494]
1.5747391732907559  ::  0.677256  ::  [-4.352297306060791, -0.0076944055035710335, 0.05546567961573601]
1.5754619994040135  ::  0.693233  ::  [-4.346011638641357, -0.00786525011062622, 0.05546500161290169]
1.5754619994040135  ::  0.708193  ::  [-4.339723587036133, -0.008037709631025791, 0.055466316640377045]
1.575665944583762  ::  0.72415  ::  [-4.333446502685547, -0.00820960570126772, 0.05546463280916214]
1.575699028312554  ::  0.740111  ::  [-4.330292224884033, -0.00829872116446495, 0.05546361580491066]
1.5742089798564336  ::  0.756077  ::  [-4.320873737335205, -0.008553501218557358, 0.05546647682785988]
1.5742089798564336  ::  0.772029  ::  [-4.311444282531738, -0.008813567459583282, 0.0554698221385479]
1.572231640091715  ::  0.787168  ::  [-4.302016735076904, -0.009071450680494308, 0.05546897277235985]
1.5700098008990508  ::  0.802685  ::  [-4.298874855041504, -0.009155798703432083, 0.055469486862421036]
1.5700098008990508  ::  0.817885  ::  [-4.289445877075195, -0.009415678679943085, 0.05546799302101135]
1.5688569930331997  ::  0.833835  ::  [-4.283163547515869, -0.009587363339960575, 0.05546671897172928]
1.567783479394744  ::  0.848988  ::  [-4.273734092712402, -0.00984555296599865, 0.05546531453728676]
1.567783479394744  ::  0.864979  ::  [-4.264312744140625, -0.010105892084538937, 0.05546698346734047]
1.5682907276623232  ::  0.880181  ::  [-4.25488805770874, -0.010363882407546043, 0.05546537786722183]
1.5688723609588322  ::  0.895943  ::  [-4.248599052429199, -0.010536333546042442, 0.05546697601675987]
1.5688723609588322  ::  0.910903  ::  [-4.245457649230957, -0.010623807087540627, 0.055467694997787476]
1.5696768291770127  ::  0.926859  ::  [-4.23917818069458, -0.010797926224768162, 0.05546610802412033]
1.5698824819040536  ::  0.942882  ::  [-4.236034393310547, -0.010881089605391026, 0.05546431243419647]
1.5721529861945538  ::  0.958812  ::  [-4.229753017425537, -0.011054263450205326, 0.05546637997031212]
1.5721529861945538  ::  0.974491  ::  [-4.2234697341918945, -0.01122848317027092, 0.05546591803431511]
1.5748643578516375  ::  0.990446  ::  [-4.214041233062744, -0.01148652471601963, 0.055468592792749405]
1.575218033584597  ::  1.006401  ::  [-4.204617023468018, -0.01174547616392374, 0.0554669089615345]
1.5748998961796625  ::  1.021982  ::  [-4.198332786560059, -0.01191517524421215, 0.0554678812623024]
1.5746519816571323  ::  1.03719  ::  [-4.188902854919434, -0.012175755575299263, 0.0554690882563591]
1.5746519816571323  ::  1.053176  ::  [-4.182620525360107, -0.01234836783260107, 0.05546995997428894]
1.573721368382718  ::  1.069179  ::  [-4.176333427429199, -0.012521469965577126, 0.05546944588422775]
1.5705593109621194  ::  1.085118  ::  [-4.166903495788574, -0.012777144089341164, 0.05547182261943817]
1.5705593109621194  ::  1.101051  ::  [-4.157483100891113, -0.013035843148827553, 0.055466242134571075]
1.5686096121191981  ::  1.117061  ::  [-4.151196002960205, -0.013210834935307503, 0.05546899512410164]
1.5683401398121  ::  1.133017  ::  [-4.141761302947998, -0.013466177508234978, 0.05546442046761513]
1.568353266581911  ::  1.149057  ::  [-4.135490894317627, -0.013639798387885094, 0.05546607822179794]
1.568353266581911  ::  1.164983  ::  [-4.129200458526611, -0.013810311444103718, 0.05546536669135094]
1.5690489853819005  ::  1.180149  ::  [-4.122920513153076, -0.013987009413540363, 0.05546560883522034]
1.5690489853819005  ::  1.196086  ::  [-4.113494873046875, -0.014242717996239662, 0.05546607822179794]
1.5711428652493324  ::  1.211073  ::  [-4.10407018661499, -0.014504201710224152, 0.05546605587005615]
1.5723608800774163  ::  1.22703  ::  [-4.097789287567139, -0.01467594038695097, 0.05546336993575096]
1.5723608800774163  ::  1.242127  ::  [-4.0883588790893555, -0.014933978207409382, 0.055464960634708405]
1.573707814726084  ::  1.25811  ::  [-4.085218906402588, -0.015018947422504425, 0.055465638637542725]
1.573707814726084  ::  1.273075  ::  [-4.078927516937256, -0.015194369480013847, 0.055466435849666595]
1.5742805901210128  ::  1.289031  ::  [-4.072651386260986, -0.015363666228950024, 0.055466342717409134]
1.5748334085569609  ::  1.30498  ::  [-4.066364765167236, -0.015537853352725506, 0.05546581745147705]
1.57501835727308  ::  1.320517  ::  [-4.06008768081665, -0.01570889540016651, 0.0554654486477375]
1.574063198006336  ::  1.336468  ::  [-4.056937217712402, -0.015796799212694168, 0.05546797066926956]
1.574063198006336  ::  1.352492  ::  [-4.050652503967285, -0.015966176986694336, 0.055467259138822556]
1.5726474278574394  ::  1.367424  ::  [-4.0412278175354, -0.016224205493927002, 0.055468760430812836]
1.5715632420484056  ::  1.383055  ::  [-4.034936428070068, -0.016397586092352867, 0.05547062307596207]
1.5698921935792798  ::  1.398589  ::  [-4.025513172149658, -0.016657162457704544, 0.055469803512096405]
1.5686077978502  ::  1.414016  ::  [-4.016091346740723, -0.016915373504161835, 0.05546392500400543]
1.5675233985977546  ::  1.429522  ::  [-4.006661891937256, -0.01717318594455719, 0.055466581135988235]
1.5681201863764844  ::  1.44548  ::  [-3.9972336292266846, -0.017429906874895096, 0.055465951561927795]
1.5681201863764844  ::  1.461439  ::  [-3.990948438644409, -0.017604263499379158, 0.05546615272760391]
1.5687387453831938  ::  1.477397  ::  [-3.98153018951416, -0.017865901812911034, 0.05546277016401291]
1.5697149288259766  ::  1.492354  ::  [-3.9752418994903564, -0.01803494244813919, 0.055465228855609894]
1.5710690138289316  ::  1.508311  ::  [-3.968949794769287, -0.01820884644985199, 0.05546116456389427]
1.5739408949315106  ::  1.523411  ::  [-3.962674140930176, -0.018380863592028618, 0.0554664321243763]
1.5748930659904925  ::  1.539369  ::  [-3.9532482624053955, -0.018641535192728043, 0.055465441197156906]
1.5750296697738928  ::  1.554954  ::  [-3.9438233375549316, -0.018899235874414444, 0.05546783283352852]
1.5750296697738928  ::  1.570466  ::  [-3.937537431716919, -0.019070852547883987, 0.055464547127485275]
1.5745133501613222  ::  1.586424  ::  [-3.928114175796509, -0.019329648464918137, 0.055466532707214355]
1.5728088977982866  ::  1.602381  ::  [-3.918689727783203, -0.01958872750401497, 0.05546688288450241]
1.5728088977982866  ::  1.618338  ::  [-3.9123992919921875, -0.019759753718972206, 0.05546868219971657]
1.572339002127731  ::  1.634295  ::  [-3.90925669670105, -0.019845452159643173, 0.05546904355287552]
1.5693615732581343  ::  1.650252  ::  [-3.8998310565948486, -0.02010463736951351, 0.055468641221523285]
1.5693615732581343  ::  1.666509  ::  [-3.893540859222412, -0.020274542272090912, 0.05546678602695465]
1.5672642782961173  ::  1.682467  ::  [-3.8841116428375244, -0.02053246647119522, 0.055464643985033035]
1.5672642782961173  ::  1.698424  ::  [-3.874692678451538, -0.020793285220861435, 0.055468909442424774]
1.5673447464622765  ::  1.714382  ::  [-3.8652682304382324, -0.02105226367712021, 0.055466264486312866]
1.5681460130292837  ::  1.73034  ::  [-3.855846881866455, -0.021311091259121895, 0.05546366050839424]
1.5693922023876936  ::  1.745872  ::  [-3.8495609760284424, -0.02148384042084217, 0.055464472621679306]
1.5704328457407686  ::  1.761829  ::  [-3.8401362895965576, -0.021742697805166245, 0.0554654635488987]
1.5704328457407686  ::  1.777793  ::  [-3.8338491916656494, -0.021914565935730934, 0.05546671152114868]
1.57144296668599  ::  1.79375  ::  [-3.82442307472229, -0.022170741111040115, 0.05546575039625168]
1.5720716642547485  ::  1.809338  ::  [-3.814995288848877, -0.022433381527662277, 0.05546585097908974]
1.5732368518384703  ::  1.824855  ::  [-3.8055732250213623, -0.02269100770354271, 0.05546801909804344]
1.5724069838543138  ::  1.839977  ::  [-3.796142339706421, -0.022948529571294785, 0.05546870455145836]
1.5718339950159732  ::  1.855936  ::  [-3.7867143154144287, -0.02320423349738121, 0.05546808987855911]
1.5702690279223939  ::  1.871991  ::  [-3.7804365158081055, -0.023375239223241806, 0.055467791855335236]
1.5702690279223939  ::  1.887945  ::  [-3.7710022926330566, -0.02363506704568863, 0.05547120049595833]
1.5681073797717908  ::  1.903878  ::  [-3.7615766525268555, -0.02389558218419552, 0.055468473583459854]
1.5681073797717908  ::  1.919859  ::  [-3.755297899246216, -0.02406660094857216, 0.055467236787080765]
1.5676000247825057  ::  1.935002  ::  [-3.752152442932129, -0.02415165863931179, 0.05546940863132477]
1.5661482894187606  ::  1.950937  ::  [-3.742727518081665, -0.024408355355262756, 0.05546700209379196]
1.5661102964915024  ::  1.966894  ::  [-3.736440896987915, -0.024584051221609116, 0.05546741932630539]
1.5661571473203406  ::  1.982891  ::  [-3.730156421661377, -0.02475414052605629, 0.055467281490564346]
1.5661571473203406  ::  1.998832  ::  [-3.7238733768463135, -0.024929523468017578, 0.055463049560785294]
1.5667934221302096  ::  2.014787  ::  [-3.7175889015197754, -0.025099720805883408, 0.055465489625930786]
1.5676592553292144  ::  2.030401  ::  [-3.714449167251587, -0.025185877457261086, 0.055463727563619614]
1.5705531211031842  ::  2.046058  ::  [-3.708164691925049, -0.025357628241181374, 0.05546419322490692]
1.5715023039544045  ::  2.062016  ::  [-3.698744297027588, -0.025616373866796494, 0.05546214431524277]
1.572522563461675  ::  2.077978  ::  [-3.6924571990966797, -0.025791415944695473, 0.05546330660581589]
1.572522563461675  ::  2.093935  ::  [-3.68617582321167, -0.025962088257074356, 0.055466052144765854]
1.5733672657629352  ::  2.109609  ::  [-3.6798830032348633, -0.026133790612220764, 0.055468812584877014]
1.5733672657629352  ::  2.125565  ::  [-3.6735899448394775, -0.026303689926862717, 0.055464573204517365]
1.57783986573053  ::  2.140556  ::  [-3.667311191558838, -0.026478826999664307, 0.05546946078538895]
1.5771446805390696  ::  2.155817  ::  [-3.6578879356384277, -0.026737574487924576, 0.055467963218688965]
1.5758727712495664  ::  2.171773  ::  [-3.651599168777466, -0.026910841464996338, 0.05546596273779869]
1.5758727712495664  ::  2.186992  ::  [-3.6421680450439453, -0.02716989815235138, 0.05546707659959793]
1.5749090742463598  ::  2.202926  ::  [-3.6358842849731445, -0.02734156884253025, 0.05547080934047699]
1.5734282038569365  ::  2.218499  ::  [-3.6264569759368896, -0.027599845081567764, 0.05547004193067551]
1.5712074318813303  ::  2.234064  ::  [-3.617033004760742, -0.02786031924188137, 0.05546746030449867]
1.5712074318813303  ::  2.250021  ::  [-3.607602119445801, -0.02811950072646141, 0.05546475201845169]
1.5708601594507174  ::  2.265978  ::  [-3.6044697761535645, -0.028205523267388344, 0.05546468123793602]
1.5710344359962585  ::  2.281935  ::  [-3.5981807708740234, -0.028376657515764236, 0.05546621233224869]
1.5719516023357443  ::  2.297632  ::  [-3.5950353145599365, -0.028467172756791115, 0.05546509101986885]
1.5734302315693462  ::  2.312928  ::  [-3.588762044906616, -0.028637226670980453, 0.05546426773071289]
1.574915370827001  ::  2.328787  ::  [-3.5793328285217285, -0.028894999995827675, 0.05546367168426514]
1.574915370827001  ::  2.343775  ::  [-3.569912910461426, -0.02915879711508751, 0.05546184256672859]
1.575894329034134  ::  2.359705  ::  [-3.563624858856201, -0.029331635683774948, 0.05546420067548752]
1.5776137224359792  ::  2.375686  ::  [-3.5542049407958984, -0.029585901647806168, 0.05546342208981514]
1.5779489353138387  ::  2.391646  ::  [-3.5447750091552734, -0.029846668243408203, 0.05546724423766136]
1.578310188287909  ::  2.407576  ::  [-3.535346746444702, -0.030108442530035973, 0.055466290563344955]
1.5780727324925452  ::  2.423531  ::  [-3.5259201526641846, -0.030368205159902573, 0.055466871708631516]
1.576268495334604  ::  2.439488  ::  [-3.519636392593384, -0.030536439269781113, 0.05546696484088898]
1.575178973440281  ::  2.455071  ::  [-3.5101988315582275, -0.03079434670507908, 0.0554693266749382]
1.574103218646004  ::  2.470511  ::  [-3.500779390335083, -0.031054090708494186, 0.055468130856752396]
1.574103218646004  ::  2.486468  ::  [-3.4944934844970703, -0.03122638165950775, 0.05546804890036583]
1.5724700563824305  ::  2.502425  ::  [-3.485049247741699, -0.031487755477428436, 0.05546628311276436]
1.5720292957375532  ::  2.518387  ::  [-3.4756369590759277, -0.03175007924437523, 0.055469345301389694]
1.573327778731796  ::  2.534041  ::  [-3.4693570137023926, -0.03192257508635521, 0.055465541779994965]
1.5740755777242068  ::  2.549997  ::  [-3.4599390029907227, -0.032179828733205795, 0.05546238645911217]
1.5744239173718773  ::  2.565491  ::  [-3.4536502361297607, -0.03235659748315811, 0.05546518415212631]
1.5744239173718773  ::  2.580705  ::  [-3.4505066871643066, -0.032442040741443634, 0.05546678602695465]
1.5758960365814267  ::  2.596591  ::  [-3.441077470779419, -0.03270040452480316, 0.05546357482671738]
1.5772582324340212  ::  2.611743  ::  [-3.4285173416137695, -0.033047109842300415, 0.05546734854578972]
1.5772582324340212  ::  2.627702  ::  [-3.4285173416137695, -0.033047109842300415, 0.05546734854578972]
1.5791238345727865  ::  2.643659  ::  [-3.4190924167633057, -0.03330911323428154, 0.05546599254012108]
1.5796516801295817  ::  2.659617  ::  [-3.412799835205078, -0.03347986191511154, 0.05546607822179794]
1.579047528553153  ::  2.67458  ::  [-3.403383255004883, -0.033738873898983, 0.05546597018837929]
1.5779740149146972  ::  2.69053  ::  [-3.3939530849456787, -0.03399854153394699, 0.05546601861715317]
1.5779740149146972  ::  2.705491  ::  [-3.387665033340454, -0.034172601997852325, 0.05546755716204643]
1.5760251698454222  ::  2.72143  ::  [-3.3813836574554443, -0.034344207495450974, 0.05546864494681358]
1.5760251698454222  ::  2.73739  ::  [-3.3750977516174316, -0.03451354056596756, 0.05546952039003372]
1.575322620856263  ::  2.753344  ::  [-3.368814468383789, -0.034689050167798996, 0.055467646569013596]
1.5733241501937996  ::  2.769183  ::  [-3.3625307083129883, -0.034860894083976746, 0.055465780198574066]
1.5733241501937996  ::  2.785139  ::  [-3.3531031608581543, -0.03512056544423103, 0.0554685965180397]
1.5726420917721502  ::  2.801096  ::  [-3.3468258380889893, -0.0352935865521431, 0.05546422302722931]
1.5726420917721502  ::  2.817054  ::  [-3.3373947143554688, -0.035554178059101105, 0.05546511337161064]
1.573650611891785  ::  2.833012  ::  [-3.3311145305633545, -0.03572574257850647, 0.05546454340219498]
1.574578450401849  ::  2.848969  ::  [-3.327972412109375, -0.03581191226840019, 0.055464133620262146]
1.574578450401849  ::  2.864927  ::  [-3.3185484409332275, -0.03607345372438431, 0.055463358759880066]
1.5761036102991717  ::  2.880606  ::  [-3.3154075145721436, -0.03615804389119148, 0.05546410381793976]
1.5767086156492467  ::  2.895843  ::  [-3.3028364181518555, -0.036506351083517075, 0.05546683818101883]
1.5767086156492467  ::  2.911552  ::  [-3.3028364181518555, -0.036506351083517075, 0.05546683818101883]
1.578523524977766  ::  2.92751  ::  [-3.287126064300537, -0.03693794086575508, 0.05546494200825691]
1.578523524977766  ::  2.943467  ::  [-3.287126064300537, -0.03693794086575508, 0.05546494200825691]
1.5782179807341137  ::  2.959424  ::  [-3.280843734741211, -0.03711121156811714, 0.05546484887599945]
1.5769038096491208  ::  2.975073  ::  [-3.2714080810546875, -0.03736916929483414, 0.05546647310256958]
1.5769038096491208  ::  2.991033  ::  [-3.2619924545288086, -0.037627674639225006, 0.05546604096889496]
1.5757498278445061  ::  3.006888  ::  [-3.2525599002838135, -0.03788801282644272, 0.055468976497650146]
1.5743309627661417  ::  3.02284  ::  [-3.246272563934326, -0.038060158491134644, 0.055468130856752396]
1.571668576372012  ::  3.038826  ::  [-3.2368481159210205, -0.038317643105983734, 0.05546977370977402]
1.571668576372012  ::  3.054664  ::  [-3.2337043285369873, -0.0384034588932991, 0.05546613782644272]
1.570599118158376  ::  3.070647  ::  [-3.224277973175049, -0.038660045713186264, 0.05546911805868149]
1.5700784229558682  ::  3.086602  ::  [-3.217998743057251, -0.038830384612083435, 0.055464111268520355]
1.5700784229558682  ::  3.102534  ::  [-3.2085721492767334, -0.03909199684858322, 0.05546607822179794]
1.5698682879171846  ::  3.118554  ::  [-3.199150562286377, -0.039351023733615875, 0.05546298995614052]
1.570856424191015  ::  3.134209  ::  [-3.189723491668701, -0.03961233049631119, 0.05546342208981514]
1.5716433900494475  ::  3.150164  ::  [-3.1834399700164795, -0.03978342562913895, 0.05546247959136963]
1.573300564696822  ::  3.166136  ::  [-3.174011707305908, -0.04004374146461487, 0.05546150729060173]
1.5738368412683736  ::  3.182107  ::  [-3.170875072479248, -0.040126439183950424, 0.05546480417251587]
1.57595590745837  ::  3.197882  ::  [-3.164577007293701, -0.04029785841703415, 0.05546228215098381]
1.5765105401633162  ::  3.213786  ::  [-3.1551568508148193, -0.04056032747030258, 0.05546281486749649]
1.5765105401633162  ::  3.229327  ::  [-3.148883819580078, -0.040729206055402756, 0.05546145513653755]
1.5760676450843232  ::  3.245285  ::  [-3.1394524574279785, -0.040991298854351044, 0.055467914789915085]
1.5752859085894741  ::  3.261241  ::  [-3.1300251483917236, -0.041246529668569565, 0.05546620860695839]
1.5752471686102754  ::  3.276723  ::  [-3.126884937286377, -0.04133514314889908, 0.0554669164121151]
1.5739301160392265  ::  3.292705  ::  [-3.120595932006836, -0.04150841012597084, 0.05546901375055313]
1.5739301160392265  ::  3.308665  ::  [-3.1111702919006348, -0.04176764190196991, 0.05546916276216507]
1.572236015681652  ::  3.323946  ::  [-3.101741075515747, -0.04202660173177719, 0.05546654015779495]
1.5710892909530303  ::  3.339904  ::  [-3.092315673828125, -0.0422859862446785, 0.05546649545431137]
1.5705176894968647  ::  3.356009  ::  [-3.086021661758423, -0.04245850071310997, 0.05546535179018974]
1.5704005090639168  ::  3.371992  ::  [-3.076608419418335, -0.042717792093753815, 0.05546628683805466]
1.5713209837762818  ::  3.387952  ::  [-3.0671849250793457, -0.04297398775815964, 0.055462248623371124]
1.5719798835877763  ::  3.403908  ::  [-3.057756185531616, -0.04323791712522507, 0.05546356737613678]
1.573113481546587  ::  3.419898  ::  [-3.0514776706695557, -0.043411776423454285, 0.05546233430504799]
1.574533947450538  ::  3.435845  ::  [-3.0451927185058594, -0.04358339682221413, 0.0554630346596241]
1.574533947450538  ::  3.45078  ::  [-3.035766839981079, -0.04384034126996994, 0.0554625540971756]
1.5761448048776032  ::  3.46679  ::  [-3.0326242446899414, -0.043925218284130096, 0.05546485632658005]
1.5761448048776032  ::  3.482767  ::  [-3.0263359546661377, -0.044099826365709305, 0.05546155571937561]
1.5768542907776384  ::  3.498682  ::  [-3.0169196128845215, -0.04435812309384346, 0.055465273559093475]
1.5767707276820113  ::  3.514772  ::  [-3.004347085952759, -0.044703174382448196, 0.05546381697058678]
1.5749239085634634  ::  3.53073  ::  [-2.9949190616607666, -0.044962700456380844, 0.05546342581510544]
1.5736010930203024  ::  3.546189  ::  [-2.9854931831359863, -0.04521999880671501, 0.05546753853559494]
1.5736010930203024  ::  3.562122  ::  [-2.976064920425415, -0.04548042267560959, 0.05546829476952553]
1.5727075121777943  ::  3.578108  ::  [-2.9697792530059814, -0.045651860535144806, 0.05546822398900986]
1.5708314513118622  ::  3.594063  ::  [-2.9603545665740967, -0.04590944945812225, 0.05546589568257332]
1.5708314513118622  ::  3.60958  ::  [-2.950929880142212, -0.046171654015779495, 0.05546483024954796]
1.5717634519684516  ::  3.625537  ::  [-2.9446468353271484, -0.04634130746126175, 0.05546253174543381]
1.5724932149925852  ::  3.641495  ::  [-2.9352219104766846, -0.046601802110672, 0.05546219274401665]
1.5724932149925852  ::  3.657457  ::  [-2.9257943630218506, -0.0468624047935009, 0.05546124279499054]
1.5736384456173258  ::  3.673557  ::  [-2.916365385055542, -0.0471232533454895, 0.05546225607395172]
1.5752790784003041  ::  3.689502  ::  [-2.9069437980651855, -0.04738215357065201, 0.05546319857239723]
1.577108822045927  ::  3.705498  ::  [-2.897519588470459, -0.047640684992074966, 0.05546462535858154]
1.577108822045927  ::  3.721412  ::  [-2.8880879878997803, -0.0478971004486084, 0.055463943630456924]
1.5774622843354753  ::  3.737369  ::  [-2.878666400909424, -0.04815742373466492, 0.055465444922447205]
1.5766119257838087  ::  3.752797  ::  [-2.8692266941070557, -0.04841867834329605, 0.05546460300683975]
1.5757146096815982  ::  3.768794  ::  [-2.8597960472106934, -0.04867354780435562, 0.055468153208494186]
1.574190730444745  ::  3.784324  ::  [-2.850370168685913, -0.04893406108021736, 0.05546795576810837]
1.5725107173523334  ::  3.800324  ::  [-2.84093976020813, -0.04919343814253807, 0.05546526238322258]
1.5715629218832883  ::  3.815812  ::  [-2.828378200531006, -0.04954034462571144, 0.05546598136425018]
1.5717825551537865  ::  3.831772  ::  [-2.818962335586548, -0.049799270927906036, 0.055464621633291245]
1.5725578883462887  ::  3.847729  ::  [-2.8126776218414307, -0.049969382584095, 0.05546582490205765]
1.5740575417559297  ::  3.863124  ::  [-2.800114631652832, -0.050315309315919876, 0.05546274408698082]
1.5756660513054677  ::  3.878369  ::  [-2.790687322616577, -0.05057550221681595, 0.055460818111896515]
1.5756660513054677  ::  3.89433  ::  [-2.781244993209839, -0.050837546586990356, 0.05546405538916588]
1.5778422136080572  ::  3.910285  ::  [-2.7718358039855957, -0.05109380558133125, 0.05546336621046066]
1.5778422136080572  ::  3.925941  ::  [-2.7624104022979736, -0.05135561525821686, 0.05546564608812332]
1.5780398622071645  ::  3.941899  ::  [-2.7592689990997314, -0.05144010856747627, 0.0554642416536808]
1.5784597053977087  ::  3.957856  ::  [-2.752986192703247, -0.05161381885409355, 0.05546458810567856]
1.578549885239094  ::  3.973818  ::  [-2.7466938495635986, -0.05178418010473251, 0.05546576529741287]
1.5785229913692371  ::  3.989776  ::  [-2.740412712097168, -0.05195826664566994, 0.055466677993535995]
1.5777247130099918  ::  4.005378  ::  [-2.734121322631836, -0.05212926119565964, 0.05546734854578972]
1.574529038252072  ::  4.021389  ::  [-2.7246851921081543, -0.05239059403538704, 0.05547022074460983]
1.5738027970442292  ::  4.037344  ::  [-2.712116241455078, -0.05273526534438133, 0.05546305701136589]
1.5738027970442292  ::  4.052754  ::  [-2.705845594406128, -0.05290829390287399, 0.055467236787080765]
1.5725833948339705  ::  4.068069  ::  [-2.696422815322876, -0.05316959694027901, 0.05546707287430763]
1.5720913010486122  ::  4.084052  ::  [-2.6869912147521973, -0.05342889577150345, 0.055467166006565094]
1.5724600245420872  ::  4.099174  ::  [-2.6775684356689453, -0.053684085607528687, 0.055463217198848724]
1.5732192427570164  ::  4.11535  ::  [-2.668144702911377, -0.053947292268276215, 0.05546268820762634]
1.574567244622742  ::  4.131326  ::  [-2.6587183475494385, -0.05420631915330887, 0.0554640032351017]
1.5759719157142373  ::  4.147281  ::  [-2.6492857933044434, -0.054465822875499725, 0.055461104959249496]
