1.433264824682047  ::  0.015986  ::  [-4.649738788604736, 9.935590060194954e-05, 0.05546620115637779]
1.433346786952087  ::  0.032104  ::  [-4.649740219116211, 9.932343527907506e-05, 0.05546623840928078]
1.433426934953129  ::  0.048046  ::  [-4.649739742279053, 9.930457599693909e-05, 0.055466488003730774]
1.4645984242211862  ::  0.063401  ::  [-4.647878646850586, 4.807775258086622e-05, 0.05670852214097977]
1.504545212468829  ::  0.079326  ::  [-4.64002799987793, -0.0001743065658956766, 0.05646025761961937]
1.39947193015488  ::  0.09526  ::  [-4.627682685852051, -0.0004967125714756548, 0.055766671895980835]
1.39947193015488  ::  0.111218  ::  [-4.615818977355957, -0.0008829302387312055, 0.05586596205830574]
1.4006856761147324  ::  0.12718  ::  [-4.6097307205200195, -0.0010301843285560608, 0.05590265244245529]
1.5646322008664293  ::  0.142534  ::  [-4.593801021575928, -0.0012638299958780408, 0.05555441230535507]
1.5646322008664293  ::  0.158491  ::  [-4.593801021575928, -0.0012638299958780408, 0.05555441230535507]
1.5562186884694431  ::  0.174448  ::  [-4.586874008178711, -0.0014889220474287868, 0.055466603487730026]
1.5559899838539535  ::  0.190427  ::  [-4.583743572235107, -0.0015727294376119971, 0.05546700581908226]
1.5555523181385438  ::  0.206567  ::  [-4.5774407386779785, -0.0017430530861020088, 0.05546847730875015]
1.5550841300152805  ::  0.222514  ::  [-4.5711750984191895, -0.0019118944182991982, 0.05546727776527405]
1.5528813940079513  ::  0.238042  ::  [-4.564883232116699, -0.002083786064758897, 0.05546874552965164]
1.5517865360283394  ::  0.253994  ::  [-4.558599472045898, -0.0022530790884047747, 0.05547001212835312]
1.5517865360283394  ::  0.269986  ::  [-4.552317142486572, -0.002422713441774249, 0.055468253791332245]
1.5505086503233123  ::  0.285415  ::  [-4.5428900718688965, -0.0026760955806821585, 0.05546664446592331]
1.5498721620700318  ::  0.301346  ::  [-4.533457279205322, -0.0029358372557908297, 0.055467844009399414]
1.5498879568824875  ::  0.317331  ::  [-4.524039268493652, -0.0031891006510704756, 0.05546388030052185]
1.5502738625705932  ::  0.333315  ::  [-4.5177507400512695, -0.0033627364318817854, 0.055467069149017334]
1.5530629276294856  ::  0.34927  ::  [-4.508327960968018, -0.0036171600222587585, 0.05546632036566734]
1.5530629276294856  ::  0.365248  ::  [-4.498905658721924, -0.0038718036375939846, 0.055463843047618866]
1.55586661356207  ::  0.381187  ::  [-4.492620944976807, -0.0040438538417220116, 0.055465083569288254]
1.55586661356207  ::  0.397148  ::  [-4.4831929206848145, -0.004296689759939909, 0.055464498698711395]
1.5580397876568977  ::  0.413109  ::  [-4.473767280578613, -0.004555087070912123, 0.05546467751264572]
1.5580397876568977  ::  0.429061  ::  [-4.467487335205078, -0.004727461375296116, 0.05546542629599571]
1.5581917593659305  ::  0.445024  ::  [-4.461197853088379, -0.004897122271358967, 0.05546767637133598]
1.5570153660031016  ::  0.459957  ::  [-4.451779842376709, -0.005153540521860123, 0.05546555295586586]
1.5570153660031016  ::  0.475504  ::  [-4.442347526550293, -0.005406177137047052, 0.05546898394823074]
1.556315805221704  ::  0.491485  ::  [-4.436061859130859, -0.00557855237275362, 0.05546800047159195]
1.5550886123269232  ::  0.507459  ::  [-4.426633358001709, -0.005831635557115078, 0.05546814948320389]
1.5526392424575333  ::  0.523351  ::  [-4.417203426361084, -0.0060893576592206955, 0.0554700642824173]
1.5518795973557808  ::  0.539348  ::  [-4.410920143127441, -0.006260178983211517, 0.05546927452087402]
1.5530095667765949  ::  0.555295  ::  [-4.407777309417725, -0.0063431235030293465, 0.055466629564762115]
1.552674033733618  ::  0.571222  ::  [-4.404638290405273, -0.00643056770786643, 0.05546858161687851]
1.552674033733618  ::  0.587206  ::  [-4.395213603973389, -0.006688395049422979, 0.055467814207077026]
1.553092489541987  ::  0.603177  ::  [-4.3857831954956055, -0.006943099200725555, 0.05546741187572479]
1.5552319395777878  ::  0.618096  ::  [-4.3763580322265625, -0.007199072744697332, 0.05546576529741287]
1.5552319395777878  ::  0.633506  ::  [-4.370073318481445, -0.0073691136203706264, 0.055465225130319595]
1.5576660482432512  ::  0.649469  ::  [-4.36065149307251, -0.007628127001225948, 0.05546329542994499]
1.5576660482432512  ::  0.665421  ::  [-4.351223468780518, -0.007883663289248943, 0.055465199053287506]
1.5581389321215686  ::  0.681128  ::  [-4.344939231872559, -0.008054007776081562, 0.055467382073402405]
1.558451306554391  ::  0.697112  ::  [-4.341790676116943, -0.008141474798321724, 0.055466536432504654]
1.5593333614526745  ::  0.713069  ::  [-4.335511207580566, -0.008308792486786842, 0.05546708032488823]
1.5598584322451194  ::  0.729044  ::  [-4.329225540161133, -0.008481149561703205, 0.05546730011701584]
1.5585081892235726  ::  0.744414  ::  [-4.31979513168335, -0.008736634626984596, 0.05546766147017479]
1.5585081892235726  ::  0.760374  ::  [-4.313514709472656, -0.008906112052500248, 0.055469971150159836]
1.5573745912647619  ::  0.776329  ::  [-4.304083824157715, -0.009162950329482555, 0.055470678955316544]
1.555323186636231  ::  0.791264  ::  [-4.294659614562988, -0.009417891502380371, 0.05546923726797104]
1.5546684489712617  ::  0.807222  ::  [-4.291514873504639, -0.009505169466137886, 0.05546962097287178]
1.553215646390459  ::  0.823202  ::  [-4.282086372375488, -0.009758091531693935, 0.05547025427222252]
1.5525434063657415  ::  0.838595  ::  [-4.275804042816162, -0.009929518215358257, 0.055467639118433]
1.551751638030549  ::  0.854582  ::  [-4.2663655281066895, -0.010187510401010513, 0.05546659603714943]
1.5523677424380253  ::  0.870544  ::  [-4.256950855255127, -0.010440656915307045, 0.05546721816062927]
1.5523677424380253  ::  0.886499  ::  [-4.247531414031982, -0.010697340592741966, 0.055462732911109924]
1.5537965326350274  ::  0.902424  ::  [-4.23809289932251, -0.010953475721180439, 0.055464908480644226]
1.5548768764626528  ::  0.918383  ::  [-4.234959602355957, -0.011040346696972847, 0.05546519160270691]
1.5570546395908291  ::  0.934341  ::  [-4.228675365447998, -0.011209002695977688, 0.05546592175960541]
1.5570546395908291  ::  0.950323  ::  [-4.219252109527588, -0.01146680023521185, 0.055465638637542725]
1.5580775671407443  ::  0.966295  ::  [-4.212964057922363, -0.011635985225439072, 0.05546450987458229]
1.5583959179890905  ::  0.982237  ::  [-4.209827899932861, -0.011720176786184311, 0.05546444281935692]
1.5592209834964867  ::  0.998174  ::  [-4.200392723083496, -0.011976918205618858, 0.0554690882563591]
1.559729619146241  ::  1.014131  ::  [-4.194112300872803, -0.012147365137934685, 0.05546785518527031]
1.5588509793425425  ::  1.029713  ::  [-4.184679985046387, -0.012404927052557468, 0.05546971410512924]
1.5582238825993706  ::  1.045693  ::  [-4.175250053405762, -0.01265663467347622, 0.055470116436481476]
1.5561935021468787  ::  1.061656  ::  [-4.172118663787842, -0.012743575498461723, 0.05546531453728676]
1.5549737797715024  ::  1.077275  ::  [-4.162677764892578, -0.013000013306736946, 0.055465929210186005]
1.5549737797715024  ::  1.093274  ::  [-4.156402587890625, -0.013170866295695305, 0.05546734482049942]
1.5547801865972148  ::  1.109182  ::  [-4.153255462646484, -0.013254357501864433, 0.05547038093209267]
1.5543013263033736  ::  1.125143  ::  [-4.146966934204102, -0.013426567427814007, 0.05546778813004494]
1.5518092677516708  ::  1.141111  ::  [-4.137533187866211, -0.013685239478945732, 0.05546549707651138]
1.552474250700395  ::  1.157064  ::  [-4.13126277923584, -0.013852437026798725, 0.05546800047159195]
1.552474250700395  ::  1.17302  ::  [-4.121840000152588, -0.014110015705227852, 0.0554669015109539]
1.5529829930718553  ::  1.18898  ::  [-4.115555286407471, -0.014279691502451897, 0.05546693131327629]
1.5541396429191146  ::  1.2042  ::  [-4.106132984161377, -0.014537674374878407, 0.05546475946903229]
1.5565347981619677  ::  1.220121  ::  [-4.099845886230469, -0.01471024565398693, 0.05546427518129349]
1.5617931900492312  ::  1.235309  ::  [-4.093565464019775, -0.01487749069929123, 0.05546420067548752]
1.5622682083616646  ::  1.251232  ::  [-4.08413028717041, -0.015134034678339958, 0.05546685308218002]
1.5622682083616646  ::  1.267219  ::  [-4.0778398513793945, -0.015304960310459137, 0.05546700209379196]
1.5625682030766161  ::  1.283184  ::  [-4.068419456481934, -0.01556171290576458, 0.05546841025352478]
1.562098093962649  ::  1.299141  ::  [-4.058992385864258, -0.015817703679203987, 0.05546725168824196]
1.5616383368541424  ::  1.315099  ::  [-4.049565315246582, -0.0160740427672863, 0.0554695762693882]
1.561111131627582  ::  1.331056  ::  [-4.043280601501465, -0.016246838495135307, 0.05546729639172554]
1.5599732648005402  ::  1.347014  ::  [-4.036999225616455, -0.016416624188423157, 0.055468231439590454]
1.557281209772203  ::  1.363117  ::  [-4.030711650848389, -0.016585422679781914, 0.05546855553984642]
1.557281209772203  ::  1.378822  ::  [-4.0212812423706055, -0.016844764351844788, 0.05547039955854416]
1.5491959733422005  ::  1.394274  ::  [-4.011849880218506, -0.017098430544137955, 0.0554664209485054]
1.5494635246585946  ::  1.410309  ::  [-4.0024261474609375, -0.017355073243379593, 0.05546707659959793]
1.5494635246585946  ::  1.425946  ::  [-3.99300217628479, -0.017611343413591385, 0.055465687066316605]
1.5498465488606443  ::  1.441911  ::  [-3.986710548400879, -0.0177810899913311, 0.05546370521187782]
1.550751015317142  ::  1.45717  ::  [-3.977293014526367, -0.018036091700196266, 0.055465489625930786]
1.5537093410014038  ::  1.47313  ::  [-3.9709970951080322, -0.018206944689154625, 0.05546337738633156]
1.5537093410014038  ::  1.488093  ::  [-3.9615793228149414, -0.01846361719071865, 0.0554652139544487]
1.554864176579665  ::  1.504046  ::  [-3.9552907943725586, -0.018633853644132614, 0.0554683543741703]
1.5575798171049797  ::  1.520024  ::  [-3.9458675384521484, -0.01889037899672985, 0.055468447506427765]
1.5576052168709555  ::  1.535971  ::  [-3.9364278316497803, -0.019145164638757706, 0.055467359721660614]
1.5576052168709555  ::  1.552004  ::  [-3.9301605224609375, -0.019314859062433243, 0.05546817183494568]
1.5562631914207539  ::  1.567956  ::  [-3.923870325088501, -0.019484449177980423, 0.055467359721660614]
1.5549018493418056  ::  1.583926  ::  [-3.9144434928894043, -0.019738081842660904, 0.05546525493264198]
1.5549018493418056  ::  1.59987  ::  [-3.9050114154815674, -0.019996721297502518, 0.05546841025352478]
1.5524961286500802  ::  1.615823  ::  [-3.8987324237823486, -0.02016676962375641, 0.05546797811985016]
1.5516159947425008  ::  1.631756  ::  [-3.889307975769043, -0.020424513146281242, 0.05546801537275314]
1.550967340214761  ::  1.646745  ::  [-3.879865884780884, -0.02067689597606659, 0.055467065423727036]
1.550967340214761  ::  1.662727  ::  [-3.870454788208008, -0.020933479070663452, 0.05546724051237106]
1.550937137972025  ::  1.678506  ::  [-3.8641719818115234, -0.0211050882935524, 0.05546607822179794]
1.5514019110007031  ::  1.694291  ::  [-3.8547463417053223, -0.021361324936151505, 0.05546767637133598]
1.5516024410858664  ::  1.710249  ::  [-3.851599931716919, -0.021450724452733994, 0.05546114966273308]
1.5520438420609786  ::  1.726206  ::  [-3.8484673500061035, -0.021532488986849785, 0.0554630421102047]
1.5531777601849064  ::  1.742161  ::  [-3.84218430519104, -0.021703412756323814, 0.05546433478593826]
1.5549992862591842  ::  1.758116  ::  [-3.832751750946045, -0.021959463134407997, 0.055468060076236725]
1.5556818782893624  ::  1.773817  ::  [-3.8264718055725098, -0.02213025838136673, 0.05546627566218376]
1.557222619555729  ::  1.7898  ::  [-3.8170347213745117, -0.022387783974409103, 0.055463455617427826]
1.5573737374911156  ::  1.805758  ::  [-3.8076183795928955, -0.022639678791165352, 0.055467937141656876]
1.55719679290293  ::  1.82171  ::  [-3.7981910705566406, -0.02289734221994877, 0.055469758808612823]
1.5564548636043374  ::  1.837597  ::  [-3.788763999938965, -0.02315075695514679, 0.05546921119093895]
1.5547275727962646  ::  1.853582  ::  [-3.7824792861938477, -0.023323658853769302, 0.055469222366809845]
1.5547275727962646  ::  1.868521  ::  [-3.77305269241333, -0.023577764630317688, 0.05546807497739792]
1.5544164790239117  ::  1.883734  ::  [-3.7699146270751953, -0.023662708699703217, 0.05546897277235985]
1.553329838615645  ::  1.899689  ::  [-3.7636232376098633, -0.02383148856461048, 0.05547026917338371]
1.5513325418919452  ::  1.915619  ::  [-3.7541990280151367, -0.02408761903643608, 0.0554678812623024]
1.5501131396816863  ::  1.931576  ::  [-3.735349178314209, -0.024598363786935806, 0.05546562746167183]
1.5503117487761455  ::  1.953519  ::  [-3.732206344604492, -0.02468566969037056, 0.055466122925281525]
1.5503117487761455  ::  1.964491  ::  [-3.732206344604492, -0.02468566969037056, 0.055466122925281525]
1.5503117487761455  ::  1.979449  ::  [-3.732206344604492, -0.02468566969037056, 0.055466122925281525]
1.5503117487761455  ::  1.995407  ::  [-3.732206344604492, -0.02468566969037056, 0.055466122925281525]
1.5503117487761455  ::  2.012362  ::  [-3.732206344604492, -0.02468566969037056, 0.055466122925281525]
1.5502159126843538  ::  2.027348  ::  [-3.732206344604492, -0.02468566969037056, 0.055466122925281525]
1.5504461114037245  ::  2.042281  ::  [-3.7290656566619873, -0.02477075159549713, 0.055463120341300964]
1.5515726657299533  ::  2.057239  ::  [-3.725909948348999, -0.02485589310526848, 0.055465638637542725]
1.5525268645013455  ::  2.073197  ::  [-3.7196388244628906, -0.025028204545378685, 0.05546336621046066]
1.5536719884043804  ::  2.089154  ::  [-3.7133517265319824, -0.025200072675943375, 0.0554654598236084]
1.5536719884043804  ::  2.104115  ::  [-3.7070696353912354, -0.025369396433234215, 0.055467549711465836]
1.556292966776667  ::  2.120075  ::  [-3.700786828994751, -0.02553759142756462, 0.05546512082219124]
1.5575216537753287  ::  2.135359  ::  [-3.6850802898406982, -0.025965023785829544, 0.05546513572335243]
1.5579451255038697  ::  2.151317  ::  [-3.67879581451416, -0.026135439053177834, 0.05546510964632034]
1.5583211060733375  ::  2.167274  ::  [-3.6725053787231445, -0.02630685828626156, 0.05546961724758148]
1.5581541933254954  ::  2.183232  ::  [-3.6725053787231445, -0.02630685828626156, 0.05546961724758148]
1.5581541933254954  ::  2.198756  ::  [-3.666226863861084, -0.02647889032959938, 0.05546661466360092]
1.557952275858157  ::  2.214683  ::  [-3.6599392890930176, -0.026648422703146935, 0.055467333644628525]
1.556806618346593  ::  2.235627  ::  [-3.647357940673828, -0.026986856013536453, 0.05546589940786362]
1.556806618346593  ::  2.2456  ::  [-3.647357940673828, -0.026986856013536453, 0.05546589940786362]
1.5563598812861918  ::  2.261586  ::  [-3.647357940673828, -0.026986856013536453, 0.05546589940786362]
1.5563598812861918  ::  2.277538  ::  [-3.64422607421875, -0.027073267847299576, 0.0554693304002285]
1.5545586323360125  ::  2.293501  ::  [-3.6410868167877197, -0.02716054394841194, 0.05546734482049942]
1.5545586323360125  ::  2.30943  ::  [-3.63478684425354, -0.02732919529080391, 0.05546647310256958]
1.5530840585272303  ::  2.325415  ::  [-3.6285133361816406, -0.027498507872223854, 0.05546978861093521]
1.5516916604318998  ::  2.340108  ::  [-3.6190876960754395, -0.027753856033086777, 0.055465217679739]
1.5514237889503883  ::  2.356093  ::  [-3.61594557762146, -0.027841368690133095, 0.05546848103404045]
1.5513948673681215  ::  2.371296  ::  [-3.600234031677246, -0.028268367052078247, 0.0554669015109539]
1.552299974154854  ::  2.387262  ::  [-3.600234031677246, -0.028268367052078247, 0.0554669015109539]
1.552635934084654  ::  2.404192  ::  [-3.5876708030700684, -0.028608322143554688, 0.055464811623096466]
1.552635934084654  ::  2.419154  ::  [-3.5876708030700684, -0.028608322143554688, 0.055464811623096466]
1.555205472594754  ::  2.435111  ::  [-3.5782406330108643, -0.02886599861085415, 0.05546710267663002]
1.555205472594754  ::  2.450098  ::  [-3.571958541870117, -0.02903868816792965, 0.05546458810567856]
1.5562975558100156  ::  2.466059  ::  [-3.5656769275665283, -0.029207643121480942, 0.05546417087316513]
1.5585301738949635  ::  2.481991  ::  [-3.559390068054199, -0.0293799489736557, 0.05546454340219498]
1.5593982482497897  ::  2.49797  ::  [-3.5531060695648193, -0.02954966388642788, 0.055465105921030045]
1.5600092300153885  ::  2.513927  ::  [-3.5436785221099854, -0.029803145676851273, 0.05546753108501434]
1.5600092300153885  ::  2.529908  ::  [-3.5373926162719727, -0.029977377504110336, 0.05546916648745537]
1.5591032694550098  ::  2.544867  ::  [-3.5279669761657715, -0.030231241136789322, 0.055468782782554626]
1.5591032694550098  ::  2.560825  ::  [-3.5216822624206543, -0.030403127893805504, 0.05546940863132477]
1.557442466269639  ::  2.576782  ::  [-3.512256383895874, -0.030657101422548294, 0.05546925961971283]
1.5562580687788765  ::  2.592258  ::  [-3.5059731006622314, -0.030825912952423096, 0.05546706169843674]
1.5543070892754858  ::  2.607813  ::  [-3.4965460300445557, -0.031084727495908737, 0.05546775087714195]
1.5543070892754858  ::  2.62377  ::  [-3.487116575241089, -0.03134005144238472, 0.05546829476952553]
1.5530341127689247  ::  2.639727  ::  [-3.483976125717163, -0.0314241498708725, 0.055467184633016586]
1.5530447849395028  ::  2.655684  ::  [-3.477689504623413, -0.03159729391336441, 0.05546785518527031]
1.5532256782308023  ::  2.671153  ::  [-3.4745430946350098, -0.03168284520506859, 0.055468060076236725]
1.5532256782308023  ::  2.686137  ::  [-3.4682657718658447, -0.03185402601957321, 0.055466555058956146]
1.5536050738948555  ::  2.70207  ::  [-3.458836078643799, -0.03211004659533501, 0.05546683818101883]
1.556073760392992  ::  2.718028  ::  [-3.4494149684906006, -0.032366540282964706, 0.05546557158231735]
1.556073760392992  ::  2.734009  ::  [-3.4431328773498535, -0.03253695368766785, 0.05546464025974274]
1.557309597745941  ::  2.749966  ::  [-3.433702230453491, -0.03279442712664604, 0.05546458810567856]
1.559186725828931  ::  2.765925  ::  [-3.424271821975708, -0.03305313363671303, 0.055459775030612946]
1.559186725828931  ::  2.781885  ::  [-3.4179975986480713, -0.03321954980492592, 0.05546237900853157]
1.5596145731474087  ::  2.797879  ::  [-3.411694049835205, -0.03339221701025963, 0.05546559393405914]
1.5596306881249817  ::  2.812802  ::  [-3.402280807495117, -0.03364679962396622, 0.05546760559082031]
1.5580217516886206  ::  2.828723  ::  [-3.3928489685058594, -0.0339030921459198, 0.05546482652425766]
1.5553540292092018  ::  2.84468  ::  [-3.386569023132324, -0.03407051041722298, 0.05546795204281807]
1.55400517356983  ::  2.860637  ::  [-3.38028621673584, -0.034244053065776825, 0.05546493083238602]
1.55400517356983  ::  2.876596  ::  [-3.3708600997924805, -0.0344993956387043, 0.05546729266643524]
1.5511194186454997  ::  2.892552  ::  [-3.3614280223846436, -0.034754130989313126, 0.05546853691339493]
1.5509608301907083  ::  2.908512  ::  [-3.3551483154296875, -0.03492589294910431, 0.05546554923057556]
1.5509608301907083  ::  2.924466  ::  [-3.3519976139068604, -0.03500966727733612, 0.05546706169843674]
1.5501902994749663  ::  2.940495  ::  [-3.342567205429077, -0.03526688367128372, 0.05546366795897484]
1.5504090789718183  ::  2.956384  ::  [-3.3394381999969482, -0.035350654274225235, 0.05546541139483452]
1.5510864416384131  ::  2.972473  ::  [-3.333155632019043, -0.03552104905247688, 0.05546284466981888]
1.5523820431466  ::  2.988454  ::  [-3.3237228393554688, -0.03577803820371628, 0.055462777614593506]
1.5523820431466  ::  3.004409  ::  [-3.3143062591552734, -0.03603508695960045, 0.055462513118982315]
1.554392893526934  ::  3.020369  ::  [-3.304880142211914, -0.03628883138298988, 0.05546225234866142]
1.554392893526934  ::  3.036337  ::  [-3.301739454269409, -0.03637314960360527, 0.05545959621667862]
1.5562341631167813  ::  3.052309  ::  [-3.2954559326171875, -0.03654469922184944, 0.055461131036281586]
1.5564803700920191  ::  3.069244  ::  [-3.2828831672668457, -0.03688638657331467, 0.05546637251973152]
1.556406198506501  ::  3.08423  ::  [-3.2828831672668457, -0.03688638657331467, 0.05546637251973152]
1.556406198506501  ::  3.099647  ::  [-3.2734549045562744, -0.0371403843164444, 0.055468033999204636]
1.556233309343135  ::  3.115627  ::  [-3.2703027725219727, -0.03722698614001274, 0.05546325072646141]
1.5551007786013824  ::  3.130595  ::  [-3.264028310775757, -0.03739586099982262, 0.0554671585559845]
1.5546656742069114  ::  3.146576  ::  [-3.2546002864837646, -0.03765014559030533, 0.05546890199184418]
1.5546656742069114  ::  3.162537  ::  [-3.248323440551758, -0.03782276809215546, 0.05546761676669121]
1.550649522974944  ::  3.178467  ::  [-3.2388899326324463, -0.03807879239320755, 0.05546817183494568]
1.5495907369318862  ::  3.194447  ::  [-3.2231783866882324, -0.0385027639567852, 0.05546697601675987]
1.5495907369318862  ::  3.209412  ::  [-3.2231783866882324, -0.0385027639567852, 0.05546697601675987]
1.5491541384335343  ::  3.225342  ::  [-3.2137482166290283, -0.03875861316919327, 0.055468395352363586]
1.5495108023742559  ::  3.241327  ::  [-3.2043237686157227, -0.03901344910264015, 0.055466122925281525]
1.5509858030698613  ::  3.257287  ::  [-3.198044538497925, -0.039187561720609665, 0.05546436458826065]
1.5509858030698613  ::  3.272736  ::  [-3.188621997833252, -0.03943854942917824, 0.055462807416915894]
1.5517618833143039  ::  3.28868  ::  [-3.1823387145996094, -0.039612628519535065, 0.05546276643872261]
1.5535019807270705  ::  3.304663  ::  [-3.176053524017334, -0.03978198766708374, 0.05546431988477707]
1.5538111535087193  ::  3.320608  ::  [-3.1666269302368164, -0.04003680497407913, 0.055463504046201706]
1.5548510498098538  ::  3.336564  ::  [-3.1634812355041504, -0.04012606292963028, 0.05546468868851662]
1.5548510498098538  ::  3.352522  ::  [-3.154054641723633, -0.04037712514400482, 0.05546443909406662]
1.5550434690453778  ::  3.368452  ::  [-3.1477720737457275, -0.040546808391809464, 0.05546674504876137]
1.5547444348257782  ::  3.384409  ::  [-3.13834547996521, -0.040804751217365265, 0.05546625703573227]
1.5547444348257782  ::  3.400418  ::  [-3.1289169788360596, -0.041057340800762177, 0.05546769127249718]
1.5535558751884901  ::  3.416347  ::  [-3.1257708072662354, -0.041144005954265594, 0.0554676279425621]
1.5535558751884901  ::  3.432281  ::  [-3.1194908618927, -0.0413132905960083, 0.055469680577516556]
1.5524266528196167  ::  3.44831  ::  [-3.1132094860076904, -0.04148351401090622, 0.05546536296606064]
1.551181317234853  ::  3.464267  ::  [-3.106912136077881, -0.041651807725429535, 0.0554647222161293]
1.5491111295861044  ::  3.480224  ::  [-3.0974936485290527, -0.04191155731678009, 0.055465709418058395]
1.5491111295861044  ::  3.496176  ::  [-3.0880680084228516, -0.04216434806585312, 0.055465880781412125]
1.5486485977132476  ::  3.512139  ::  [-3.0817854404449463, -0.042335860431194305, 0.055466070771217346]
1.5493703566094474  ::  3.528165  ::  [-3.0723540782928467, -0.04259217530488968, 0.055461376905441284]
1.5499318195035636  ::  3.543395  ::  [-3.0629379749298096, -0.042844902724027634, 0.055461421608924866]
1.5499318195035636  ::  3.559354  ::  [-3.056654453277588, -0.043018437922000885, 0.05546284094452858]
1.551514288956891  ::  3.574541  ::  [-3.0472252368927, -0.04327177628874779, 0.05546078458428383]
1.5530746670171216  ::  3.590499  ::  [-3.0378034114837646, -0.04352579265832901, 0.05546313524246216]
1.5538024023288453  ::  3.606459  ::  [-3.0315237045288086, -0.04369862750172615, 0.05546211078763008]
1.5544928917652512  ::  3.622384  ::  [-3.0220980644226074, -0.04395076259970665, 0.05546248331665993]
1.5546989713791153  ::  3.638368  ::  [-3.0126681327819824, -0.04420905560255051, 0.05546673759818077]
1.5541020768786795  ::  3.654357  ::  [-3.0032389163970947, -0.04446139186620712, 0.055465567857027054]
1.5531976104221819  ::  3.670317  ::  [-3.0000956058502197, -0.04454904794692993, 0.05546528100967407]
1.552339994794522  ::  3.686292  ::  [-2.9938149452209473, -0.04471929371356964, 0.05546697974205017]
1.551518664546828  ::  3.702205  ::  [-2.987525701522827, -0.04488813132047653, 0.05546984821557999]
1.550707579582889  ::  3.718162  ::  [-2.981245279312134, -0.04505828022956848, 0.0554664209485054]
1.5489897870066307  ::  3.734147  ::  [-2.96553373336792, -0.045483075082302094, 0.05546344816684723]
1.5489897870066307  ::  3.749671  ::  [-2.96553373336792, -0.045483075082302094, 0.05546344816684723]
1.5481611996829436  ::  3.765627  ::  [-2.956101417541504, -0.0457385890185833, 0.05546683818101883]
1.5481611996829436  ::  3.780566  ::  [-2.9466817378997803, -0.04599303752183914, 0.05546531826257706]
1.548336330002131  ::  3.796211  ::  [-2.9372544288635254, -0.046250633895397186, 0.05546467378735542]
1.5488382421844211  ::  3.812169  ::  [-2.930971622467041, -0.046420324593782425, 0.055464968085289]
1.5515807765795928  ::  3.828208  ::  [-2.9121174812316895, -0.04693105071783066, 0.05546320602297783]
1.5515807765795928  ::  3.844163  ::  [-2.9121174812316895, -0.04693105071783066, 0.05546320602297783]
1.5527045561414714  ::  3.859786  ::  [-2.9058401584625244, -0.047104738652706146, 0.05546452850103378]
1.553832818014993  ::  3.875579  ::  [-2.8964147567749023, -0.047357283532619476, 0.055463168770074844]
1.5546035621741465  ::  3.891641  ::  [-2.886986494064331, -0.04761577025055885, 0.05546431988477707]
1.5540974878453309  ::  3.907595  ::  [-2.8775575160980225, -0.04786774143576622, 0.05546625703573227]
1.5540974878453309  ::  3.923546  ::  [-2.868131160736084, -0.048124056309461594, 0.05546724423766136]
1.5533222613745346  ::  3.939483  ::  [-2.861842393875122, -0.04829354211688042, 0.05546896904706955]
1.552163797258277  ::  3.955439  ::  [-2.855559825897217, -0.04846256971359253, 0.055464886128902435]
1.5511871869286709  ::  3.971428  ::  [-2.8492746353149414, -0.04863322526216507, 0.05546937882900238]
1.549497995769562  ::  3.987382  ::  [-2.839848518371582, -0.04888693243265152, 0.05546650290489197]
1.5476950392720903  ::  4.003312  ::  [-2.830421209335327, -0.04914276674389839, 0.05546402558684349]
1.5469423310812136  ::  4.018273  ::  [-2.820992946624756, -0.0493999645113945, 0.055466461926698685]
1.5471063623429997  ::  4.034284  ::  [-2.817856550216675, -0.049484580755233765, 0.05546579137444496]
1.5471063623429997  ::  4.050244  ::  [-2.8115689754486084, -0.04965328425168991, 0.05546512082219124]
1.5479107238394745  ::  4.066216  ::  [-2.802137613296509, -0.04990747943520546, 0.05546241253614426]
1.5485068712879697  ::  4.082276  ::  [-2.7958641052246094, -0.050080277025699615, 0.05546470358967781]
1.5492970387975755  ::  4.098217  ::  [-2.78956937789917, -0.05025055259466171, 0.05546716973185539]
1.55006447458385  ::  4.114178  ::  [-2.783297300338745, -0.05042174458503723, 0.055463116616010666]
1.5513776851734908  ::  4.130113  ::  [-2.777012825012207, -0.050591420382261276, 0.05546196177601814]
1.5522268697863937  ::  4.146072  ::  [-2.770726203918457, -0.05076128989458084, 0.05546560510993004]
1.5536639842764468  ::  4.161822  ::  [-2.761305093765259, -0.051016636192798615, 0.05546208843588829]
1.5536639842764468  ::  4.17774  ::  [-2.7518727779388428, -0.05127006769180298, 0.055466990917921066]
1.5535899194126344  ::  4.193676  ::  [-2.745590925216675, -0.05143910273909569, 0.05546731501817703]
1.5517821604384023  ::  4.209633  ::  [-2.7361631393432617, -0.05169479548931122, 0.05546599254012108]
1.5517821604384023  ::  4.225679  ::  [-2.726736068725586, -0.05195176973938942, 0.055464815348386765]
1.5504613726076513  ::  4.241643  ::  [-2.7173097133636475, -0.05220489948987961, 0.055469874292612076]
1.548907718014885  ::  4.257596  ::  [-2.7078802585601807, -0.052460603415966034, 0.05546877160668373]
1.5476100887942883  ::  4.273116  ::  [-2.698453903198242, -0.052716128528118134, 0.05546727031469345]
1.5469326194059876  ::  4.289073  ::  [-2.69216251373291, -0.05288541689515114, 0.055465493351221085]
1.54646859342925  ::  4.30503  ::  [-2.682742118835449, -0.053138576447963715, 0.055466584861278534]
1.548122993312274  ::  4.320903  ::  [-2.67332124710083, -0.053397469222545624, 0.055462636053562164]
1.548122993312274  ::  4.336299  ::  [-2.6638946533203125, -0.053653016686439514, 0.055461835116147995]
1.5494376980057956  ::  4.352258  ::  [-2.654470205307007, -0.053907252848148346, 0.0554639995098114]
