1.4334066578290305  ::  0.015957  ::  [-4.649740695953369, 9.929291263688356e-05, 0.05546623840928078]
1.4334665287059738  ::  0.031296  ::  [-4.649739742279053, 9.930411033565179e-05, 0.055466316640377045]
1.4516782676324609  ::  0.046469  ::  [-4.649740219116211, 9.931212844094262e-05, 0.05546636879444122]
1.4516782676324609  ::  0.062242  ::  [-4.649540901184082, 9.439258428756148e-05, 0.05651132017374039]
1.504734216609768  ::  0.078186  ::  [-4.64014196395874, -0.0001656112290220335, 0.056468792259693146]
1.478075561392385  ::  0.094143  ::  [-4.627859115600586, -0.0004866657545790076, 0.05576673895120621]
1.3523896219369838  ::  0.110072  ::  [-4.613386631011963, -0.0007387804798781872, 0.05589450150728226]
1.4422615712011289  ::  0.125054  ::  [-4.604620456695557, -0.000950076908338815, 0.05572936683893204]
1.448244390027237  ::  0.141011  ::  [-4.594058036804199, -0.0011221776949241757, 0.05556357651948929]
1.448244390027237  ::  0.156988  ::  [-4.587704658508301, -0.001270226901397109, 0.05546646565198898]
1.448003198972171  ::  0.172483  ::  [-4.578267574310303, -0.0015073770191520452, 0.05546543747186661]
1.4451946038411205  ::  0.188469  ::  [-4.568849563598633, -0.001747471047565341, 0.05546869337558746]
1.4451946038411205  ::  0.204427  ::  [-4.562561988830566, -0.001905907178297639, 0.0554703027009964]
1.4434314545399052  ::  0.220403  ::  [-4.553133964538574, -0.0021405781153589487, 0.055469073355197906]
1.442584831247941  ::  0.23637  ::  [-4.546853065490723, -0.002300631022080779, 0.055468715727329254]
1.441613557003624  ::  0.252328  ::  [-4.537424087524414, -0.0025383096653968096, 0.05546655133366585]
1.4416576330681117  ::  0.267288  ::  [-4.531138896942139, -0.0026956028304994106, 0.0554652102291584]
1.4415702279910767  ::  0.283237  ::  [-4.521702289581299, -0.00293427100405097, 0.0554674006998539]
1.4435875883954634  ::  0.299198  ::  [-4.512279033660889, -0.0031735722441226244, 0.05546591430902481]
1.4435875883954634  ::  0.31514  ::  [-4.502863883972168, -0.003408582881093025, 0.055464740842580795]
1.4461057937650825  ::  0.331114  ::  [-4.493433952331543, -0.003648896934464574, 0.055466629564762115]
1.4474583846641567  ::  0.347047  ::  [-4.487149238586426, -0.0038074504118412733, 0.05546576529741287]
1.4474583846641567  ::  0.362714  ::  [-4.477720260620117, -0.004045404493808746, 0.05546778440475464]
1.4485752273151595  ::  0.378238  ::  [-4.468298435211182, -0.004281011410057545, 0.05546455830335617]
1.4489039301689663  ::  0.393833  ::  [-4.458859443664551, -0.0045228623785078526, 0.055467039346694946]
1.4475462166280146  ::  0.409764  ::  [-4.449437618255615, -0.004758593160659075, 0.055470939725637436]
1.4475462166280146  ::  0.425487  ::  [-4.443152904510498, -0.004916921257972717, 0.05546543747186661]
1.4461062206519055  ::  0.441431  ::  [-4.436867713928223, -0.005074810702353716, 0.05546750873327255]
1.4449544800031122  ::  0.457417  ::  [-4.4274396896362305, -0.005311225540935993, 0.05546944960951805]
1.4424884615476203  ::  0.473123  ::  [-4.421151638031006, -0.005470112897455692, 0.055467717349529266]
1.4424884615476203  ::  0.489083  ::  [-4.414866924285889, -0.005627857521176338, 0.05546998977661133]
1.4411956348037838  ::  0.505174  ::  [-4.405441761016846, -0.005867694970220327, 0.0554669126868248]
1.4402107001811268  ::  0.521151  ::  [-4.39916467666626, -0.006024300120770931, 0.055465102195739746]
1.4402107001811268  ::  0.540124  ::  [-4.392871856689453, -0.006184129975736141, 0.05546917766332626]
1.44093085825174  ::  0.554086  ::  [-4.383453845977783, -0.0064225406385958195, 0.05546562373638153]
1.44093085825174  ::  0.571553  ::  [-4.383453845977783, -0.0064225406385958195, 0.05546562373638153]
1.44093085825174  ::  0.583523  ::  [-4.383453845977783, -0.0064225406385958195, 0.05546562373638153]
1.44093085825174  ::  0.599479  ::  [-4.383453845977783, -0.0064225406385958195, 0.05546562373638153]
1.4413040640568577  ::  0.615436  ::  [-4.380307674407959, -0.006499273236840963, 0.055464085191488266]
1.44326208719283  ::  0.632392  ::  [-4.367743492126465, -0.006819090805947781, 0.05546513944864273]
1.4440438236876791  ::  0.646351  ::  [-4.367743492126465, -0.006819090805947781, 0.05546513944864273]
1.4440438236876791  ::  0.662371  ::  [-4.361461639404297, -0.006976102478802204, 0.05546518415212631]
1.4452645065584073  ::  0.678358  ::  [-4.355170726776123, -0.007137376815080643, 0.05546688288450241]
1.4464013061683914  ::  0.694315  ::  [-4.345747470855713, -0.007374748587608337, 0.055464595556259155]
1.4476524047252672  ::  0.710244  ::  [-4.3394622802734375, -0.00753223430365324, 0.055466193705797195]
1.4476524047252672  ::  0.726201  ::  [-4.3331780433654785, -0.007689985446631908, 0.05546772852540016]
1.4476524047252672  ::  0.742186  ::  [-4.3331780433654785, -0.007689985446631908, 0.05546772852540016]
1.4476950934075798  ::  0.758146  ::  [-4.330036163330078, -0.007769609801471233, 0.05546651780605316]
1.4473911499895142  ::  0.773703  ::  [-4.323746204376221, -0.007927965372800827, 0.05546839162707329]
1.4462287371701428  ::  0.789661  ::  [-4.317464828491211, -0.008083192631602287, 0.05546823889017105]
1.4462287371701428  ::  0.805613  ::  [-4.311176300048828, -0.008242577314376831, 0.05546704679727554]
1.4448332441453444  ::  0.821603  ::  [-4.30175256729126, -0.00848025269806385, 0.05546751245856285]
1.4444528879859393  ::  0.83753  ::  [-4.298605918884277, -0.008560022339224815, 0.05546668544411659]
1.442715245172406  ::  0.853509  ::  [-4.289182662963867, -0.008799849078059196, 0.05546855926513672]
1.4419158995961028  ::  0.869362  ::  [-4.282893180847168, -0.0089567294344306, 0.05546955764293671]
1.4408089820637375  ::  0.885346  ::  [-4.273468017578125, -0.00919397920370102, 0.055468861013650894]
1.4406638405438748  ::  0.901278  ::  [-4.264038562774658, -0.009434248320758343, 0.055467285215854645]
1.440905031598941  ::  0.917262  ::  [-4.260899543762207, -0.009510842151939869, 0.055466748774051666]
1.441170128316102  ::  0.933227  ::  [-4.254610538482666, -0.009669484570622444, 0.05546511337161064]
1.4423672256898525  ::  0.949177  ::  [-4.2451934814453125, -0.009908324107527733, 0.055464453995227814]
1.4446014446003872  ::  0.965106  ::  [-4.238905906677246, -0.010066247545182705, 0.05546470731496811]
1.4446014446003872  ::  0.98009  ::  [-4.2326250076293945, -0.010226273909211159, 0.055464789271354675]
1.4468834748351118  ::  0.996051  ::  [-4.226340293884277, -0.010385140776634216, 0.055463988333940506]
1.4468834748351118  ::  1.011256  ::  [-4.216911315917969, -0.010620800778269768, 0.05546564981341362]
1.4476302066104647  ::  1.027214  ::  [-4.210631370544434, -0.010780995711684227, 0.055464114993810654]
1.448135000278811  ::  1.042174  ::  [-4.201203346252441, -0.011016549542546272, 0.05546777695417404]
1.448269256184684  ::  1.058156  ::  [-4.191769599914551, -0.011256965808570385, 0.05546899139881134]
1.4478138746661147  ::  1.073611  ::  [-4.185477256774902, -0.011413412168622017, 0.055466778576374054]
1.4460807141642238  ::  1.089316  ::  [-4.179203033447266, -0.01157282292842865, 0.05546872690320015]
1.4460807141642238  ::  1.104844  ::  [-4.1729207038879395, -0.011730937287211418, 0.05546799674630165]
1.4453444411160377  ::  1.120802  ::  [-4.166622638702393, -0.011888333596289158, 0.05547109246253967]
1.443600501721863  ::  1.136759  ::  [-4.157195091247559, -0.012127665802836418, 0.05546603351831436]
1.4429957098151995  ::  1.152279  ::  [-4.1509246826171875, -0.012283393181860447, 0.05546626076102257]
1.441335226794946  ::  1.167519  ::  [-4.1414923667907715, -0.012523832730948925, 0.05546592175960541]
1.4413882674827192  ::  1.183605  ::  [-4.135208606719971, -0.012680801562964916, 0.05546681955456734]
1.4413882674827192  ::  1.199564  ::  [-4.128923416137695, -0.012839947827160358, 0.05546781048178673]
1.4415462156072758  ::  1.215521  ::  [-4.1226396560668945, -0.013000302016735077, 0.05546605959534645]
1.4415850623081803  ::  1.23145  ::  [-4.116358280181885, -0.013157643377780914, 0.05546311289072037]
1.4443785029570098  ::  1.246417  ::  [-4.100646018981934, -0.013557568192481995, 0.055464211851358414]
1.4443785029570098  ::  1.26254  ::  [-4.100646018981934, -0.013557568192481995, 0.055464211851358414]
1.4472293598835495  ::  1.278483  ::  [-4.091219425201416, -0.013792203739285469, 0.05546526238322258]
1.447628178898055  ::  1.29444  ::  [-4.081787109375, -0.01403200626373291, 0.05546325445175171]
1.447628178898055  ::  1.310019  ::  [-4.075510501861572, -0.0141883734613657, 0.05546648055315018]
1.4475487779489535  ::  1.325543  ::  [-4.0660810470581055, -0.014427006244659424, 0.05546649545431137]
1.4465864683279221  ::  1.341271  ::  [-4.056647777557373, -0.014663050882518291, 0.05547059327363968]
1.445111787797434  ::  1.356887  ::  [-4.050351619720459, -0.014822006225585938, 0.055468373000621796]
1.445111787797434  ::  1.372848  ::  [-4.040927410125732, -0.015059237368404865, 0.055465780198574066]
1.442198498673012  ::  1.388798  ::  [-4.0315165519714355, -0.01529411505907774, 0.0554681271314621]
1.4414886926078596  ::  1.404759  ::  [-4.022087574005127, -0.015532093122601509, 0.05546681210398674]
1.4414886926078596  ::  1.420688  ::  [-4.012651443481445, -0.015770329162478447, 0.05546485632658005]
1.4410268010652376  ::  1.436423  ::  [-4.003229141235352, -0.016009235754609108, 0.0554690919816494]
1.4415161200862454  ::  1.45238  ::  [-4.000089168548584, -0.01608697697520256, 0.05546481907367706]
1.4415161200862454  ::  1.468304  ::  [-3.990654468536377, -0.01632656343281269, 0.05546683818101883]
1.4437595170634774  ::  1.484264  ::  [-3.981240749359131, -0.01656394824385643, 0.055465105921030045]
1.4456276805231816  ::  1.500219  ::  [-3.9749555587768555, -0.016723837703466415, 0.05546371266245842]
1.4471844300454155  ::  1.516149  ::  [-3.965527296066284, -0.016960954293608665, 0.055464230477809906]
1.4471844300454155  ::  1.532136  ::  [-3.956101655960083, -0.0171978697180748, 0.05546300485730171]
1.448739472020357  ::  1.547066  ::  [-3.9466731548309326, -0.017435697838664055, 0.05546180158853531]
1.4440484127210278  ::  1.561925  ::  [-3.937251091003418, -0.017673533409833908, 0.05546514317393303]
1.4440484127210278  ::  1.577419  ::  [-3.927825927734375, -0.017904171720147133, 0.055468250066041946]
1.4425225057717646  ::  1.593348  ::  [-3.921532392501831, -0.018062468618154526, 0.05546751990914345]
1.4413858128834864  ::  1.609212  ::  [-3.9120986461639404, -0.01829804852604866, 0.05546899884939194]
1.4413858128834864  ::  1.625172  ::  [-3.902677297592163, -0.018536623567342758, 0.055464521050453186]
1.4391510603644229  ::  1.641267  ::  [-3.8964033126831055, -0.018692053854465485, 0.05546759068965912]
1.4391510603644229  ::  1.657221  ::  [-3.890115261077881, -0.018851857632398605, 0.05546673387289047]
1.4375627212172775  ::  1.673223  ::  [-3.886974811553955, -0.018929682672023773, 0.055467139929533005]
1.436697741791919  ::  1.689167  ::  [-3.8775360584259033, -0.01916651986539364, 0.05546724051237106]
1.436697741791919  ::  1.705101  ::  [-3.871267318725586, -0.019327742978930473, 0.05546639859676361]
1.4369800207037107  ::  1.721059  ::  [-3.861834764480591, -0.019563080742955208, 0.05546657368540764]
1.437204029564146  ::  1.737019  ::  [-3.8555564880371094, -0.01971912942826748, 0.05546549707651138]
1.438576150535378  ::  1.752973  ::  [-3.849261522293091, -0.019879456609487534, 0.05546587333083153]
1.440573874145901  ::  1.768931  ::  [-3.8429887294769287, -0.02003742940723896, 0.05546532943844795]
1.4422066095226516  ::  1.784505  ::  [-3.8335649967193604, -0.020274031907320023, 0.055464696139097214]
1.4422066095226516  ::  1.800463  ::  [-3.8241384029388428, -0.020511390641331673, 0.05546403303742409]
1.4431290052257206  ::  1.816601  ::  [-3.817847728729248, -0.02066895179450512, 0.0554666593670845]
1.4437226980749827  ::  1.832073  ::  [-3.808413505554199, -0.02090664766728878, 0.05546855553984642]
1.443066252862721  ::  1.847643  ::  [-3.802137851715088, -0.021063538268208504, 0.05546899884939194]
1.4429438430661896  ::  1.8636  ::  [-3.786414623260498, -0.021458880975842476, 0.055464327335357666]
1.4418061896825594  ::  1.879593  ::  [-3.786414623260498, -0.021458880975842476, 0.055464327335357666]
1.4407250988029934  ::  1.895705  ::  [-3.776998996734619, -0.021695919334888458, 0.055466730147600174]
1.4407250988029934  ::  1.911077  ::  [-3.767564535140991, -0.021932469680905342, 0.055468033999204636]
1.4380692224329161  ::  1.927062  ::  [-3.7612881660461426, -0.02209005318582058, 0.05546459183096886]
1.4369119322554222  ::  1.943026  ::  [-3.751854419708252, -0.022325774654746056, 0.05546870082616806]
1.4369119322554222  ::  1.958979  ::  [-3.742424964904785, -0.02256365865468979, 0.055467911064624786]
1.4377723226474322  ::  1.974447  ::  [-3.7361443042755127, -0.0227256640791893, 0.05546635016798973]
1.4377723226474322  ::  1.990432  ::  [-3.7330026626586914, -0.02280416712164879, 0.05546731501817703]
1.4380262135854862  ::  2.00639  ::  [-3.7298595905303955, -0.022881461307406425, 0.05546613782644272]
1.4389991953770958  ::  2.022254  ::  [-3.720426082611084, -0.023119419813156128, 0.05546174943447113]
1.440661279222936  ::  2.038224  ::  [-3.7110118865966797, -0.0233570896089077, 0.055464766919612885]
1.4447043243247606  ::  2.0542  ::  [-3.7015862464904785, -0.023594850674271584, 0.05546234920620918]
1.4447043243247606  ::  2.070158  ::  [-3.6921579837799072, -0.02383449859917164, 0.05546466261148453]
1.44656704497747  ::  2.085835  ::  [-3.6858739852905273, -0.023989764973521233, 0.05546615272760391]
1.4468661859187752  ::  2.101752  ::  [-3.676445245742798, -0.024229614064097404, 0.05546450614929199]
1.4461437866923408  ::  2.117734  ::  [-3.6701409816741943, -0.024386011064052582, 0.05546816810965538]
1.445771541382575  ::  2.132861  ::  [-3.6607322692871094, -0.02462289109826088, 0.05546750873327255]
1.445771541382575  ::  2.148346  ::  [-3.6544454097747803, -0.02478124015033245, 0.055467139929533005]
1.4425595382036707  ::  2.164299  ::  [-3.64501690864563, -0.02501688338816166, 0.05546717718243599]
1.4416375693874248  ::  2.180233  ::  [-3.635575771331787, -0.0252557210624218, 0.055465664714574814]
1.4416375693874248  ::  2.196217  ::  [-3.629302978515625, -0.025414932519197464, 0.05546947196125984]
1.440647191957773  ::  2.212153  ::  [-3.619871139526367, -0.02564910613000393, 0.055468373000621796]
1.4402102732943036  ::  2.22811  ::  [-3.6104516983032227, -0.02589062973856926, 0.05546565726399422]
1.4404050404073547  ::  2.243563  ::  [-3.6010208129882812, -0.026125609874725342, 0.05546803027391434]
1.4404050404073547  ::  2.259521  ::  [-3.5915908813476562, -0.02636682614684105, 0.05546710640192032]
1.4415644650189645  ::  2.275477  ::  [-3.5821640491485596, -0.026600439101457596, 0.05546273663640022]
1.4423983884279408  ::  2.291434  ::  [-3.5758886337280273, -0.026762088760733604, 0.055465906858444214]
1.4441428614306442  ::  2.307394  ::  [-3.5664498805999756, -0.026998480781912804, 0.055464185774326324]
1.4465819860162794  ::  2.323349  ::  [-3.557036876678467, -0.027236685156822205, 0.05546572059392929]
1.447108550912605  ::  2.339307  ::  [-3.5507524013519287, -0.027395224198698997, 0.05546843260526657]
1.4472630839425766  ::  2.355264  ::  [-3.5444655418395996, -0.02755517140030861, 0.05546727403998375]
1.4469536977175161  ::  2.371221  ::  [-3.538187026977539, -0.027713071554899216, 0.055467285215854645]
1.4469536977175161  ::  2.387204  ::  [-3.52874755859375, -0.027948927134275436, 0.05547136440873146]
1.4447197989720988  ::  2.403162  ::  [-3.5193238258361816, -0.0281844325363636, 0.055465102195739746]
1.4439309121229624  ::  2.418666  ::  [-3.5130369663238525, -0.028344634920358658, 0.05547047778964043]
1.4432615535843012  ::  2.433832  ::  [-3.506754159927368, -0.028503695502877235, 0.05546622350811958]
1.4425952899751076  ::  2.449618  ::  [-3.5036075115203857, -0.02857894077897072, 0.05546877533197403]
1.4425952899751076  ::  2.465564  ::  [-3.497323751449585, -0.028740543872117996, 0.05546893551945686]
1.4418007468755647  ::  2.481601  ::  [-3.49418044090271, -0.028818279504776, 0.05547017231583595]
1.4412399243116831  ::  2.496538  ::  [-3.478471040725708, -0.029214993119239807, 0.05546440929174423]
1.4410625528366743  ::  2.51152  ::  [-3.478471040725708, -0.029214993119239807, 0.05546440929174423]
1.4411500646354152  ::  2.527483  ::  [-3.472184658050537, -0.029373997822403908, 0.05546898394823074]
1.441926038158152  ::  2.543454  ::  [-3.46276593208313, -0.02961430884897709, 0.05546412244439125]
1.4429239928289144  ::  2.558404  ::  [-3.4564812183380127, -0.029768764972686768, 0.05546459183096886]
1.4440358195597456  ::  2.574438  ::  [-3.45019268989563, -0.02992834709584713, 0.05546526983380318]
1.4453543662346753  ::  2.590395  ::  [-3.440770149230957, -0.030168693512678146, 0.055464014410972595]
1.445867697639484  ::  2.60638  ::  [-3.4313466548919678, -0.030407492071390152, 0.05546405911445618]
1.445867697639484  ::  2.622338  ::  [-3.425060510635376, -0.03056425228714943, 0.05546609312295914]
1.447508010257345  ::  2.637298  ::  [-3.4156298637390137, -0.03080383501946926, 0.05546679347753525]
1.4469858209509563  ::  2.653329  ::  [-3.4093410968780518, -0.03096073493361473, 0.055466726422309875]
1.4464286269250715  ::  2.669247  ::  [-3.3999199867248535, -0.03119642473757267, 0.05546942353248596]
1.4452643998367016  ::  2.685225  ::  [-3.384209156036377, -0.031592957675457, 0.055468764156103134]
1.4452643998367016  ::  2.701223  ::  [-3.384209156036377, -0.031592957675457, 0.055468764156103134]
1.4419745965342825  ::  2.717153  ::  [-3.3747806549072266, -0.03183003515005112, 0.055470261722803116]
1.4419745965342825  ::  2.73311  ::  [-3.3653452396392822, -0.03206523507833481, 0.05546609312295914]
1.4404543458354258  ::  2.748619  ::  [-3.359069347381592, -0.032224737107753754, 0.05546697601675987]
1.4401366353173144  ::  2.764573  ::  [-3.3496437072753906, -0.03246406465768814, 0.055466651916503906]
1.4402857255402912  ::  2.780529  ::  [-3.337071180343628, -0.03278061002492905, 0.055465105921030045]
1.4403276671706633  ::  2.796239  ::  [-3.337071180343628, -0.03278061002492905, 0.055465105921030045]
1.4415199620676535  ::  2.81223  ::  [-3.33079195022583, -0.03293765336275101, 0.05546484887599945]
1.4431514167839345  ::  2.827869  ::  [-3.3213658332824707, -0.033176373690366745, 0.05546298250555992]
1.4431514167839345  ::  2.843825  ::  [-3.3119382858276367, -0.033415310084819794, 0.05546332150697708]
1.4467465508865942  ::  2.859775  ::  [-3.3025147914886475, -0.03365165367722511, 0.05546239763498306]
1.4467465508865942  ::  2.875107  ::  [-3.2930898666381836, -0.03388712555170059, 0.055462341755628586]
1.4472020391268696  ::  2.891066  ::  [-3.28680157661438, -0.03404920548200607, 0.055463626980781555]
1.4478271081576315  ::  2.906957  ::  [-3.280519962310791, -0.03420744836330414, 0.055463340133428574]
1.4468354500675102  ::  2.922915  ::  [-3.271083354949951, -0.03444494679570198, 0.055466167628765106]
1.4468354500675102  ::  2.938049  ::  [-3.26481032371521, -0.034602124243974686, 0.05546576902270317]
1.444552672780845  ::  2.953807  ::  [-3.2585229873657227, -0.034760668873786926, 0.055467210710048676]
1.444552672780845  ::  2.968793  ::  [-3.25223445892334, -0.03491487726569176, 0.055467672646045685]
1.440860101760807  ::  2.98475  ::  [-3.242807626724243, -0.03515585511922836, 0.05546896904706955]
1.440860101760807  ::  3.000293  ::  [-3.233383893966675, -0.035393159836530685, 0.055467162281274796]
1.439252125819798  ::  3.015861  ::  [-3.227099895477295, -0.03554960712790489, 0.05546731874346733]
1.439443904725087  ::  3.031819  ::  [-3.217670202255249, -0.03578837215900421, 0.055469706654548645]
1.4396399524986077  ::  3.046778  ::  [-3.208245277404785, -0.03602775186300278, 0.05546636879444122]
1.4396399524986077  ::  3.06228  ::  [-3.198821783065796, -0.036264631897211075, 0.05546563118696213]
1.440901616504356  ::  3.078243  ::  [-3.1925370693206787, -0.03642174229025841, 0.05546256899833679]
1.4426215435147298  ::  3.0942  ::  [-3.183107614517212, -0.03665729612112045, 0.05546164512634277]
1.4434975152757838  ::  3.109158  ::  [-3.1736884117126465, -0.03689727559685707, 0.055465277284383774]
1.4434975152757838  ::  3.124132  ::  [-3.167397975921631, -0.03705492988228798, 0.055459506809711456]
1.4454353680093635  ::  3.140163  ::  [-3.15798020362854, -0.037294238805770874, 0.05546126514673233]
1.445456072020285  ::  3.156112  ::  [-3.1516940593719482, -0.03745156526565552, 0.055464740842580795]
1.444953092620937  ::  3.172076  ::  [-3.1422576904296875, -0.03768809139728546, 0.05546315759420395]
1.444492161573667  ::  3.189029  ::  [-3.1296963691711426, -0.03800387308001518, 0.055465564131736755]
1.444492161573667  ::  3.203993  ::  [-3.1296963691711426, -0.03800387308001518, 0.055465564131736755]
1.4431326337637171  ::  3.219965  ::  [-3.1202714443206787, -0.038240473717451096, 0.05546671524643898]
1.441970434387757  ::  3.235172  ::  [-3.1139798164367676, -0.03839970752596855, 0.05547018721699715]
1.44018380631127  ::  3.250982  ::  [-3.1045570373535156, -0.03863627091050148, 0.05546858161687851]
1.43874711870804  ::  3.266928  ::  [-3.1014177799224854, -0.038712963461875916, 0.055465783923864365]
1.437884273716797  ::  3.28585  ::  [-3.0825605392456055, -0.039190661162137985, 0.05546563118696213]
1.437884273716797  ::  3.298695  ::  [-3.0825605392456055, -0.039190661162137985, 0.05546563118696213]
1.4381273857625672  ::  3.315653  ::  [-3.079411745071411, -0.039270151406526566, 0.055465344339609146]
1.4381286664230366  ::  3.330723  ::  [-3.079411745071411, -0.039270151406526566, 0.055465344339609146]
1.438721185333535  ::  3.345716  ::  [-3.069993495941162, -0.039506662636995316, 0.05546439066529274]
1.4391086918472276  ::  3.361664  ::  [-3.063711404800415, -0.03966595232486725, 0.055463507771492004]
1.4399596907291288  ::  3.377624  ::  [-3.0605685710906982, -0.03974384814500809, 0.05546359345316887]
1.4399596907291288  ::  3.392579  ::  [-3.0542829036712646, -0.039903320372104645, 0.05546389892697334]
1.4408475085995247  ::  3.407783  ::  [-3.0479977130889893, -0.04006028175354004, 0.055460862815380096]
1.4416312728067837  ::  3.4234  ::  [-3.041714668273926, -0.040218207985162735, 0.055465590208768845]
1.4430149197222402  ::  3.439344  ::  [-3.0385777950286865, -0.040297482162714005, 0.05546172335743904]
1.4430149197222402  ::  3.455351  ::  [-3.0322859287261963, -0.040456440299749374, 0.05546331778168678]
1.4444549156983493  ::  3.470672  ::  [-3.026005506515503, -0.040612779557704926, 0.05546247214078903]
1.4444549156983493  ::  3.486607  ::  [-3.0197229385375977, -0.040770672261714935, 0.05546606332063675]
1.443724939230804  ::  3.502564  ::  [-3.0102927684783936, -0.04100967198610306, 0.05546792969107628]
1.443724939230804  ::  3.518545  ::  [-3.0008676052093506, -0.04124351590871811, 0.05546342581510544]
1.4429584639398818  ::  3.534502  ::  [-2.9945812225341797, -0.04140247032046318, 0.05546750873327255]
1.4418556018323363  ::  3.549439  ::  [-2.988288164138794, -0.04156088829040527, 0.055465057492256165]
1.4395992915287048  ::  3.565397  ::  [-2.9788711071014404, -0.04179913550615311, 0.055467408150434494]
1.4381247177199226  ::  3.581379  ::  [-2.9631524085998535, -0.0421932227909565, 0.055466677993535995]
1.4374937789953426  ::  3.596534  ::  [-2.9631524085998535, -0.0421932227909565, 0.055466677993535995]
1.4374937789953426  ::  3.61252  ::  [-2.9537312984466553, -0.0424286350607872, 0.05546623468399048]
1.437561974165337  ::  3.628491  ::  [-2.9474451541900635, -0.04258845001459122, 0.05546468496322632]
1.438203585060495  ::  3.644566  ::  [-2.9411559104919434, -0.042746998369693756, 0.055464886128902435]
1.4390169111802555  ::  3.660553  ::  [-2.931737184524536, -0.042984023690223694, 0.05546294152736664]
1.4399761258718191  ::  3.676342  ::  [-2.9254519939422607, -0.043143220245838165, 0.05546284466981888]
1.4413560375275734  ::  3.692297  ::  [-2.919173002243042, -0.043301306664943695, 0.055462680757045746]
1.4413560375275734  ::  3.708256  ::  [-2.9128875732421875, -0.043459292501211166, 0.05546167492866516]
1.4437906798015656  ::  3.723425  ::  [-2.9034507274627686, -0.043698474764823914, 0.05546426400542259]
1.443985767079734  ::  3.739383  ::  [-2.894036054611206, -0.04393412545323372, 0.05546467378735542]
1.443985767079734  ::  3.754957  ::  [-2.8846068382263184, -0.044171042740345, 0.0554657056927681]
1.4439375288687208  ::  3.770111  ::  [-2.8751769065856934, -0.04440843313932419, 0.05546668544411659]
1.4427301862112152  ::  3.785583  ::  [-2.8657519817352295, -0.04464477300643921, 0.05546693876385689]
1.4427301862112152  ::  3.800571  ::  [-2.859461545944214, -0.044802226126194, 0.05546799674630165]
1.4420262498398808  ::  3.815531  ::  [-2.853175640106201, -0.04495930299162865, 0.055470019578933716]
1.4410149549558957  ::  3.831484  ::  [-2.85002064704895, -0.045037295669317245, 0.05546712130308151]
1.4397700462579552  ::  3.846419  ::  [-2.8468897342681885, -0.04511670395731926, 0.05546847730875015]
1.4388080568020412  ::  3.862405  ::  [-2.837460994720459, -0.045353807508945465, 0.0554695799946785]
1.4380616451918058  ::  3.878365  ::  [-2.831176519393921, -0.04551379755139351, 0.055468812584877014]
1.4377610101466194  ::  3.894334  ::  [-2.821751594543457, -0.04575064405798912, 0.05546662211418152]
1.4379680502558354  ::  3.909283  ::  [-2.8154683113098145, -0.0459083691239357, 0.05546797811985016]
1.4383078521670436  ::  3.925297  ::  [-2.8091893196105957, -0.04606827348470688, 0.05546421557664871]
1.4387249205932375  ::  3.94124  ::  [-2.802906036376953, -0.0462263859808445, 0.05546392872929573]
1.4400393051216418  ::  3.957197  ::  [-2.799757242202759, -0.046304382383823395, 0.05546305328607559]
1.4400393051216418  ::  3.972157  ::  [-2.7903382778167725, -0.046542007476091385, 0.05546277016401291]
1.4415009656040245  ::  3.988115  ::  [-2.7809112071990967, -0.04677893966436386, 0.055461086332798004]
1.4432006154902999  ::  4.004099  ::  [-2.774634838104248, -0.046938199549913406, 0.05546429753303528]
1.444393550717525  ::  4.020056  ::  [-2.7683377265930176, -0.04709470644593239, 0.055465348064899445]
1.4447130755046347  ::  4.035511  ::  [-2.7589147090911865, -0.04733132943511009, 0.055466681718826294]
1.4447268426046804  ::  4.050781  ::  [-2.7494876384735107, -0.04757057502865791, 0.05546481907367706]
1.444065381472247  ::  4.066772  ::  [-2.7432026863098145, -0.04772891849279404, 0.055466052144765854]
1.442646836559  ::  4.082726  ::  [-2.7337756156921387, -0.04796462133526802, 0.055468011647462845]
1.442646836559  ::  4.097844  ::  [-2.724344491958618, -0.048203106969594955, 0.055468615144491196]
1.4401801777732732  ::  4.113905  ::  [-2.71805739402771, -0.04836186021566391, 0.05546797066926956]
1.4401801777732732  ::  4.129516  ::  [-2.7086238861083984, -0.04859619587659836, 0.05546526238322258]
1.4396152997845721  ::  4.145471  ::  [-2.7054872512817383, -0.04867614433169365, 0.0554700531065464]
1.4380969700764195  ::  4.161513  ::  [-2.699191093444824, -0.04883512109518051, 0.055468298494815826]
1.4380969700764195  ::  4.177501  ::  [-2.6897802352905273, -0.049070145934820175, 0.055466629564762115]
1.4378234423445015  ::  4.193454  ::  [-2.6803500652313232, -0.04931024834513664, 0.0554674006998539]
1.439203674165373  ::  4.209385  ::  [-2.664644479751587, -0.04970207065343857, 0.05546386167407036]
1.4406318240321403  ::  4.225398  ::  [-2.664644479751587, -0.04970207065343857, 0.05546386167407036]
1.4422660535127718  ::  4.24036  ::  [-2.6552224159240723, -0.049942996352910995, 0.05546368286013603]
