1.4710749376582393  ::  0.015934  ::  [-4.525102615356445, 4.499812126159668, 0.05546712502837181]
1.4707948999022686  ::  0.031915  ::  [-4.525102138519287, 4.499812126159668, 0.05546705797314644]
1.500488720432076  ::  0.047849  ::  [-4.525102138519287, 4.499812126159668, 0.05546710640192032]
1.545595396432546  ::  0.063824  ::  [-4.523246765136719, 4.499762535095215, 0.05671514943242073]
1.545595396432546  ::  0.078703  ::  [-4.515454292297363, 4.499537467956543, 0.0564730130136013]
1.5322102533717308  ::  0.093671  ::  [-4.503161907196045, 4.49920654296875, 0.05576794594526291]
1.481831738549069  ::  0.108622  ::  [-4.491433620452881, 4.499110698699951, 0.05582311749458313]
1.481831738549069  ::  0.12359  ::  [-4.484853744506836, 4.498940944671631, 0.055765166878700256]
1.5853386663872635  ::  0.138885  ::  [-4.484853744506836, 4.498940944671631, 0.055765166878700256]
1.5796982107933024  ::  0.15387  ::  [-4.473264217376709, 4.4987406730651855, 0.055598050355911255]
1.5765921822682392  ::  0.16883  ::  [-4.462749481201172, 4.49846887588501, 0.05547764152288437]
1.5765921822682392  ::  0.184786  ::  [-4.456350803375244, 4.498290061950684, 0.05547011271119118]
1.575194661531031  ::  0.199755  ::  [-4.446921348571777, 4.49802827835083, 0.055471114814281464]
1.575194661531031  ::  0.214706  ::  [-4.440635681152344, 4.497852802276611, 0.055471643805503845]
1.5717484042079364  ::  0.23064  ::  [-4.421782493591309, 4.497326850891113, 0.055471163243055344]
1.5707737148690344  ::  0.246597  ::  [-4.421782493591309, 4.497326850891113, 0.055471163243055344]
1.5700910161171504  ::  0.261558  ::  [-4.406069278717041, 4.496888637542725, 0.05547049641609192]
1.5700910161171504  ::  0.277102  ::  [-4.406069278717041, 4.496888637542725, 0.05547049641609192]
1.5704826847773685  ::  0.293056  ::  [-4.399781703948975, 4.496712684631348, 0.05546959489583969]
1.5718396512663795  ::  0.308344  ::  [-4.380927085876465, 4.496186256408691, 0.0554681122303009]
1.5740214698193755  ::  0.324351  ::  [-4.380927085876465, 4.496186256408691, 0.0554681122303009]
1.575676189867517  ::  0.340311  ::  [-4.371507167816162, 4.495923042297363, 0.0554683580994606]
1.5770165077704261  ::  0.357265  ::  [-4.35265588760376, 4.495396614074707, 0.05546867102384567]
1.5770165077704261  ::  0.372038  ::  [-4.35265588760376, 4.495396614074707, 0.05546867102384567]
1.5780545898025622  ::  0.387017  ::  [-4.35265588760376, 4.495396614074707, 0.05546867102384567]
1.57843942827361  ::  0.401977  ::  [-4.343228816986084, 4.495133399963379, 0.05546917766332626]
1.577693443550198  ::  0.417942  ::  [-4.333791732788086, 4.494870662689209, 0.05546853691339493]
1.5766648597498762  ::  0.433892  ::  [-4.324374675750732, 4.494607448577881, 0.05547057092189789]
1.575901799553539  ::  0.449857  ::  [-4.314948081970215, 4.494345188140869, 0.055470921099185944]
1.575901799553539  ::  0.465806  ::  [-4.308658599853516, 4.49416971206665, 0.05547107383608818]
1.5727292834057738  ::  0.481763  ::  [-4.299233436584473, 4.4939069747924805, 0.05547143891453743]
1.5716258876896994  ::  0.49772  ::  [-4.289792537689209, 4.493643760681152, 0.05546939745545387]
1.5710896111181476  ::  0.513678  ::  [-4.2803778648376465, 4.493380546569824, 0.055470630526542664]
1.5710896111181476  ::  0.529635  ::  [-4.270952224731445, 4.493117332458496, 0.05546990782022476]
1.5726089013216522  ::  0.545154  ::  [-4.261526107788086, 4.492854118347168, 0.05546921119093895]
1.573992441515403  ::  0.561088  ::  [-4.252101421356201, 4.492590427398682, 0.05546842887997627]
1.5750001078613913  ::  0.577068  ::  [-4.242673397064209, 4.4923272132873535, 0.05546803027391434]
1.5750001078613913  ::  0.593028  ::  [-4.236389636993408, 4.492151737213135, 0.05546816438436508]
1.5776574783353494  ::  0.608983  ::  [-4.226964473724365, 4.491888046264648, 0.05546826496720314]
1.5790622561485508  ::  0.624843  ::  [-4.217534065246582, 4.4916253089904785, 0.05546816438436508]
1.579027464872466  ::  0.640801  ::  [-4.208106517791748, 4.491362571716309, 0.05546888709068298]
1.5781613115083437  ::  0.65676  ::  [-4.2018256187438965, 4.49118709564209, 0.05546971410512924]
1.5774719960107013  ::  0.671822  ::  [-4.192397594451904, 4.490923881530762, 0.05547042936086655]
1.5774719960107013  ::  0.68775  ::  [-4.186100959777832, 4.490749359130859, 0.05546969920396805]
1.5769742459749367  ::  0.703708  ::  [-4.1829681396484375, 4.490661144256592, 0.05547088757157326]
1.575710340813367  ::  0.719664  ::  [-4.173539161682129, 4.490398406982422, 0.055470824241638184]
1.5740524191140521  ::  0.735664  ::  [-4.164109706878662, 4.490135192871094, 0.055470630526542664]
1.572089380057908  ::  0.750767  ::  [-4.154684066772461, 4.489872455596924, 0.05547055974602699]
1.5719602467939127  ::  0.766709  ::  [-4.135827541351318, 4.489345550537109, 0.05546877160668373]
1.5723115746493452  ::  0.782722  ::  [-4.135827541351318, 4.489345550537109, 0.05546877160668373]
1.5734475204856828  ::  0.798178  ::  [-4.126408576965332, 4.489081859588623, 0.0554688423871994]
1.5734475204856828  ::  0.81416  ::  [-4.116981506347656, 4.488818168640137, 0.055468447506427765]
1.5752579475025594  ::  0.829096  ::  [-4.113828659057617, 4.488730430603027, 0.05546531826257706]
1.576584925192246  ::  0.844576  ::  [-4.104413986206055, 4.488467216491699, 0.05546823889017105]
1.5776926964982574  ::  0.860555  ::  [-4.0981292724609375, 4.488291263580322, 0.0554681234061718]
1.5785895857136447  ::  0.876593  ::  [-4.085560321807861, 4.487940788269043, 0.05546850711107254]
1.5785895857136447  ::  0.892546  ::  [-4.076125144958496, 4.487677574157715, 0.055468522012233734]
1.5776847990920295  ::  0.907677  ::  [-4.069847106933594, 4.487502574920654, 0.05546978488564491]
1.5766188626946844  ::  0.923631  ::  [-4.060420989990234, 4.487239837646484, 0.05547033250331879]
1.575180894430985  ::  0.93966  ::  [-4.050992012023926, 4.4869771003723145, 0.05547105148434639]
1.573558831224813  ::  0.955636  ::  [-4.041564464569092, 4.4867143630981445, 0.05547148734331131]
1.572355117105304  ::  0.97158  ::  [-4.032136917114258, 4.486450672149658, 0.0554712638258934]
1.571559613510409  ::  0.98689  ::  [-4.013279438018799, 4.48592472076416, 0.05547007545828819]
1.5712745598342668  ::  1.002843  ::  [-4.013279438018799, 4.48592472076416, 0.05547007545828819]
1.571372103473351  ::  1.01884  ::  [-4.006997585296631, 4.485749244689941, 0.05546983331441879]
1.57185405869666  ::  1.034797  ::  [-3.997570037841797, 4.485485553741455, 0.055469267070293427]
1.5731180705799355  ::  1.049757  ::  [-3.9912869930267334, 4.485309600830078, 0.0554688423871994]
1.5745322399032455  ::  1.06445  ::  [-3.9818620681762695, 4.48504638671875, 0.055468298494815826]
1.5745322399032455  ::  1.079403  ::  [-3.972435235977173, 4.484783172607422, 0.055468108505010605]
1.5761899481591488  ::  1.094341  ::  [-3.9661436080932617, 4.484607696533203, 0.05546712130308151]
1.5766904729592637  ::  1.110299  ::  [-3.9598677158355713, 4.484432220458984, 0.05546828359365463]
1.5770739240481366  ::  1.126256  ::  [-3.953580379486084, 4.484257221221924, 0.05546850711107254]
1.5774646322130024  ::  1.142213  ::  [-3.947298049926758, 4.484081745147705, 0.055469125509262085]
1.5772493745324412  ::  1.157197  ::  [-3.9378716945648193, 4.483819007873535, 0.05546974390745163]
1.5770286740448851  ::  1.172139  ::  [-3.931586265563965, 4.483643054962158, 0.05547013133764267]
1.5762862111377636  ::  1.187099  ::  [-3.9253008365631104, 4.483469009399414, 0.05547060817480087]
1.5748991491277222  ::  1.20206  ::  [-3.909585475921631, 4.483030796051025, 0.055470895022153854]
1.5737480488091635  ::  1.217524  ::  [-3.909585475921631, 4.483030796051025, 0.055470895022153854]
1.572892674337325  ::  1.23273  ::  [-3.903301954269409, 4.482855319976807, 0.05547115206718445]
1.572892674337325  ::  1.248601  ::  [-3.8970160484313965, 4.482680320739746, 0.05547112599015236]
1.570630814504993  ::  1.264585  ::  [-3.8875887393951416, 4.48241662979126, 0.0554707907140255]
1.5710612231444097  ::  1.280515  ::  [-3.8781609535217285, 4.48215389251709, 0.055469710379838943]
1.571442433077461  ::  1.296493  ::  [-3.8624532222747803, 4.481714725494385, 0.055468760430812836]
1.5724229921101809  ::  1.311772  ::  [-3.8624532222747803, 4.481714725494385, 0.055468760430812836]
1.57330440667823  ::  1.327498  ::  [-3.846731185913086, 4.4812750816345215, 0.05546646565198898]
1.57330440667823  ::  1.34354  ::  [-3.846731185913086, 4.4812750816345215, 0.05546646565198898]
1.575500312496389  ::  1.359495  ::  [-3.831033229827881, 4.480836868286133, 0.05546821281313896]
1.5770115985719602  ::  1.375455  ::  [-3.831033229827881, 4.480836868286133, 0.05546821281313896]
1.5770115985719602  ::  1.391393  ::  [-3.8216066360473633, 4.480574131011963, 0.055468689650297165]
1.5776532094671183  ::  1.40737  ::  [-3.815321922302246, 4.480399131774902, 0.05546914041042328]
1.5775791446033058  ::  1.423339  ::  [-3.7996084690093994, 4.479959964752197, 0.05547000840306282]
1.5775791446033058  ::  1.438991  ::  [-3.7996084690093994, 4.479959964752197, 0.05547000840306282]
1.5755631715810943  ::  1.454951  ::  [-3.7933247089385986, 4.479784965515137, 0.05547083169221878]
1.5742126083944301  ::  1.47091  ::  [-3.7838962078094482, 4.479522228240967, 0.055471036583185196]
1.5726966265638045  ::  1.486841  ::  [-3.774465799331665, 4.479259490966797, 0.0554710254073143]
1.5718790315758129  ::  1.501824  ::  [-3.765033721923828, 4.478996276855469, 0.055470146238803864]
1.5713853369648678  ::  1.516762  ::  [-3.7556076049804688, 4.478733062744141, 0.05546973645687103]
1.5710221630000936  ::  1.531744  ::  [-3.7493302822113037, 4.478557586669922, 0.05547017604112625]
1.5713869377904546  ::  1.547238  ::  [-3.7430434226989746, 4.478382110595703, 0.05546937510371208]
1.572361413685945  ::  1.56323  ::  [-3.733609199523926, 4.478118419647217, 0.055467959493398666]
1.5739226455198219  ::  1.579181  ::  [-3.7241933345794678, 4.4778547286987305, 0.05546854808926582]
1.5739226455198219  ::  1.595111  ::  [-3.7147679328918457, 4.477591514587402, 0.055468086153268814]
1.5766770260243352  ::  1.611067  ::  [-3.702199935913086, 4.477240085601807, 0.05546776205301285]
1.5776636681942848  ::  1.627048  ::  [-3.692774772644043, 4.476977348327637, 0.05546841770410538]
1.5781315361524306  ::  1.642404  ::  [-3.692774772644043, 4.476977348327637, 0.05546841770410538]
1.5781315361524306  ::  1.658363  ::  [-3.686490058898926, 4.47680139541626, 0.05546870082616806]
1.5782315343907478  ::  1.674319  ::  [-3.6770641803741455, 4.47653865814209, 0.05546943470835686]
1.5782315343907478  ::  1.689278  ::  [-3.670778512954712, 4.476363658905029, 0.05547008663415909]
1.578246688872969  ::  1.704241  ::  [-3.6644949913024902, 4.4761881828308105, 0.05547036975622177]
1.577170400470163  ::  1.720197  ::  [-3.655064582824707, 4.475924968719482, 0.055470455437898636]
1.5759836551018733  ::  1.736156  ::  [-3.6487815380096436, 4.475749969482422, 0.05547117441892624]
1.5735722781597414  ::  1.751116  ::  [-3.642486095428467, 4.475574493408203, 0.055470019578933716]
1.5735722781597414  ::  1.766073  ::  [-3.6362125873565674, 4.475399494171143, 0.055470943450927734]
1.572582220895207  ::  1.781033  ::  [-3.6299245357513428, 4.475224018096924, 0.05547028034925461]
1.5713564153826012  ::  1.796622  ::  [-3.6205005645751953, 4.474961280822754, 0.05547024682164192]
1.5713564153826012  ::  1.812573  ::  [-3.6110754013061523, 4.474697589874268, 0.05546955019235611]
1.572101653054073  ::  1.827509  ::  [-3.6047892570495605, 4.474521636962891, 0.05546896904706955]
1.5730398435695978  ::  1.843082  ::  [-3.598507881164551, 4.474346160888672, 0.05546865612268448]
1.5740213630976698  ::  1.859044  ::  [-3.589078426361084, 4.474081993103027, 0.05546765774488449]
1.5740213630976698  ::  1.874  ::  [-3.5827975273132324, 4.473906517028809, 0.0554681234061718]
1.576077463481255  ::  1.888972  ::  [-3.5765140056610107, 4.47373104095459, 0.05546800419688225]
1.5768545042210498  ::  1.904928  ::  [-3.5702288150787354, 4.473555564880371, 0.05546800047159195]
1.578245621655911  ::  1.919875  ::  [-3.5545156002044678, 4.473116874694824, 0.05546858534216881]
1.5785084772172508  ::  1.934843  ::  [-3.5545156002044678, 4.473116874694824, 0.05546858534216881]
1.5784553298077717  ::  1.950806  ::  [-3.5450897216796875, 4.472854137420654, 0.055469416081905365]
1.5780894878003529  ::  1.966763  ::  [-3.541933059692383, 4.472766399383545, 0.05546808987855911]
1.5763745767101507  ::  1.982707  ::  [-3.5325191020965576, 4.472504138946533, 0.055470388382673264]
1.5748785518385062  ::  1.998216  ::  [-3.5199484825134277, 4.472153186798096, 0.05547099560499191]
1.5748785518385062  ::  2.01417  ::  [-3.510521173477173, 4.471890926361084, 0.055471085011959076]
1.572949343563095  ::  2.030131  ::  [-3.5042355060577393, 4.471714973449707, 0.05547073483467102]
1.5718567267393047  ::  2.046092  ::  [-3.494804859161377, 4.471451759338379, 0.05547045171260834]
1.5715087072567513  ::  2.061139  ::  [-3.485382080078125, 4.471188545227051, 0.05546996369957924]
1.5717190557388465  ::  2.077096  ::  [-3.475955009460449, 4.470925331115723, 0.05546930432319641]
1.572520108862442  ::  2.093079  ::  [-3.4696576595306396, 4.4707489013671875, 0.055467136204242706]
1.5735671555178639  ::  2.108013  ::  [-3.4602441787719727, 4.470485687255859, 0.05546828359365463]
1.5735671555178639  ::  2.122973  ::  [-3.4539599418640137, 4.470310211181641, 0.05546791851520538]
1.576158145090826  ::  2.138934  ::  [-3.44453501701355, 4.4700469970703125, 0.05546770244836807]
1.576158145090826  ::  2.154912  ::  [-3.4351046085357666, 4.469783782958984, 0.05546737462282181]
1.5775794647684231  ::  2.169874  ::  [-3.428823947906494, 4.469608783721924, 0.05546849966049194]
1.5775451003791616  ::  2.184808  ::  [-3.416254997253418, 4.4692583084106445, 0.055469244718551636]
1.5770598367829733  ::  2.200785  ::  [-3.40997052192688, 4.469082832336426, 0.05546947568655014]
1.5765027494787942  ::  2.216742  ::  [-3.4005424976348877, 4.468820095062256, 0.055470194667577744]
1.5747420547768118  ::  2.232699  ::  [-3.3942580223083496, 4.468644618988037, 0.05547071993350983]
1.573010388378802  ::  2.248657  ::  [-3.3848297595977783, 4.468381881713867, 0.05547111853957176]
1.573010388378802  ::  2.264614  ::  [-3.3754043579101562, 4.468118667602539, 0.05547086521983147]
1.5708986859865046  ::  2.280571  ::  [-3.365976333618164, 4.467855930328369, 0.05547066032886505]
1.570302751981421  ::  2.296529  ::  [-3.3596866130828857, 4.467679977416992, 0.055469684302806854]
1.570302751981421  ::  2.312489  ::  [-3.3534069061279297, 4.467504978179932, 0.0554700568318367]
1.5702655061061033  ::  2.327447  ::  [-3.347115993499756, 4.467329025268555, 0.055468615144491196]
1.5702655061061033  ::  2.342408  ::  [-3.3439807891845703, 4.467241287231445, 0.05546896159648895]
1.5703890898413981  ::  2.358366  ::  [-3.334552526473999, 4.466977119445801, 0.05546833947300911]
1.5724605581506161  ::  2.373323  ::  [-3.3314123153686523, 4.46688985824585, 0.055468395352363586]
1.5724605581506161  ::  2.388283  ::  [-3.3219847679138184, 4.4666266441345215, 0.05546819418668747]
1.5756059669851128  ::  2.404243  ::  [-3.312549352645874, 4.466362953186035, 0.05546655133366585]
1.576193256532028  ::  2.420197  ::  [-3.303133249282837, 4.466100215911865, 0.055467959493398666]
1.577007756590552  ::  2.435412  ::  [-3.296849250793457, 4.4659247398376465, 0.0554681196808815]
1.5769162960886973  ::  2.451371  ::  [-3.2874207496643066, 4.465662002563477, 0.05546892434358597]
1.5770872642613591  ::  2.467328  ::  [-3.2811248302459717, 4.465486526489258, 0.05546816065907478]
1.576535619764175  ::  2.483285  ::  [-3.274850606918335, 4.465311050415039, 0.05546989291906357]
1.576068819023087  ::  2.498922  ::  [-3.268564462661743, 4.465136528015137, 0.05546984821557999]
1.5744415264533314  ::  2.514856  ::  [-3.2622814178466797, 4.464961051940918, 0.05547063425183296]
1.5744415264533314  ::  2.530813  ::  [-3.252852201461792, 4.464698314666748, 0.05547114461660385]
1.5714343222278215  ::  2.546852  ::  [-3.2339978218078613, 4.464172840118408, 0.05547061562538147]
1.5711135167802426  ::  2.562756  ::  [-3.2339978218078613, 4.464172840118408, 0.05547061562538147]
1.5711135167802426  ::  2.577946  ::  [-3.2277135848999023, 4.4639973640441895, 0.05547010898590088]
1.5705062702743462  ::  2.593907  ::  [-3.2182836532592773, 4.4637346267700195, 0.05546916648745537]
1.57116847845872  ::  2.609865  ::  [-3.2120041847229004, 4.463559150695801, 0.05546913295984268]
1.5722915109686582  ::  2.625822  ::  [-3.199429750442505, 4.463208198547363, 0.055467389523983]
1.5739037557778985  ::  2.641779  ::  [-3.1931517124176025, 4.4630327224731445, 0.055468033999204636]
1.5753945512859597  ::  2.656827  ::  [-3.183725357055664, 4.462769508361816, 0.05546778440475464]
1.57641203602888  ::  2.672839  ::  [-3.1742992401123047, 4.462506294250488, 0.0554678812623024]
1.5772945178139868  ::  2.688798  ::  [-3.168016195297241, 4.4623308181762695, 0.0554681196808815]
1.5775932318684691  ::  2.704756  ::  [-3.1585891246795654, 4.462068557739258, 0.05546875298023224]
1.5776353869422528  ::  2.719715  ::  [-3.152303457260132, 4.461893081665039, 0.055469028651714325]
1.5771055136730479  ::  2.734675  ::  [-3.1428751945495605, 4.461630344390869, 0.055470045655965805]
1.5768390295737116  ::  2.749305  ::  [-3.1365909576416016, 4.46145486831665, 0.055470265448093414]
1.5764311392142147  ::  2.765262  ::  [-3.1334481239318848, 4.461367130279541, 0.05547052249312401]
1.57482102883909  ::  2.78122  ::  [-3.127161979675293, 4.461191654205322, 0.05547042936086655]
1.5744004385966055  ::  2.797179  ::  [-3.1177241802215576, 4.460928440093994, 0.05546784773468971]
1.5744004385966055  ::  2.813134  ::  [-3.114590883255005, 4.460841178894043, 0.05547080934047699]
1.57204935941824  ::  2.829091  ::  [-3.1083076000213623, 4.460665702819824, 0.05547098442912102]
1.571391206658686  ::  2.844052  ::  [-3.0988800525665283, 4.460402965545654, 0.05547027289867401]
1.5715191659839178  ::  2.859012  ::  [-3.089446544647217, 4.460139274597168, 0.05546913295984268]
1.5715191659839178  ::  2.873971  ::  [-3.0800271034240723, 4.45987606048584, 0.05546917766332626]
1.5731333317838623  ::  2.889074  ::  [-3.070600986480713, 4.459612846374512, 0.055468592792749405]
1.5731333317838623  ::  2.904052  ::  [-3.0643067359924316, 4.459436893463135, 0.055465228855609894]
1.575705431614901  ::  2.919013  ::  [-3.0548906326293945, 4.459173679351807, 0.05546795576810837]
1.577373491876265  ::  2.93397  ::  [-3.048604965209961, 4.458998680114746, 0.05546765401959419]
1.578217767290702  ::  2.948949  ::  [-3.0360374450683594, 4.458647727966309, 0.05546826496720314]
1.578217767290702  ::  2.964887  ::  [-3.0297460556030273, 4.45847225189209, 0.05546742305159569]
1.578648496095236  ::  2.979848  ::  [-3.020327091217041, 4.45820951461792, 0.05546918883919716]
1.5779161717501637  ::  2.994809  ::  [-3.0108985900878906, 4.457947254180908, 0.05546986311674118]
1.5767435136470371  ::  3.010817  ::  [-2.995185613632202, 4.457508563995361, 0.05547070503234863]
1.5767435136470371  ::  3.026775  ::  [-2.995185613632202, 4.457508563995361, 0.05547070503234863]
1.5736833754554598  ::  3.042852  ::  [-2.9857571125030518, 4.457245349884033, 0.05547098442912102]
1.5729682333050183  ::  3.058875  ::  [-2.976329803466797, 4.456982135772705, 0.055470723658800125]
1.5729682333050183  ::  3.073834  ::  [-2.9700417518615723, 4.4568071365356445, 0.05547017604112625]
1.5721512786472613  ::  3.088826  ::  [-2.9606075286865234, 4.456543922424316, 0.05546707659959793]
1.5720812692082688  ::  3.104781  ::  [-2.9511921405792236, 4.456280708312988, 0.05546925216913223]
1.5726567126458424  ::  3.120733  ::  [-2.9417662620544434, 4.45601749420166, 0.0554686076939106]
1.5743561490887061  ::  3.136689  ::  [-2.9354703426361084, 4.455841064453125, 0.05546639487147331]
1.5743561490887061  ::  3.15265  ::  [-2.9260456562042236, 4.455577373504639, 0.05546645075082779]
1.5764016840234192  ::  3.168586  ::  [-2.9134888648986816, 4.455226898193359, 0.055467791855335236]
1.577709985414594  ::  3.184705  ::  [-2.9134888648986816, 4.455226898193359, 0.055467791855335236]
1.577709985414594  ::  3.20065  ::  [-2.9040627479553223, 4.4549641609191895, 0.05546808987855911]
1.5785087973823682  ::  3.215612  ::  [-2.894636631011963, 4.454700946807861, 0.055468689650297165]
1.5779017643198832  ::  3.23057  ::  [-2.885209798812866, 4.454438209533691, 0.05546935275197029]
1.5774305879888582  ::  3.246036  ::  [-2.8757824897766113, 4.454174518585205, 0.05546994134783745]
1.5767265448958179  ::  3.261975  ::  [-2.8726348876953125, 4.454087257385254, 0.05546976253390312]
1.575349941612943  ::  3.277933  ::  [-2.8663532733917236, 4.453911781311035, 0.055470649152994156]
1.575349941612943  ::  3.292918  ::  [-2.8569276332855225, 4.453647136688232, 0.05546989291906357]
1.5737019450322658  ::  3.308096  ::  [-2.8474984169006348, 4.453383445739746, 0.055470697581768036]
1.5723363340850864  ::  3.324039  ::  [-2.838070869445801, 4.453120231628418, 0.055470291525125504]
1.5718349555113251  ::  3.339979  ::  [-2.834928512573242, 4.45303201675415, 0.05547037348151207]
1.5719462662504553  ::  3.355938  ::  [-2.822356700897217, 4.452681541442871, 0.05546903610229492]
1.572607087052654  ::  3.371894  ::  [-2.8129334449768066, 4.452417850494385, 0.05546872317790985]
1.572607087052654  ::  3.387854  ::  [-2.8066506385803223, 4.452242374420166, 0.0554681122303009]
1.5733547793233589  ::  3.403809  ::  [-2.800356864929199, 4.452066421508789, 0.05546712875366211]
1.5763677465209807  ::  3.419769  ::  [-2.7909395694732666, 4.451803207397461, 0.05546777695417404]
1.5774689010812337  ::  3.435723  ::  [-2.781513214111328, 4.451539516448975, 0.05546777695417404]
1.578568881702723  ::  3.450684  ::  [-2.7657997608184814, 4.451101303100586, 0.05546807870268822]
1.578568881702723  ::  3.465644  ::  [-2.7657997608184814, 4.451101303100586, 0.05546807870268822]
1.5788514807796323  ::  3.481604  ::  [-2.7563698291778564, 4.450838088989258, 0.055468425154685974]
1.5782731558560026  ::  3.497558  ::  [-2.7500903606414795, 4.4506635665893555, 0.05546962842345238]
1.5780604594963803  ::  3.513515  ::  [-2.743795871734619, 4.450488090515137, 0.055469296872615814]
1.576723023079527  ::  3.529444  ::  [-2.740661859512329, 4.450399875640869, 0.0554700642824173]
1.5752167529241277  ::  3.545424  ::  [-2.7280914783477783, 4.450049877166748, 0.05547063797712326]
1.5737381236905257  ::  3.560402  ::  [-2.7092366218566895, 4.449523448944092, 0.055470507591962814]
1.5729544662049726  ::  3.575367  ::  [-2.7092366218566895, 4.449523448944092, 0.055470507591962814]
1.5723742202906388  ::  3.591316  ::  [-2.7029521465301514, 4.449347496032715, 0.05547012388706207]
1.5723349467029113  ::  3.606571  ::  [-2.6966657638549805, 4.4491729736328125, 0.05546947196125984]
1.5721917261737526  ::  3.622513  ::  [-2.6935245990753174, 4.449084758758545, 0.05546967312693596]
1.5721917261737526  ::  3.638496  ::  [-2.6840884685516357, 4.448821067810059, 0.055467888712882996]
1.5742211461308926  ::  3.654443  ::  [-2.6778151988983154, 4.44864559173584, 0.05546840652823448]
1.5742211461308926  ::  3.669408  ::  [-2.6683895587921143, 4.4483819007873535, 0.05546758696436882]
1.5776300508569636  ::  3.684344  ::  [-2.6589629650115967, 4.448118209838867, 0.05546737089753151]
1.5786745361914467  ::  3.700322  ::  [-2.6495351791381836, 4.447854518890381, 0.05546743795275688]
1.5798596807341496  ::  3.716279  ::  [-2.643253803253174, 4.44767951965332, 0.055467721074819565]
1.5799344926499024  ::  3.732238  ::  [-2.6338257789611816, 4.447416305541992, 0.05546844005584717]
1.5797968216494445  ::  3.748194  ::  [-2.624397039413452, 4.447153568267822, 0.05546901002526283]
1.5797238240026898  ::  3.763153  ::  [-2.6149706840515137, 4.446890354156494, 0.055469490587711334]
1.5785744312314236  ::  3.778114  ::  [-2.6149706840515137, 4.446890354156494, 0.055469490587711334]
1.5779777501743997  ::  3.794071  ::  [-2.599257230758667, 4.446452617645264, 0.05547069385647774]
1.576198592617317  ::  3.810028  ::  [-2.599257230758667, 4.446452617645264, 0.05547069385647774]
1.5746943501743276  ::  3.825985  ::  [-2.5804011821746826, 4.445926666259766, 0.055470336228609085]
1.5746943501743276  ::  3.841943  ::  [-2.5804011821746826, 4.445926666259766, 0.055470336228609085]
1.5728728241000498  ::  3.8579  ::  [-2.574117422103882, 4.445751190185547, 0.0554702989757061]
1.5728728241000498  ::  3.873875  ::  [-2.5615482330322266, 4.445399761199951, 0.05546955019235611]
1.5733481625776002  ::  3.889852  ::  [-2.552119731903076, 4.445136070251465, 0.055468663573265076]
1.5744703413138923  ::  3.905791  ::  [-2.5458381175994873, 4.444960594177246, 0.05546842887997627]
1.5749590200046655  ::  3.921747  ::  [-2.5364129543304443, 4.44469690322876, 0.055467791855335236]
1.5757169575591254  ::  3.937688  ::  [-2.5332698822021484, 4.44460916519165, 0.05546782910823822]
1.5766890855770885  ::  3.952646  ::  [-2.520702838897705, 4.444258213043213, 0.0554676279425621]
1.5779090213958764  ::  3.967606  ::  [-2.520702838897705, 4.444258213043213, 0.0554676279425621]
1.5789970491863183  ::  3.983703  ::  [-2.511270523071289, 4.443994522094727, 0.055467020720243454]
1.578894169461945  ::  3.999642  ::  [-2.501837968826294, 4.443731307983398, 0.05546696111559868]
1.578154374597468  ::  4.015578  ::  [-2.4829955101013184, 4.4432053565979, 0.0554695799946785]
1.5773976109817716  ::  4.031534  ::  [-2.4829955101013184, 4.4432053565979, 0.0554695799946785]
1.5764414912196756  ::  4.04752  ::  [-2.4767096042633057, 4.44303035736084, 0.05546995997428894]
1.5764414912196756  ::  4.06347  ::  [-2.47041916847229, 4.442855358123779, 0.055469684302806854]
1.572970901347663  ::  4.079405  ::  [-2.4578516483306885, 4.442505359649658, 0.05547076091170311]
1.57200837828322  ::  4.095365  ::  [-2.442140817642212, 4.442066669464111, 0.05547035485506058]
1.5712382744543012  ::  4.110323  ::  [-2.442140817642212, 4.442066669464111, 0.05547035485506058]
1.5711205604128242  ::  4.125283  ::  [-2.4358561038970947, 4.441891193389893, 0.055469680577516556]
1.5709572762029784  ::  4.140242  ::  [-2.4295713901519775, 4.441715717315674, 0.05546955764293671]
1.5711454265702713  ::  4.155692  ::  [-2.4232873916625977, 4.441540241241455, 0.055468957871198654]
1.5711454265702713  ::  4.171671  ::  [-2.417001724243164, 4.441364288330078, 0.0554681196808815]
1.5737192339486024  ::  4.187629  ::  [-2.4075772762298584, 4.441100597381592, 0.05546810105443001]
1.5748991491277222  ::  4.203586  ::  [-2.3981521129608154, 4.440837383270264, 0.05546765774488449]
1.576565822006911  ::  4.219546  ::  [-2.391868829727173, 4.440661907196045, 0.055467553436756134]
1.5773337914017143  ::  4.235502  ::  [-2.382441759109497, 4.440398693084717, 0.055467814207077026]
1.5774424340981998  ::  4.250888  ::  [-2.3730154037475586, 4.440135478973389, 0.05546816438436508]
1.5776561976748802  ::  4.266836  ::  [-2.36672043800354, 4.43996000289917, 0.0554673857986927]
1.5776561976748802  ::  4.28199  ::  [-2.360445976257324, 4.439785003662109, 0.055468931794166565]
1.5762095849530127  ::  4.297951  ::  [-2.351016044616699, 4.439521789550781, 0.05546947568655014]
1.5762095849530127  ::  4.313886  ::  [-2.3415796756744385, 4.439259052276611, 0.05546923354268074]
1.5742294704239435  ::  4.329844  ::  [-2.332152843475342, 4.438996315002441, 0.05546959489583969]
1.5727669561679145  ::  4.344806  ::  [-2.325876235961914, 4.438820838928223, 0.055470652878284454]
1.5718889566944505  ::  4.359767  ::  [-2.3164358139038086, 4.438558101654053, 0.055468834936618805]
1.5718889566944505  ::  4.375836  ::  [-2.307021379470825, 4.438294887542725, 0.055470146238803864]
1.571196332823929  ::  4.39476  ::  [-2.2913107872009277, 4.4378557205200195, 0.05546888709068298]
1.5717513924156983  ::  4.423711  ::  [-2.281873941421509, 4.437592029571533, 0.055466942489147186]
1.5723732597952869  ::  4.439665  ::  [-2.281873941421509, 4.437592029571533, 0.055466942489147186]
1.5723732597952869  ::  4.455621  ::  [-2.275601387023926, 4.437417030334473, 0.05546782910823822]
1.573539728039478  ::  4.471582  ::  [-2.2724597454071045, 4.437329292297363, 0.05546768009662628]
1.5744975553488665  ::  4.486546  ::  [-2.2661750316619873, 4.4371538162231445, 0.055467523634433746]
1.574808862564631  ::  4.501504  ::  [-2.259881019592285, 4.436978340148926, 0.055466242134571075]
1.574808862564631  ::  4.517459  ::  [-2.256748914718628, 4.436890602111816, 0.05546731501817703]
1.5768916433746618  ::  4.533391  ::  [-2.250464916229248, 4.436715126037598, 0.055467791855335236]
1.5775622825737925  ::  4.549402  ::  [-2.2410385608673096, 4.436452388763428, 0.055468231439590454]
1.5773248267784288  ::  4.565424  ::  [-2.231611967086792, 4.436189651489258, 0.05546871945261955]
1.5767727553944213  ::  4.581381  ::  [-2.2221808433532715, 4.435926914215088, 0.0554690957069397]
1.5756661580271734  ::  4.59734  ::  [-2.215899705886841, 4.435751438140869, 0.05546989664435387]
1.5756661580271734  ::  4.613297  ::  [-2.206467866897583, 4.435488700866699, 0.05546984076499939]
1.5740786726536744  ::  4.628902  ::  [-2.2033298015594482, 4.435401439666748, 0.05547039955854416]
1.5733159326224544  ::  4.644859  ::  [-2.1970467567443848, 4.435230255126953, 0.05546926334500313]
1.5720355923181943  ::  4.659873  ::  [-2.1907596588134766, 4.435055255889893, 0.05547047033905983]
1.5714913116187088  ::  4.675843  ::  [-2.181331157684326, 4.4347920417785645, 0.0554705411195755]
1.57121628978291  ::  4.691791  ::  [-2.1719043254852295, 4.434528350830078, 0.055469803512096405]
1.57121628978291  ::  4.70774  ::  [-2.168761968612671, 4.434440612792969, 0.05546955764293671]
1.5720965304121954  ::  4.723704  ::  [-2.1593360900878906, 4.434176921844482, 0.0554688461124897]
1.5735362062231872  ::  4.738666  ::  [-2.140484571456909, 4.433650016784668, 0.05546761304140091]
1.5749964793233948  ::  4.754178  ::  [-2.140484571456909, 4.433650016784668, 0.05546761304140091]
1.57603989744082  ::  4.770117  ::  [-2.13105845451355, 4.43338680267334, 0.05546733736991882]
1.57603989744082  ::  4.786074  ::  [-2.124774694442749, 4.433211326599121, 0.055467549711465836]
1.578244234273736  ::  4.802031  ::  [-2.1122066974639893, 4.432860374450684, 0.05546782165765762]
1.578528861063055  ::  4.817989  ::  [-2.105919122695923, 4.432684898376465, 0.055468373000621796]
1.578528861063055  ::  4.833947  ::  [-2.096494197845459, 4.432422161102295, 0.05546904355287552]
1.5768664570520974  ::  4.849899  ::  [-2.0870673656463623, 4.432159423828125, 0.05546946823596954]
1.5753156839453872  ::  4.865861  ::  [-2.0776381492614746, 4.431896686553955, 0.05547016113996506]
1.5736216903095182  ::  4.880801  ::  [-2.068211555480957, 4.431633949279785, 0.055470552295446396]
1.5727786955555505  ::  4.895783  ::  [-2.058783531188965, 4.431370258331299, 0.055470556020736694]
1.5719843658994193  ::  4.91072  ::  [-2.0524940490722656, 4.431195259094238, 0.055469539016485214]
1.571675940169711  ::  4.925684  ::  [-2.0462141036987305, 4.4310197830200195, 0.05547024682164192]
1.5713546011136028  ::  4.94164  ::  [-2.0430657863616943, 4.430931568145752, 0.05546911060810089]
1.5712011353006892  ::  4.957601  ::  [-2.036787986755371, 4.430756568908691, 0.055469486862421036]
1.5714563068992127  ::  4.973556  ::  [-2.030503034591675, 4.430581092834473, 0.055468760430812836]
1.5715704991243988  ::  4.989512  ::  [-2.021075963973999, 4.4303178787231445, 0.0554678775370121]
1.5727764543997291  ::  5.005472  ::  [-2.0179364681243896, 4.430230140686035, 0.055468033999204636]
1.5736541337080758  ::  5.021428  ::  [-2.008509397506714, 4.429965972900391, 0.05546756833791733]
1.5747912534831772  ::  5.037386  ::  [-2.0022165775299072, 4.429790019989014, 0.05546624958515167]
1.5758585772626974  ::  5.053342  ::  [-1.9959427118301392, 4.429615020751953, 0.05546741932630539]
1.5763285796549589  ::  5.068549  ::  [-1.9896591901779175, 4.429439544677734, 0.05546751618385315]
1.5763285796549589  ::  5.083508  ::  [-1.9865148067474365, 4.429351806640625, 0.05546743422746658]
1.5773573768986922  ::  5.098469  ::  [-1.9802324771881104, 4.4291768074035645, 0.055467940866947174]
1.5773947294957156  ::  5.114426  ::  [-1.9708058834075928, 4.4289140701293945, 0.05546831339597702]
1.5767338019718111  ::  5.130398  ::  [-1.9613783359527588, 4.428650856018066, 0.05546913295984268]
1.5767338019718111  ::  5.146373  ::  [-1.9519469738006592, 4.428388595581055, 0.055469412356615067]
1.574258605449622  ::  5.162331  ::  [-1.9456650018692017, 4.428213119506836, 0.05547027289867401]
1.572814554048693  ::  5.178303  ::  [-1.9362366199493408, 4.427950382232666, 0.05547047033905983]
1.570753010858113  ::  5.19426  ::  [-1.9267990589141846, 4.427687168121338, 0.05546922981739044]
1.57038322014758  ::  5.210219  ::  [-1.9142405986785889, 4.4273362159729, 0.055469971150159836]
1.5702682808704536  ::  5.22631  ::  [-1.9079511165618896, 4.42716121673584, 0.0554688461124897]
1.570142989587866  ::  5.241235  ::  [-1.901671051979065, 4.426985740661621, 0.05546911805868149]
1.5707678451752165  ::  5.256701  ::  [-1.895382046699524, 4.426809787750244, 0.055467911064624786]
1.571681703141823  ::  5.27266  ::  [-1.8859615325927734, 4.426546096801758, 0.05546803027391434]
1.5727558571105134  ::  5.288626  ::  [-1.879677653312683, 4.426371097564697, 0.055467624217271805]
1.5738054650868738  ::  5.304558  ::  [-1.8733943700790405, 4.4261956214904785, 0.05546743422746658]
1.5746906149146251  ::  5.319765  ::  [-1.8671034574508667, 4.426019668579102, 0.05546668916940689]
1.5753239015167324  ::  5.335741  ::  [-1.860826849937439, 4.425844192504883, 0.05546732246875763]
1.5760992347092346  ::  5.351699  ::  [-1.854542851448059, 4.425668716430664, 0.055467572063207626]
1.5765836445317765  ::  5.367602  ::  [-1.8356881141662598, 4.425143241882324, 0.05546879023313522]
1.5764578196406602  ::  5.383555  ::  [-1.8356881141662598, 4.425143241882324, 0.05546879023313522]
1.5764578196406602  ::  5.399134  ::  [-1.82625412940979, 4.424880504608154, 0.055468689650297165]
1.574690721636331  ::  5.415075  ::  [-1.8168339729309082, 4.424617290496826, 0.05546994134783745]
1.5730753818976229  ::  5.431013  ::  [-1.8105486631393433, 4.424442291259766, 0.05547022074460983]
1.5717450958350572  ::  5.446994  ::  [-1.801119327545166, 4.424180030822754, 0.05547049269080162]
1.5711541777501452  ::  5.462928  ::  [-1.7916871309280396, 4.423916816711426, 0.05546959489583969]
1.5703607018676602  ::  5.478885  ::  [-1.785409688949585, 4.423741817474365, 0.05546998232603073]
1.5701443769700412  ::  5.494842  ::  [-1.7759816646575928, 4.423478603363037, 0.05546948313713074]
1.5703768168452332  ::  5.510684  ::  [-1.757128357887268, 4.422951698303223, 0.05546789988875389]
1.5710001783287026  ::  5.525646  ::  [-1.757128357887268, 4.422951698303223, 0.05546789988875389]
1.5714135114951941  ::  5.540605  ::  [-1.750844955444336, 4.422775745391846, 0.05546780303120613]
1.5724553287870326  ::  5.556561  ::  [-1.7477021217346191, 4.422688007354736, 0.05546772480010986]
1.5735790016272055  ::  5.572519  ::  [-1.741418719291687, 4.422512531280518, 0.05546727031469345]
1.5735790016272055  ::  5.587502  ::  [-1.7351239919662476, 4.422336578369141, 0.055464375764131546]
1.5760498225594577  ::  5.602462  ::  [-1.7257088422775269, 4.422074317932129, 0.05546761304140091]
1.5766968762616107  ::  5.618431  ::  [-1.719425082206726, 4.42189884185791, 0.055467672646045685]
1.5768656032784512  ::  5.634342  ::  [-1.709997534751892, 4.42163610458374, 0.05546833574771881]
1.5768656032784512  ::  5.650292  ::  [-1.7005691528320312, 4.4213738441467285, 0.05546851456165314]
1.575713755907952  ::  5.666251  ::  [-1.6942849159240723, 4.421197891235352, 0.05546953156590462]
1.5752168596458336  ::  5.682204  ::  [-1.684856653213501, 4.420935153961182, 0.05547017231583595]
1.5744293601788721  ::  5.697378  ::  [-1.6817142963409424, 4.420847415924072, 0.05547023192048073]
1.5744293601788721  ::  5.713335  ::  [-1.6754295825958252, 4.4206719398498535, 0.055470265448093414]
1.5720643004570496  ::  5.729388  ::  [-1.6691431999206543, 4.420497894287109, 0.05547023564577103]
1.5706078693382501  ::  5.745343  ::  [-1.6628575325012207, 4.420322418212891, 0.055470485240221024]
1.5701681759104305  ::  5.760731  ::  [-1.6502768993377686, 4.419971466064453, 0.055466845631599426]
1.5701681759104305  ::  5.77671  ::  [-1.6502768993377686, 4.419971466064453, 0.055466845631599426]
1.5696348875466406  ::  5.792669  ::  [-1.6440036296844482, 4.419796943664551, 0.05546962469816208]
1.5696216540551238  ::  5.808606  ::  [-1.6314362287521362, 4.419445514678955, 0.05546841770410538]
1.5703978410212722  ::  5.824582  ::  [-1.6314362287521362, 4.419445514678955, 0.05546841770410538]
1.5711916370688745  ::  5.84054  ::  [-1.6220054626464844, 4.4191813468933105, 0.05546744540333748]
1.5727046306917383  ::  5.856504  ::  [-1.6157257556915283, 4.419005870819092, 0.05546754226088524]
1.5727046306917383  ::  5.872473  ::  [-1.606300711631775, 4.418742656707764, 0.05546711012721062]
1.5751788667185753  ::  5.888406  ::  [-1.5968670845031738, 4.4184794425964355, 0.0554666593670845]
1.575638090218553  ::  5.904377  ::  [-1.5874481201171875, 4.418216705322266, 0.05546773597598076]
1.5757284835033498  ::  5.920339  ::  [-1.5811632871627808, 4.418041229248047, 0.05546806752681732]
1.5757980660555193  ::  5.936284  ::  [-1.578021764755249, 4.417953968048096, 0.05546819791197777]
1.5753843060022046  ::  5.951249  ::  [-1.5685937404632568, 4.417691230773926, 0.05546920374035835]
1.5753843060022046  ::  5.966206  ::  [-1.559165596961975, 4.417428016662598, 0.05546966567635536]
1.5740075959976239  ::  5.982179  ::  [-1.5497291088104248, 4.417165756225586, 0.05546928197145462]
1.572998755712872  ::  5.997134  ::  [-1.5465950965881348, 4.417078495025635, 0.055470239371061325]
1.572998755712872  ::  6.012058  ::  [-1.540303349494934, 4.416903495788574, 0.05546973645687103]
1.5703722278118846  ::  6.028016  ::  [-1.5308723449707031, 4.416642189025879, 0.055467233061790466]
1.5703722278118846  ::  6.043975  ::  [-1.5245987176895142, 4.416467666625977, 0.05547012388706207]
1.5693769411837668  ::  6.05996  ::  [-1.5151712894439697, 4.416204929351807, 0.05546975135803223]
1.5690802548416944  ::  6.075563  ::  [-1.5057450532913208, 4.415942668914795, 0.05546901375055313]
1.5702042478469846  ::  6.091506  ::  [-1.4963181018829346, 4.415679931640625, 0.0554681196808815]
1.5713045486335915  ::  6.107461  ::  [-1.4868831634521484, 4.4154157638549805, 0.05546657741069794]
1.5713045486335915  ::  6.123555  ::  [-1.48060941696167, 4.4152421951293945, 0.05546751245856285]
1.5737002374849733  ::  6.139516  ::  [-1.474320888519287, 4.415066242218018, 0.0554669126868248]
1.5746004350732399  ::  6.155492  ::  [-1.4617557525634766, 4.4147162437438965, 0.05546737462282181]
1.5746004350732399  ::  6.170641  ::  [-1.4617557525634766, 4.4147162437438965, 0.05546737462282181]
1.5765455448828125  ::  6.186601  ::  [-1.4523252248764038, 4.414453506469727, 0.055467452853918076]
1.5764741480616449  ::  6.202574  ::  [-1.4428942203521729, 4.414190769195557, 0.05546749010682106]
1.5761511014582443  ::  6.21852  ::  [-1.4334759712219238, 4.413928985595703, 0.05546913668513298]
1.5748102499468062  ::  6.234475  ::  [-1.4271901845932007, 4.413753986358643, 0.05546966940164566]
1.572928426108762  ::  6.250448  ::  [-1.4146196842193604, 4.413403511047363, 0.05547018721699715]
1.5718602485555955  ::  6.265963  ::  [-1.405192255973816, 4.413145542144775, 0.0554698184132576]
1.5711233351771745  ::  6.281923  ::  [-1.3988940715789795, 4.412970066070557, 0.0554685965180397]
1.5711233351771745  ::  6.297875  ::  [-1.3926228284835815, 4.412794589996338, 0.05547001212835312]
1.5698091640921816  ::  6.313193  ::  [-1.3769115209579468, 4.412356376647949, 0.05546905845403671]
1.5698146068991765  ::  6.328663  ::  [-1.3769115209579468, 4.412356376647949, 0.05546905845403671]
1.5706398858499846  ::  6.344601  ::  [-1.3674854040145874, 4.412092685699463, 0.0554683580994606]
1.5719158505643076  ::  6.360146  ::  [-1.3580589294433594, 4.411829471588135, 0.05546775460243225]
1.5735228660099645  ::  6.376103  ::  [-1.3486328125, 4.411566257476807, 0.055467475205659866]
1.5747705494722555  ::  6.391769  ::  [-1.3392062187194824, 4.4113030433654785, 0.05546709522604942]
1.5758960365814267  ::  6.40773  ::  [-1.3297724723815918, 4.41103982925415, 0.055466391146183014]
1.5763672129124517  ::  6.423692  ::  [-1.3203544616699219, 4.4107770919799805, 0.055467817932367325]
1.5764948520725663  ::  6.439664  ::  [-1.3109252452850342, 4.410513877868652, 0.055468250066041946]
1.5756508968232468  ::  6.45558  ::  [-1.3046427965164185, 4.410338878631592, 0.05546889454126358]
1.5747627587877335  ::  6.47154  ::  [-1.2952139377593994, 4.41007661819458, 0.05546962842345238]
1.5747627587877335  ::  6.48752  ::  [-1.2889268398284912, 4.4099016189575195, 0.05546965450048447]
1.5728276808185042  ::  6.503452  ::  [-1.28264319896698, 4.409726142883301, 0.05547025799751282]
1.5717484042079364  ::  6.519433  ::  [-1.2700724601745605, 4.40937614440918, 0.055470146238803864]
1.5705738251141057  ::  6.535391  ::  [-1.2700724601745605, 4.40937614440918, 0.055470146238803864]
1.5705738251141057  ::  6.551351  ::  [-1.2606439590454102, 4.40911340713501, 0.055469758808612823]
1.5693584783286667  ::  6.567307  ::  [-1.251218318939209, 4.40885066986084, 0.055469729006290436]
1.5696116222147802  ::  6.583275  ::  [-1.2449324131011963, 4.408675193786621, 0.055468909442424774]
1.5707986877481872  ::  6.598233  ::  [-1.23550546169281, 4.408411979675293, 0.0554681196808815]
1.5719379419574042  ::  6.6132  ::  [-1.226068377494812, 4.408148765563965, 0.05546623840928078]
1.5733860487831528  ::  6.628133  ::  [-1.2072196006774902, 4.407622337341309, 0.055464379489421844]
1.57456425641498  ::  6.643115  ::  [-1.2072196006774902, 4.407622337341309, 0.055464379489421844]
1.57456425641498  ::  6.659072  ::  [-1.2009459733963013, 4.407447338104248, 0.05546731874346733]
1.575769891525193  ::  6.67503  ::  [-1.191519021987915, 4.4071855545043945, 0.05546749010682106]
1.5764013638583019  ::  6.690988  ::  [-1.1820915937423706, 4.406922817230225, 0.055468060076236725]
1.57563360790691  ::  6.705966  ::  [-1.1726607084274292, 4.406660556793213, 0.05546830967068672]
1.57563360790691  ::  6.720925  ::  [-1.163236379623413, 4.406397342681885, 0.0554698184132576]
1.5729506242235645  ::  6.735867  ::  [-1.1569474935531616, 4.406223297119141, 0.05546973645687103]
1.571523968460678  ::  6.750804  ::  [-1.1443804502487183, 4.405873775482178, 0.05547044053673744]
1.571523968460678  ::  6.766483  ::  [-1.1349397897720337, 4.40561056137085, 0.05546860024333]
1.5691891109815914  ::  6.782418  ::  [-1.128668189048767, 4.405436038970947, 0.05547025799751282]
1.5689092866690326  ::  6.798377  ::  [-1.1192398071289062, 4.4051737785339355, 0.0554690882563591]
1.5688654240479563  ::  6.813359  ::  [-1.112958312034607, 4.404998779296875, 0.055468931794166565]
1.5693861192504641  ::  6.828292  ::  [-1.1066718101501465, 4.404823303222656, 0.055468060076236725]
1.5693861192504641  ::  6.843276  ::  [-1.09724760055542, 4.404560565948486, 0.0554681234061718]
1.5703101157791197  ::  6.858271  ::  [-1.090963363647461, 4.404385089874268, 0.0554674006998539]
1.5715621748313477  ::  6.873228  ::  [-1.0815379619598389, 4.4041218757629395, 0.05546724051237106]
1.5724865982468268  ::  6.888192  ::  [-1.0752500295639038, 4.403946876525879, 0.055466700345277786]
1.5744358702029249  ::  6.903147  ::  [-1.068970799446106, 4.40377140045166, 0.05546724051237106]
1.5752978614205218  ::  6.918717  ::  [-1.0532588958740234, 4.403336048126221, 0.055468328297138214]
1.5757127954126  ::  6.934669  ::  [-1.0532588958740234, 4.403336048126221, 0.055468328297138214]
1.5753539970377626  ::  6.950622  ::  [-1.0438312292099, 4.403074741363525, 0.055468909442424774]
1.574921667407642  ::  6.966126  ::  [-1.0375442504882812, 4.402900695800781, 0.05546895042061806]
1.5743323501483169  ::  6.981051  ::  [-1.0312614440917969, 4.402726173400879, 0.055469706654548645]
1.5729217026412976  ::  6.995851  ::  [-1.024972677230835, 4.402551651000977, 0.05546963959932327]
1.5715227945219143  ::  7.010995  ::  [-1.0155373811721802, 4.402291297912598, 0.055469200015068054]
1.5715227945219143  ::  7.026952  ::  [-1.0061192512512207, 4.402029991149902, 0.055470626801252365]
1.5694781133608477  ::  7.041913  ::  [-0.9998340606689453, 4.401855945587158, 0.05547026917338371]
1.5690557088493646  ::  7.057339  ::  [-0.9904009699821472, 4.401594638824463, 0.05546877533197403]
1.5691504777240985  ::  7.073258  ::  [-0.984123945236206, 4.401421070098877, 0.05546920374035835]
1.569437025504122  ::  7.088673  ::  [-0.9778369665145874, 4.401246070861816, 0.0554683692753315]
1.5703240963225773  ::  7.10463  ::  [-0.9715555906295776, 4.401072025299072, 0.055468786507844925]
1.5708040238334764  ::  7.12059  ::  [-0.9621295928955078, 4.400810718536377, 0.055467743426561356]
1.5718867155386291  ::  7.136544  ::  [-0.958986759185791, 4.400723457336426, 0.055467668920755386]
1.5718867155386291  ::  7.152502  ::  [-0.9527037143707275, 4.400547981262207, 0.05546713247895241]
1.5741424922337317  ::  7.168463  ::  [-0.9464161396026611, 4.40037202835083, 0.05546662583947182]
1.5746515547703093  ::  7.183425  ::  [-0.9401358366012573, 4.400196552276611, 0.055467162281274796]
1.5759390454288567  ::  7.198385  ::  [-0.936989426612854, 4.400108814239502, 0.055466871708631516]
1.576450669286373  ::  7.214342  ::  [-0.927566409111023, 4.39984655380249, 0.05546797066926956]
1.576450669286373  ::  7.2303  ::  [-0.9212818145751953, 4.399672031402588, 0.05546813830733299]
1.5763169469890288  ::  7.246259  ::  [-0.9055694341659546, 4.399234771728516, 0.05546920746564865]
1.5763169469890288  ::  7.262214  ::  [-0.9055694341659546, 4.399234771728516, 0.05546920746564865]
1.5753535701509396  ::  7.278332  ::  [-0.8992820382118225, 4.399060249328613, 0.05546947196125984]
1.5753535701509396  ::  7.293474  ::  [-0.8961407542228699, 4.398972988128662, 0.055469904094934464]
1.57271647680108  ::  7.309406  ::  [-0.8867117762565613, 4.398712635040283, 0.055470339953899384]
1.5710924926042036  ::  7.325416  ::  [-0.8804293870925903, 4.3985371589660645, 0.055470194667577744]
1.5710924926042036  ::  7.341374  ::  [-0.8709993362426758, 4.3982768058776855, 0.05547051131725311]
1.569221554380149  ::  7.357331  ::  [-0.8647168278694153, 4.39810037612915, 0.05546979606151581]
1.5690374594376761  ::  7.372575  ::  [-0.8552887439727783, 4.39784049987793, 0.055470094084739685]
1.5691827076792446  ::  7.388532  ::  [-0.8490036725997925, 4.397666931152344, 0.055469222366809845]
1.569803187676658  ::  7.40449  ::  [-0.8427223563194275, 4.397492408752441, 0.05546830967068672]
1.5708370008405628  ::  7.420449  ::  [-0.8364341259002686, 4.397317886352539, 0.055468104779720306]
1.5724208576760654  ::  7.436406  ::  [-0.8270070552825928, 4.397055625915527, 0.05546671152114868]
1.573896712145317  ::  7.452382  ::  [-0.8175858855247498, 4.396792411804199, 0.05546708405017853]
1.5744227434331137  ::  7.468339  ::  [-0.8050174117088318, 4.396442413330078, 0.055467378348112106]
1.5744227434331137  ::  7.483299  ::  [-0.8050174117088318, 4.396442413330078, 0.055467378348112106]
1.5759111910636476  ::  7.498259  ::  [-0.7987316846847534, 4.396267890930176, 0.05546727776527405]
1.5759111910636476  ::  7.513882  ::  [-0.7924489974975586, 4.396093845367432, 0.05546804517507553]
1.5762784204532416  ::  7.529079  ::  [-0.7861636281013489, 4.395918846130371, 0.05546826124191284]
1.576067751806029  ::  7.545037  ::  [-0.7735930681228638, 4.395570755004883, 0.05546915903687477]
1.5749590200046655  ::  7.560344  ::  [-0.7735930681228638, 4.395570755004883, 0.05546915903687477]
1.5735432498557689  ::  7.576295  ::  [-0.764165461063385, 4.395309925079346, 0.0554698184132576]
1.5725478565059452  ::  7.592227  ::  [-0.7547385096549988, 4.395048141479492, 0.0554702952504158]
1.571003913588405  ::  7.608141  ::  [-0.7484527826309204, 4.394874572753906, 0.05547093600034714]
1.5701060638776656  ::  7.624098  ::  [-0.7390259504318237, 4.394613742828369, 0.05547025054693222]
1.5692334004894908  ::  7.639225  ::  [-0.7327370643615723, 4.394438743591309, 0.05546934902667999]
1.569137564397699  ::  7.655043  ::  [-0.7233139276504517, 4.3941755294799805, 0.05546962097287178]
1.5694375591126506  ::  7.671011  ::  [-0.7170199155807495, 4.3940019607543945, 0.05546586960554123]
1.5703719076467673  ::  7.686599  ::  [-0.7076047658920288, 4.393740653991699, 0.05546843260526657]
1.5715399767165452  ::  7.702583  ::  [-0.6981784105300903, 4.393479347229004, 0.055467668920755386]
1.5725877704239075  ::  7.718514  ::  [-0.6887531280517578, 4.393216609954834, 0.055467087775468826]
1.5739564763005547  ::  7.734474  ::  [-0.6824633479118347, 4.393041610717773, 0.05546658858656883]
1.5748307405143163  ::  7.75045  ::  [-0.6730433106422424, 4.392779350280762, 0.05546731501817703]
1.5748307405143163  ::  7.766386  ::  [-0.666757345199585, 4.392604351043701, 0.05546744540333748]
1.5759475831653191  ::  7.781347  ::  [-0.6604741811752319, 4.392430305480957, 0.05546794831752777]
1.576052704045514  ::  7.796307  ::  [-0.6541856527328491, 4.392256259918213, 0.05546807870268822]
1.5756168525991023  ::  7.812264  ::  [-0.647904634475708, 4.392082214355469, 0.05546903610229492]
1.574787411501769  ::  7.828222  ::  [-0.6321800947189331, 4.391645908355713, 0.05546693131327629]
1.5733022722441143  ::  7.843181  ::  [-0.6321800947189331, 4.391645908355713, 0.05546693131327629]
1.572257466744514  ::  7.858168  ::  [-0.62276291847229, 4.391387939453125, 0.055470600724220276]
1.5712411559403572  ::  7.8731  ::  [-0.6101924180984497, 4.391039848327637, 0.05547032505273819]
1.5702713757999212  ::  7.889057  ::  [-0.6101924180984497, 4.391039848327637, 0.05547032505273819]
1.5696943315367609  ::  7.905015  ::  [-0.5976226925849915, 4.390692234039307, 0.05546993017196655]
1.5691875101560047  ::  7.920972  ::  [-0.5976226925849915, 4.390692234039307, 0.05546993017196655]
1.5692647766709906  ::  7.936929  ::  [-0.5850550532341003, 4.3903422355651855, 0.0554688461124897]
1.569406609817974  ::  7.952887  ::  [-0.5850550532341003, 4.3903422355651855, 0.0554688461124897]
1.5698204765929946  ::  7.967847  ::  [-0.5724825859069824, 4.389993190765381, 0.05546732246875763]
1.5704981594247067  ::  7.982807  ::  [-0.5724825859069824, 4.389993190765381, 0.05546732246875763]
1.571376052176465  ::  7.998764  ::  [-0.5662031173706055, 4.3898186683654785, 0.05546768754720688]
1.5721993034148631  ::  8.014722  ::  [-0.5599187016487122, 4.38964319229126, 0.055467329919338226]
1.5738049314783449  ::  8.029683  ::  [-0.5536332130432129, 4.389468669891357, 0.05546664446592331]
1.574707797109256  ::  8.044643  ::  [-0.544203519821167, 4.3892059326171875, 0.055466677993535995]
1.5756928384536188  ::  8.060598  ::  [-0.5284985303878784, 4.388768672943115, 0.05546766519546509]
1.5760625224424458  ::  8.076556  ::  [-0.5284985303878784, 4.388768672943115, 0.05546766519546509]
1.5762746851935392  ::  8.091516  ::  [-0.5222033262252808, 4.3885931968688965, 0.055466990917921066]
1.576241601464747  ::  8.107473  ::  [-0.5159288644790649, 4.3884196281433105, 0.05546895042061806]
1.5757139693513635  ::  8.122433  ::  [-0.506500244140625, 4.388157367706299, 0.05546953156590462]
1.5746447245811392  ::  8.137393  ::  [-0.506500244140625, 4.388157367706299, 0.05546953156590462]
1.5736096307567649  ::  8.153351  ::  [-0.497071772813797, 4.3878960609436035, 0.05546983331441879]
1.5736096307567649  ::  8.168311  ::  [-0.49078917503356934, 4.387721061706543, 0.055469922721385956]
1.5711385963811013  ::  8.18327  ::  [-0.47507500648498535, 4.387285232543945, 0.05547025054693222]
1.5698926204661028  ::  8.199228  ::  [-0.47507500648498535, 4.387285232543945, 0.05547025054693222]
1.5696051121907275  ::  8.215185  ::  [-0.4656476676464081, 4.387022495269775, 0.05546991899609566]
1.5692511162926506  ::  8.231142  ::  [-0.4624931514263153, 4.386935710906982, 0.05546785145998001]
1.5695413993323761  ::  8.2471  ::  [-0.4530799686908722, 4.386673927307129, 0.05546892434358597]
1.5695413993323761  ::  8.263059  ::  [-0.44365328550338745, 4.38641357421875, 0.05546839162707329]
1.5715297314327903  ::  8.279024  ::  [-0.43736860156059265, 4.386239528656006, 0.055467553436756134]
1.5730358948664838  ::  8.294978  ::  [-0.41851896047592163, 4.385715484619141, 0.05546693876385689]
1.5740027935208638  ::  8.310936  ::  [-0.41851896047592163, 4.385715484619141, 0.05546693876385689]
1.5749004297881914  ::  8.326895  ::  [-0.4122328460216522, 4.385540962219238, 0.05546737462282181]
1.5756815259528059  ::  8.341853  ::  [-0.405950129032135, 4.385367393493652, 0.05546727031469345]
1.5756416120348438  ::  8.356813  ::  [-0.39965900778770447, 4.385191917419434, 0.05546679347753525]
1.5758959298597208  ::  8.371975  ::  [-0.39652225375175476, 4.385104179382324, 0.055467698723077774]
1.5758305094540768  ::  8.387933  ::  [-0.390237957239151, 4.384930610656738, 0.05546842887997627]
1.5758305094540768  ::  8.403893  ::  [-0.380810022354126, 4.384669303894043, 0.05546928942203522]
1.574335765242902  ::  8.41885  ::  [-0.37138253450393677, 4.384406089782715, 0.05546962097287178]
1.5727595923702156  ::  8.43381  ::  [-0.36509501934051514, 4.384232044219971, 0.05546940118074417]
1.5718387974927333  ::  8.44877  ::  [-0.3556671440601349, 4.383971214294434, 0.05546990782022476]
1.570423347508954  ::  8.464728  ::  [-0.33995842933654785, 4.3835344314575195, 0.055469777435064316]
1.5693853721985236  ::  8.480685  ::  [-0.33995842933654785, 4.3835344314575195, 0.055469777435064316]
1.5691856958870065  ::  8.496642  ::  [-0.3305312693119049, 4.383272647857666, 0.05546937882900238]
1.5691856958870065  ::  8.5126  ::  [-0.32424670457839966, 4.383098125457764, 0.05546916648745537]
1.5699344553747692  ::  8.528557  ::  [-0.314815491437912, 4.382835388183594, 0.05546759441494942]
1.5709729642937285  ::  8.544515  ::  [-0.29911142587661743, 4.382397174835205, 0.055467166006565094]
1.572470803434371  ::  8.560471  ::  [-0.29911142587661743, 4.382397174835205, 0.055467166006565094]
1.5740296873907207  ::  8.575938  ::  [-0.2896842062473297, 4.382134437561035, 0.05546687915921211]
1.5750647812150949  ::  8.591895  ::  [-0.2802598476409912, 4.38187313079834, 0.05546731874346733]
1.5759761845824685  ::  8.606854  ::  [-0.27397486567497253, 4.3816986083984375, 0.05546753108501434]
1.5762389334221025  ::  8.621815  ::  [-0.2645488381385803, 4.381435871124268, 0.05546792596578598]
1.5762389334221025  ::  8.637772  ::  [-0.25826317071914673, 4.381261348724365, 0.05546820908784866]
1.5753500483346488  ::  8.653732  ::  [-0.24569366872310638, 4.380910873413086, 0.05546901375055313]
1.5734406902965128  ::  8.668953  ::  [-0.23940926790237427, 4.380735874176025, 0.05546940863132477]
1.5734406902965128  ::  8.684909  ::  [-0.2268383651971817, 4.380385875701904, 0.055470019578933716]
1.5708314513118622  ::  8.700859  ::  [-0.22055287659168243, 4.380211353302002, 0.055470120161771774]
1.5697389412097775  ::  8.716819  ::  [-0.21112409234046936, 4.379952907562256, 0.05546928942203522]
1.5692559187694106  ::  8.732779  ::  [-0.2016962468624115, 4.379690170288086, 0.05546917766332626]
1.5693945502652207  ::  8.748731  ::  [-0.1922721266746521, 4.379427909851074, 0.05546917766332626]
1.570223564475731  ::  8.764274  ::  [-0.18284553289413452, 4.379164695739746, 0.0554681196808815]
1.571496647703998  ::  8.779592  ::  [-0.17341731488704681, 4.378902912139893, 0.055467210710048676]
1.572528433155493  ::  8.795555  ::  [-0.16398845613002777, 4.378640174865723, 0.055466074496507645]
1.5741084480095875  ::  8.810502  ::  [-0.14828407764434814, 4.378204822540283, 0.05546734482049942]
1.5753546373679974  ::  8.825447  ::  [-0.14828407764434814, 4.378204822540283, 0.05546734482049942]
1.5758564428285817  ::  8.840406  ::  [-0.13885733485221863, 4.377943992614746, 0.055467426776885986]
1.5761892011072083  ::  8.855069  ::  [-0.13257338106632233, 4.3777689933776855, 0.05546790733933449]
1.5761892011072083  ::  8.870791  ::  [-0.12314621359109879, 4.377508640289307, 0.0554686076939106]
1.5750551762615745  ::  8.886729  ::  [-0.11686056107282639, 4.377333641052246, 0.05546886473894119]
1.5741937186525068  ::  8.90271  ::  [-0.10742824524641037, 4.377071857452393, 0.05546916276216507]
1.5726379296256248  ::  8.918667  ::  [-0.10114775598049164, 4.376896381378174, 0.05546986311674118]
1.5712308039348963  ::  8.934625  ::  [-0.0917196199297905, 4.376635551452637, 0.05547032505273819]
1.5701716977267213  ::  8.950559  ::  [-0.0822901725769043, 4.376374244689941, 0.05547003820538521]
1.5698443822550896  ::  8.966539  ::  [-0.07601188123226166, 4.376202583312988, 0.05546874180436134]
1.569097010149502  ::  8.982474  ::  [-0.07286639511585236, 4.376114845275879, 0.05546973645687103]
1.5690851640401604  ::  8.998431  ::  [-0.0634390115737915, 4.375852584838867, 0.0554693378508091]
1.569109816754196  ::  9.01339  ::  [-0.05715535953640938, 4.375678062438965, 0.0554686039686203]
1.5696289111311168  ::  9.028352  ::  [-0.050864238291978836, 4.3755035400390625, 0.05546791851520538]
1.5704284701508315  ::  9.045306  ::  [-0.03830114006996155, 4.375153541564941, 0.055467162281274796]
1.5712633540551597  ::  9.060264  ::  [-0.03830114006996155, 4.375153541564941, 0.055467162281274796]
1.5724091182884294  ::  9.075268  ::  [-0.03201969340443611, 4.374978542327881, 0.055467117577791214]
1.5735347121193064  ::  9.091235  ::  [-0.02573537826538086, 4.37480354309082, 0.05546699836850166]
1.5735347121193064  ::  9.10716  ::  [-0.01944003999233246, 4.374629020690918, 0.05546514317393303]
1.5747042752929652  ::  9.123125  ::  [-0.01944003999233246, 4.374629020690918, 0.05546514317393303]
1.5755543136795145  ::  9.138117  ::  [-0.010025161318480968, 4.37436580657959, 0.055467452853918076]
1.575745452254569  ::  9.153579  ::  [-0.0005980897694826126, 4.374104022979736, 0.05546814948320389]
1.575816849075737  ::  9.169192  ::  [0.00254295626655221, 4.374016761779785, 0.055468153208494186]
1.5753913496347862  ::  9.18508  ::  [0.01197215635329485, 4.373754978179932, 0.05546863004565239]
1.5746686302432342  ::  9.201047  ::  [0.018255386501550674, 4.373579502105713, 0.05546906590461731]
1.5746686302432342  ::  9.216974  ::  [0.024541500955820084, 4.373404502868652, 0.05546950548887253]
1.572379022767399  ::  9.233006  ::  [0.030839134007692337, 4.37322998046875, 0.055468421429395676]
1.5711711465013645  ::  9.24899  ::  [0.04026734083890915, 4.3729705810546875, 0.05546893924474716]
1.56967714934213  ::  9.264923  ::  [0.0465373694896698, 4.3727946281433105, 0.05546937882900238]
1.5687955213306695  ::  9.280388  ::  [0.055966347455978394, 4.372532367706299, 0.055469680577516556]
1.5685694847578244  ::  9.296371  ::  [0.0654035359621048, 4.372270107269287, 0.055466387420892715]
1.5685680973756493  ::  9.312218  ::  [0.07167715579271317, 4.372096061706543, 0.05546906962990761]
1.56935687750308  ::  9.328175  ::  [0.08738671988248825, 4.371661186218262, 0.05546768009662628]
1.5700797036163376  ::  9.344131  ::  [0.09367194771766663, 4.371487140655518, 0.05546716973185539]
1.5709403074517594  ::  9.359496  ::  [0.09367194771766663, 4.371487140655518, 0.05546716973185539]
1.572143167797622  ::  9.375423  ::  [0.0999545007944107, 4.371311664581299, 0.05546688288450241]
1.5734511490236796  ::  9.39141  ::  [0.10625218600034714, 4.371136665344238, 0.05546525865793228]
1.5744586019262563  ::  9.407359  ::  [0.11566542088985443, 4.370874404907227, 0.05546716973185539]
1.574760517631912  ::  9.422302  ::  [0.12195347994565964, 4.370699882507324, 0.05546724796295166]
1.5750388478405901  ::  9.437258  ::  [0.12509199976921082, 4.370613098144531, 0.055467549711465836]
1.5754960436281578  ::  9.452218  ::  [0.12823474407196045, 4.370526313781738, 0.0554681196808815]
1.575394871451077  ::  9.467207  ::  [0.13766103982925415, 4.370264530181885, 0.05546846613287926]
1.5751130194261083  ::  9.48272  ::  [0.14394544064998627, 4.370089530944824, 0.05546865239739418]
1.5741050329150024  ::  9.498654  ::  [0.15023165941238403, 4.36991548538208, 0.055469077080488205]
1.57323407707412  ::  9.514636  ::  [0.15966063737869263, 4.369655132293701, 0.055469729006290436]
1.5722074142645024  ::  9.530602  ::  [0.172231525182724, 4.369308948516846, 0.05547004193067551]
1.5707135238269736  ::  9.546525  ::  [0.172231525182724, 4.369308948516846, 0.05547004193067551]
1.569610768441134  ::  9.562483  ::  [0.18165718019008636, 4.369047164916992, 0.055470094084739685]
1.5690420484710246  ::  9.578441  ::  [0.19108499586582184, 4.368783950805664, 0.05546946078538895]
1.5688429057680364  ::  9.594397  ::  [0.20365314185619354, 4.368435382843018, 0.05546895042061806]
1.5690942353851518  ::  9.609381  ::  [0.20365314185619354, 4.368435382843018, 0.05546895042061806]
1.569669892266137  ::  9.625337  ::  [0.2130793035030365, 4.368174076080322, 0.055468566715717316]
1.5709730710154342  ::  9.641272  ::  [0.21936261653900146, 4.367999076843262, 0.05546748265624046]
1.5719359142449945  ::  9.65626  ::  [0.22878935933113098, 4.367737293243408, 0.0554671511054039]
1.5729657787057854  ::  9.671192  ::  [0.2350713163614273, 4.367563247680664, 0.055467016994953156]
1.5745043855380365  ::  9.687178  ::  [0.24135810136795044, 4.367388725280762, 0.05546693131327629]
1.5751192092850435  ::  9.703132  ::  [0.2507820725440979, 4.367127418518066, 0.05546732619404793]
1.5758853644108486  ::  9.718087  ::  [0.2570670247077942, 4.366952896118164, 0.055467572063207626]
1.5760949658410033  ::  9.733026  ::  [0.26649466156959534, 4.3666911125183105, 0.055467639118433]
1.5754050100131263  ::  9.748984  ::  [0.2822059392929077, 4.366255760192871, 0.05546921491622925]
1.574236514056525  ::  9.763962  ::  [0.2822059392929077, 4.366255760192871, 0.05546921491622925]
1.574236514056525  ::  9.778919  ::  [0.2916340231895447, 4.365994930267334, 0.05546970292925835]
1.572240284549883  ::  9.794862  ::  [0.3042042553424835, 4.3656463623046875, 0.05547036603093147]
1.5702197224943228  ::  9.810819  ::  [0.3042042553424835, 4.3656463623046875, 0.05547036603093147]
1.5694791805779054  ::  9.826277  ::  [0.31677451729774475, 4.365297794342041, 0.055469706654548645]
1.5688239093044074  ::  9.842237  ::  [0.323058545589447, 4.365121841430664, 0.05546938255429268]
1.5688042725105436  ::  9.858187  ::  [0.3324863016605377, 4.364859580993652, 0.055468957871198654]
1.5688649971611333  ::  9.873134  ::  [0.33563822507858276, 4.364772796630859, 0.055467553436756134]
1.569693797928232  ::  9.888094  ::  [0.34191176295280457, 4.364596843719482, 0.0554681159555912]
1.5706007189839628  ::  9.904044  ::  [0.35133832693099976, 4.364333629608154, 0.05546746402978897]
1.5719328193155269  ::  9.92002  ::  [0.3576221168041229, 4.36415958404541, 0.05546779930591583]
1.5734175316863583  ::  9.935979  ::  [0.36704733967781067, 4.363897800445557, 0.055466797202825546]
1.5748090760080427  ::  9.951898  ::  [0.37647977471351624, 4.363636493682861, 0.055466342717409134]
1.575663489984529  ::  9.966859  ::  [0.395325630903244, 4.363112449645996, 0.05546770244836807]
1.575866154503808  ::  9.981818  ::  [0.395325630903244, 4.363112449645996, 0.05546770244836807]
1.5754494062427313  ::  9.99778  ::  [0.40475428104400635, 4.362851142883301, 0.05546882003545761]
1.574424557702112  ::  10.013233  ::  [0.4141819477081299, 4.362590789794922, 0.055469267070293427]
1.5739923347936973  ::  10.028194  ::  [0.4236115515232086, 4.362328052520752, 0.05546937882900238]
1.5725496707749436  ::  10.043178  ::  [0.4267517626285553, 4.362241268157959, 0.055469803512096405]
1.5714747697543128  ::  10.059134  ::  [0.4424643814563751, 4.3618059158325195, 0.055470000952482224]
1.5702319954904878  ::  10.07509  ::  [0.4424643814563751, 4.3618059158325195, 0.055470000952482224]
1.569428167602542  ::  10.09041  ::  [0.46131929755210876, 4.361281394958496, 0.055468954145908356]
1.569428167602542  ::  10.106271  ::  [0.46131929755210876, 4.361281394958496, 0.055468954145908356]
1.5692223014320894  ::  10.122229  ::  [0.46131929755210876, 4.361281394958496, 0.055468954145908356]
1.5695524983897773  ::  10.138186  ::  [0.46760663390159607, 4.361108303070068, 0.05546841770410538]
1.570559524405531  ::  10.153148  ::  [0.477035254240036, 4.360846042633057, 0.05546712130308151]
1.5714120173913133  ::  10.168106  ::  [0.4864538311958313, 4.360583305358887, 0.05546710640192032]
1.5727405959065865  ::  10.184063  ::  [0.4927384555339813, 4.360407829284668, 0.05546702817082405]
1.574397236945432  ::  10.200023  ::  [0.5021651983261108, 4.360146999359131, 0.055466655641794205]
1.5752574138940305  ::  10.21598  ::  [0.5115925073623657, 4.359884738922119, 0.05546683818101883]
1.5761929363669107  ::  10.231937  ::  [0.5178753137588501, 4.359711170196533, 0.0554676279425621]
1.5759943272724515  ::  10.247895  ::  [0.5398719310760498, 4.359100341796875, 0.055468760430812836]
1.5754365996380375  ::  10.26385  ::  [0.5398719310760498, 4.359100341796875, 0.055468760430812836]
1.5754365996380375  ::  10.279807  ::  [0.5461553335189819, 4.358926773071289, 0.055467329919338226]
1.57281209944946  ::  10.295764  ::  [0.5555862188339233, 4.3586649894714355, 0.05546884983778]
1.5711623953214904  ::  10.310725  ::  [0.5650125741958618, 4.358403205871582, 0.055469706654548645]
1.5702013663609284  ::  10.325684  ::  [0.5744407773017883, 4.3581414222717285, 0.05547010153532028]
1.569212696478569  ::  10.341642  ::  [0.5807311534881592, 4.357967853546143, 0.055469319224357605]
1.5689875136793703  ::  10.357599  ::  [0.590152382850647, 4.357706546783447, 0.055469341576099396]
1.5692261434134978  ::  10.373556  ::  [0.6090080738067627, 4.35718297958374, 0.05546801537275314]
1.5692261434134978  ::  10.389513  ::  [0.6090080738067627, 4.35718297958374, 0.05546801537275314]
1.5714427532425783  ::  10.405471  ::  [0.6184361577033997, 4.3569207191467285, 0.055466633290052414]
1.5725647185354588  ::  10.421429  ::  [0.6278570294380188, 4.356657981872559, 0.05546712875366211]
1.5739634132114304  ::  10.436388  ::  [0.634141206741333, 4.356482982635498, 0.05546700581908226]
1.5748919987734349  ::  10.451348  ::  [0.6435699462890625, 4.3562235832214355, 0.05546671897172928]
1.575520376177076  ::  10.467308  ::  [0.6498521566390991, 4.356049537658691, 0.05546743795275688]
1.575928159814867  ::  10.483263  ::  [0.6561374664306641, 4.355875492095947, 0.05546737462282181]
1.5758750124053877  ::  10.499162  ::  [0.6624213457107544, 4.355701446533203, 0.055467985570430756]
1.5756185601463948  ::  10.515101  ::  [0.6687068343162537, 4.355527400970459, 0.05546848848462105]
1.574637467505146  ::  10.531058  ::  [0.6749918460845947, 4.355353355407715, 0.05546937882900238]
1.574637467505146  ::  10.547021  ::  [0.6844173669815063, 4.3550944328308105, 0.055468760430812836]
1.5716082786082455  ::  10.56295  ::  [0.6938446760177612, 4.354834079742432, 0.05546862632036209]
1.5703313533985703  ::  10.57791  ::  [0.7032723426818848, 4.354574680328369, 0.055468712002038956]
1.569183988339714  ::  10.592905  ::  [0.7127025127410889, 4.354314804077148, 0.055470533668994904]
1.5688894364317572  ::  10.608855  ::  [0.7221293449401855, 4.354056358337402, 0.055469807237386703]
1.5689097135558556  ::  10.624812  ::  [0.7284183502197266, 4.353883266448975, 0.0554690882563591]
1.5689097135558556  ::  10.640066  ::  [0.7378398776054382, 4.353623867034912, 0.05546850338578224]
1.5704977325378837  ::  10.656122  ::  [0.7472662329673767, 4.353364944458008, 0.055467747151851654]
1.5704977325378837  ::  10.672081  ::  [0.7535576820373535, 4.35319185256958, 0.055466290563344955]
1.5731454980583213  ::  10.688016  ::  [0.7692593336105347, 4.352758407592773, 0.05546782165765762]
1.5744668194976015  ::  10.703948  ::  [0.7692593336105347, 4.352758407592773, 0.05546782165765762]
1.5754315837178658  ::  10.719905  ::  [0.7786850929260254, 4.352499961853027, 0.055468134582042694]
1.5758331774967214  ::  10.735862  ::  [0.7881128787994385, 4.3522419929504395, 0.05546816065907478]
1.5755021267653873  ::  10.750943  ::  [0.7975446581840515, 4.351981163024902, 0.05546870455145836]
1.5747441892109275  ::  10.766884  ::  [0.8069661855697632, 4.3517231941223145, 0.05546964332461357]
1.5737578672060952  ::  10.782844  ::  [0.8163944482803345, 4.351461887359619, 0.05547025054693222]
1.5737578672060952  ::  10.798818  ::  [0.8226761817932129, 4.351292133331299, 0.05546867102384567]
1.570116629326538  ::  10.814834  ::  [0.8321043252944946, 4.35103178024292, 0.05546770244836807]
1.5691996764304639  ::  10.830772  ::  [0.8446770310401917, 4.35068941116333, 0.055468056350946426]
1.5690152613228736  ::  10.846771  ::  [0.8541085124015808, 4.350427627563477, 0.055469248443841934]
1.5692703261996912  ::  10.862807  ::  [0.8603886365890503, 4.350255966186523, 0.05546942725777626]
1.5692703261996912  ::  10.877963  ::  [0.8698158860206604, 4.349997520446777, 0.0554693266749382]
1.5720748659059218  ::  10.89392  ::  [0.8792505264282227, 4.349738121032715, 0.05546630918979645]
1.5737621360743266  ::  10.909903  ::  [0.891808271408081, 4.349390506744385, 0.05546719580888748]
1.5752295595288215  ::  10.925859  ::  [0.9012365937232971, 4.349131107330322, 0.0554678775370121]
1.5762666810656056  ::  10.941825  ::  [0.9106666445732117, 4.348871231079102, 0.05546711012721062]
1.5767082954841292  ::  10.957773  ::  [0.9200876355171204, 4.348613262176514, 0.05546896532177925]
1.575952919250608  ::  10.97373  ::  [0.9295140504837036, 4.348353862762451, 0.055468931794166565]
1.575952919250608  ::  10.989687  ::  [0.93894362449646, 4.3480939865112305, 0.05546986311674118]
1.5736791065872286  ::  11.005649  ::  [0.9577957987785339, 4.34757661819458, 0.055470071732997894]
1.572168567563598  ::  11.021287  ::  [0.9577957987785339, 4.34757661819458, 0.055470071732997894]
1.5708421234824403  ::  11.037213  ::  [0.9672220945358276, 4.347317218780518, 0.05546880513429642]
1.569979918821432  ::  11.052197  ::  [0.9766519665718079, 4.347057819366455, 0.0554695725440979]
1.569491133408953  ::  11.067157  ::  [0.9860807657241821, 4.346800804138184, 0.055469464510679245]
1.5698759718800008  ::  11.083091  ::  [0.995514988899231, 4.346541404724121, 0.05546849966049194]
1.5707404176968307  ::  11.099076  ::  [1.0049433708190918, 4.346280574798584, 0.055466778576374054]
1.5721273729851664  ::  11.115034  ::  [1.0237826108932495, 4.345761299133301, 0.05546737462282181]
1.5739904138029932  ::  11.130991  ::  [1.0237826108932495, 4.345761299133301, 0.05546737462282181]
1.575174170963521  ::  11.146943  ::  [1.0332087278366089, 4.3454999923706055, 0.05546734854578972]
1.5763037134975117  ::  11.162901  ::  [1.0520612001419067, 4.344979763031006, 0.05546821653842926]
1.5766403137575464  ::  11.178525  ::  [1.0520612001419067, 4.344979763031006, 0.05546821653842926]
1.5761237807015642  ::  11.194464  ::  [1.0709161758422852, 4.344461441040039, 0.05546942353248596]
1.5750549628181632  ::  11.210449  ::  [1.0709161758422852, 4.344461441040039, 0.05546942353248596]
1.5742170907060729  ::  11.226405  ::  [1.0803420543670654, 4.344201564788818, 0.05546864867210388]
1.572860017495356  ::  11.242358  ::  [1.0866281986236572, 4.344029903411865, 0.05546974390745163]
1.5712274955620171  ::  11.258316  ::  [1.0960586071014404, 4.343769550323486, 0.055470582097768784]
1.5706345497646954  ::  11.274278  ::  [1.1054848432540894, 4.343510150909424, 0.05547032505273819]
1.5700481139914264  ::  11.289528  ::  [1.1117711067199707, 4.3433380126953125, 0.055467985570430756]
1.5698365915705674  ::  11.305492  ::  [1.1180541515350342, 4.34316349029541, 0.055469609797000885]
1.5698545208171388  ::  11.320448  ::  [1.1243396997451782, 4.342989444732666, 0.05546942353248596]
1.5703015780426572  ::  11.335408  ::  [1.1306296586990356, 4.342815399169922, 0.05546863004565239]
1.571017147079922  ::  11.351358  ::  [1.1369065046310425, 4.342642307281494, 0.05546801537275314]
1.572335053424617  ::  11.367331  ::  [1.1431918144226074, 4.342469215393066, 0.05546731874346733]
1.5737686460983793  ::  11.383297  ::  [1.152622103691101, 4.3422088623046875, 0.055466242134571075]
1.5751021338121185  ::  11.399239  ::  [1.1620426177978516, 4.341951370239258, 0.05546783655881882]
1.5755648791283867  ::  11.415193  ::  [1.1714684963226318, 4.341691493988037, 0.05546736344695091]
1.576167856766052  ::  11.431149  ::  [1.1746113300323486, 4.341604709625244, 0.05546806752681732]
1.576351418099996  ::  11.447177  ::  [1.1808958053588867, 4.341431140899658, 0.05546802282333374]
1.5761307176124402  ::  11.462824  ::  [1.1903226375579834, 4.341172218322754, 0.05546886846423149]
1.5752291326419985  ::  11.477783  ::  [1.1997509002685547, 4.340910911560059, 0.05546965450048447]
1.5752291326419985  ::  11.492766  ::  [1.209179401397705, 4.340652942657471, 0.055470023304224014]
1.5723882008340961  ::  11.508728  ::  [1.2186182737350464, 4.340394020080566, 0.05546807125210762]
1.5723882008340961  ::  11.524782  ::  [1.2280476093292236, 4.340134143829346, 0.05546880513429642]
1.5709291016726523  ::  11.540737  ::  [1.2374581098556519, 4.339874744415283, 0.055468544363975525]
1.5691755573249573  ::  11.556673  ::  [1.24688720703125, 4.3396172523498535, 0.055469490587711334]
1.5696988138484036  ::  11.572656  ::  [1.2563142776489258, 4.339357852935791, 0.05546930432319641]
1.5696988138484036  ::  11.587609  ::  [1.2688831090927124, 4.339011192321777, 0.05546848848462105]
1.5715314389800827  ::  11.602569  ::  [1.2751665115356445, 4.338837146759033, 0.055467765778303146]
1.5728929945024424  ::  11.618522  ::  [1.2845919132232666, 4.338576793670654, 0.055467747151851654]
1.573760001640211  ::  11.634466  ::  [1.3003015518188477, 4.338144302368164, 0.05546744912862778]
1.573760001640211  ::  11.650422  ::  [1.3003015518188477, 4.338144302368164, 0.05546744912862778]
1.5748288195236122  ::  11.666525  ::  [1.303443431854248, 4.338057518005371, 0.05546719580888748]
1.57545399527608  ::  11.682485  ::  [1.3097286224365234, 4.337883949279785, 0.055467717349529266]
1.575278224626658  ::  11.698417  ::  [1.3191571235656738, 4.337625026702881, 0.05546775460243225]
1.5741856078028673  ::  11.714371  ::  [1.3285932540893555, 4.33736515045166, 0.05546630918979645]
1.5732485912261063  ::  11.730354  ::  [1.3411586284637451, 4.337020397186279, 0.05546863377094269]
1.5719218269798312  ::  11.745308  ::  [1.3474361896514893, 4.336847305297852, 0.05546898394823074]
1.5705580303016502  ::  11.760272  ::  [1.3568602800369263, 4.336592197418213, 0.05546610429883003]
1.5705580303016502  ::  11.776229  ::  [1.366295337677002, 4.336330890655518, 0.05546937510371208]
1.5689622206351002  ::  11.792191  ::  [1.3757197856903076, 4.336071491241455, 0.05546974763274193]
1.5685605201345387  ::  11.808148  ::  [1.3820048570632935, 4.335898399353027, 0.05546962097287178]
1.569323580330876  ::  11.824105  ::  [1.3914408683776855, 4.335639476776123, 0.05546807497739792]
1.570136266120402  ::  11.840063  ::  [1.4040042161941528, 4.335295677185059, 0.05546768754720688]
1.5716731654053604  ::  11.856028  ::  [1.4102833271026611, 4.3351216316223145, 0.055467911064624786]
1.5731980051375658  ::  11.871973  ::  [1.4197086095809937, 4.334861755371094, 0.055467359721660614]
1.5746376809485576  ::  11.887907  ::  [1.429134488105774, 4.334602355957031, 0.05546728894114494]
1.575762527727494  ::  11.903114  ::  [1.4385606050491333, 4.334342956542969, 0.0554678849875927]
1.575762527727494  ::  11.919069  ::  [1.4479877948760986, 4.334083557128906, 0.05546831339597702]
1.5762878119633503  ::  11.93506  ::  [1.4574257135391235, 4.333822250366211, 0.05546604096889496]
1.5731720717630608  ::  11.950194  ::  [1.469987154006958, 4.333479404449463, 0.05546952039003372]
1.5716783947689439  ::  11.966128  ::  [1.476269006729126, 4.333309173583984, 0.055469006299972534]
1.5702238846408485  ::  11.982085  ::  [1.4856996536254883, 4.3330488204956055, 0.05547042936086655]
1.5690911404556842  ::  11.997065  ::  [1.4951281547546387, 4.332789421081543, 0.05547001585364342]
1.568415378614676  ::  12.012487  ::  [1.5045636892318726, 4.332531452178955, 0.05546611174941063]
1.568415378614676  ::  12.028422  ::  [1.5139764547348022, 4.332272529602051, 0.0554676279425621]
1.568117945220663  ::  12.044378  ::  [1.5234074592590332, 4.3320136070251465, 0.05546891689300537]
1.5697640208106363  ::  12.0596  ::  [1.5296962261199951, 4.3318400382995605, 0.05546727403998375]
1.5709952691302367  ::  12.075558  ::  [1.5422618389129639, 4.331494331359863, 0.0554676279425621]
1.5724450835032777  ::  12.091492  ::  [1.5516836643218994, 4.331234931945801, 0.05546746775507927]
1.5738416437451337  ::  12.107477  ::  [1.5611109733581543, 4.330974578857422, 0.05546782165765762]
1.574342061823543  ::  12.123447  ::  [1.5736796855926514, 4.330628395080566, 0.05546848475933075]
1.5745514498102862  ::  12.139386  ::  [1.5799638032913208, 4.330455303192139, 0.05546874180436134]
1.5737798518774864  ::  12.154351  ::  [1.5925354957580566, 4.330110549926758, 0.05546841025352478]
1.5730069732842171  ::  12.169311  ::  [1.6019563674926758, 4.32985258102417, 0.05546204373240471]
1.5725558606338788  ::  12.185247  ::  [1.6082463264465332, 4.329676628112793, 0.055469825863838196]
1.570952580447924  ::  12.201204  ::  [1.6113890409469604, 4.329591751098633, 0.055470116436481476]
1.5690703297230568  ::  12.217161  ::  [1.6208158731460571, 4.3293328285217285, 0.05547024682164192]
1.5675949021406281  ::  12.233119  ::  [1.6302335262298584, 4.329075813293457, 0.055464837700128555]
1.566983066601383  ::  12.249076  ::  [1.639671802520752, 4.328817844390869, 0.05546853691339493]
1.5675396202970333  ::  12.265035  ::  [1.6491104364395142, 4.328557014465332, 0.055466219782829285]
1.5679537005154653  ::  12.280991  ::  [1.6585253477096558, 4.328299522399902, 0.05546920746564865]
1.5692464205375962  ::  12.296948  ::  [1.6648104190826416, 4.328125953674316, 0.055468566715717316]
1.5710447880017193  ::  12.311908  ::  [1.6742463111877441, 4.327866077423096, 0.05546506494283676]
1.572185643036523  ::  12.326868  ::  [1.6868029832839966, 4.327519416809082, 0.05546749755740166]
1.5736953282865074  ::  12.342825  ::  [1.6930873394012451, 4.3273468017578125, 0.05546741560101509]
1.5743296821056723  ::  12.358782  ::  [1.7025173902511597, 4.32708740234375, 0.05546757951378822]
1.5749355412293937  ::  12.373743  ::  [1.7087986469268799, 4.3269147872924805, 0.05546857416629791]
1.574587735190252  ::  12.388705  ::  [1.7213683128356934, 4.326569557189941, 0.05546904355287552]
1.5739228589632335  ::  12.403676  ::  [1.7307935953140259, 4.32631254196167, 0.05546770244836807]
1.5739228589632335  ::  12.418641  ::  [1.7370895147323608, 4.326137542724609, 0.05546850711107254]
1.5711081806949536  ::  12.434598  ::  [1.746504545211792, 4.325878620147705, 0.05546598136425018]
1.5698472637411456  ::  12.450556  ::  [1.765369176864624, 4.325360298156738, 0.05546797811985016]
1.5686831433744817  ::  12.466508  ::  [1.7747855186462402, 4.325103759765625, 0.05546770617365837]
1.5681407836657002  ::  12.482472  ::  [1.7747855186462402, 4.325103759765625, 0.05546770617365837]
1.5684333078612473  ::  12.498425  ::  [1.7842178344726562, 4.3248443603515625, 0.05546953156590462]
1.5687698013995761  ::  12.514385  ::  [1.7905031442642212, 4.32466983795166, 0.05546918883919716]
1.5691341493031141  ::  12.530337  ::  [1.7967854738235474, 4.324496746063232, 0.055468346923589706]
1.5699432065546433  ::  12.546295  ::  [1.799931526184082, 4.324410438537598, 0.0554669126868248]
1.5713475574810214  ::  12.562229  ::  [1.8062117099761963, 4.32423734664917, 0.05546790361404419]
1.5723785958805758  ::  12.580182  ::  [1.8219224214553833, 4.32380485534668, 0.05546777322888374]
1.5723785958805758  ::  12.593657  ::  [1.8219224214553833, 4.32380485534668, 0.05546777322888374]
1.5734629951330212  ::  12.609642  ::  [1.8250648975372314, 4.323718070983887, 0.05546814203262329]
1.5746308507593876  ::  12.625596  ::  [1.8282063007354736, 4.323631286621094, 0.05546768754720688]
1.575508103180911  ::  12.641551  ::  [1.837633728981018, 4.3233723640441895, 0.055468522012233734]
1.57518633723798  ::  12.657509  ::  [1.8470619916915894, 4.323113918304443, 0.055468641221523285]
1.5744739698518888  ::  12.673443  ::  [1.8564839363098145, 4.322854995727539, 0.05546579509973526]
1.572831202634795  ::  12.688766  ::  [1.865916132926941, 4.322597026824951, 0.05546979606151581]
1.571461536262796  ::  12.704715  ::  [1.8784880638122559, 4.3222527503967285, 0.055469781160354614]
1.5706643251206085  ::  12.720671  ::  [1.8879204988479614, 4.321995258331299, 0.05547069385647774]
1.5698772525404703  ::  12.736646  ::  [1.8941940069198608, 4.3218231201171875, 0.055467117577791214]
1.56968600724371  ::  12.751564  ::  [1.9004814624786377, 4.321653842926025, 0.05546632409095764]
1.5692954058005497  ::  12.766547  ::  [1.9036271572113037, 4.3215651512146, 0.05546801537275314]
1.569450579160756  ::  12.781487  ::  [1.9130573272705078, 4.321305274963379, 0.05546944588422775]
1.569450579160756  ::  12.796291  ::  [1.9224908351898193, 4.321045875549316, 0.05546767637133598]
1.5714050804804376  ::  12.812221  ::  [1.9256230592727661, 4.320958137512207, 0.05546841770410538]
1.5721684608418922  ::  12.828275  ::  [1.9381908178329468, 4.320612907409668, 0.05546792969107628]
1.5731764473529979  ::  12.844369  ::  [1.9444732666015625, 4.320439338684082, 0.05546806752681732]
1.5745303189125415  ::  12.859595  ::  [1.9507588148117065, 4.320266246795654, 0.05546741932630539]
1.575226891486177  ::  12.874943  ::  [1.9601867198944092, 4.320008277893066, 0.05546719953417778]
1.5756328608549697  ::  12.89091  ::  [1.9664673805236816, 4.3198347091674805, 0.055468156933784485]
1.5757006291381408  ::  12.906832  ::  [1.9758943319320679, 4.319576263427734, 0.05546873062849045]
1.5754780076598807  ::  12.921794  ::  [1.9853219985961914, 4.31931734085083, 0.05546848103404045]
1.574392327746966  ::  12.936679  ::  [1.9916051626205444, 4.319143772125244, 0.05546974390745163]
1.5740130388046187  ::  12.952636  ::  [2.001034736633301, 4.318884372711182, 0.05546998605132103]
1.572127479706872  ::  12.968593  ::  [2.0041751861572266, 4.3187971115112305, 0.05546943098306656]
1.5706638982337853  ::  12.983553  ::  [2.0261824131011963, 4.31819486618042, 0.05546824634075165]
1.5694396935467663  ::  12.998513  ::  [2.0261824131011963, 4.31819486618042, 0.05546824634075165]
1.568895412847281  ::  13.013473  ::  [2.035599946975708, 4.317934989929199, 0.055469878017902374]
1.5695425732711397  ::  13.028433  ::  [2.045027017593384, 4.31767463684082, 0.0554693266749382]
1.5703997620119763  ::  13.044391  ::  [2.0576000213623047, 4.31732702255249, 0.05546800419688225]
1.5717243918241357  ::  13.05935  ::  [2.0670347213745117, 4.3170671463012695, 0.05546644330024719]
1.5740042876247446  ::  13.074311  ::  [2.076446056365967, 4.316808700561523, 0.05546713247895241]
1.5750902877027768  ::  13.089812  ::  [2.0890135765075684, 4.31646203994751, 0.05546775087714195]
1.5750902877027768  ::  13.105772  ::  [2.0984416007995605, 4.3162031173706055, 0.055468518286943436]
1.5755656261803272  ::  13.121758  ::  [2.10786771774292, 4.31594181060791, 0.05546818673610687]
1.574837143816663  ::  13.13688  ::  [2.1204378604888916, 4.315597057342529, 0.05546991154551506]
1.5735067510323917  ::  13.152334  ::  [2.1298627853393555, 4.3153395652771, 0.05546731501817703]
1.5720360192050173  ::  13.168286  ::  [2.1392948627471924, 4.315077781677246, 0.0554678849875927]
1.5720360192050173  ::  13.183789  ::  [2.148730993270874, 4.314819812774658, 0.055468909442424774]
1.5701556894708542  ::  13.199009  ::  [2.1518638134002686, 4.31473445892334, 0.055470097810029984]
1.5692813185353867  ::  13.214864  ::  [2.158155679702759, 4.31456184387207, 0.05546889081597328]
1.5691971151095252  ::  13.229949  ::  [2.1675734519958496, 4.314301013946533, 0.055468324571847916]
1.5695245373028626  ::  13.245156  ::  [2.1769962310791016, 4.314043045043945, 0.05546616390347481]
1.5705152348976317  ::  13.261225  ::  [2.1895697116851807, 4.313694953918457, 0.055468279868364334]
1.5725627975447547  ::  13.276469  ::  [2.1989951133728027, 4.31343412399292, 0.05546727776527405]
1.5736717427895297  ::  13.292131  ::  [2.2115628719329834, 4.313088417053223, 0.055467136204242706]
1.5749037381610707  ::  13.307521  ::  [2.217850923538208, 4.312914848327637, 0.055467624217271805]
1.5757631680577286  ::  13.323608  ::  [2.227285385131836, 4.312655925750732, 0.055465009063482285]
1.5758117264338594  ::  13.339581  ::  [2.236701488494873, 4.3123955726623535, 0.05546840652823448]
1.5753883614270243  ::  13.355675  ::  [2.2492713928222656, 4.312053203582764, 0.05546917766332626]
1.5743423819886604  ::  13.371605  ::  [2.2586984634399414, 4.311793327331543, 0.05546901747584343]
1.5728992910830835  ::  13.38749  ::  [2.2681267261505127, 4.311535835266113, 0.05546724051237106]
1.5728992910830835  ::  13.403417  ::  [2.277552604675293, 4.311277866363525, 0.05547015368938446]
1.5698561216427256  ::  13.419375  ::  [2.286980628967285, 4.3110198974609375, 0.05547048896551132]
1.5698561216427256  ::  13.435332  ::  [2.299549102783203, 4.31067419052124, 0.05546984821557999]
1.5694989240934751  ::  13.450688  ::  [2.3058390617370605, 4.310501575469971, 0.05546976998448372]
1.5701396812149868  ::  13.466408  ::  [2.315260171890259, 4.31024169921875, 0.05546880513429642]
1.5715316524234944  ::  13.4824  ::  [2.3246853351593018, 4.309981346130371, 0.05546809732913971]
1.5737979945674692  ::  13.497581  ::  [2.3341121673583984, 4.309720039367676, 0.0554669164121151]
1.57504770574217  ::  13.513541  ::  [2.346681594848633, 4.309375286102295, 0.055467355996370316]
1.5761866397862696  ::  13.529479  ::  [2.3529629707336426, 4.309202194213867, 0.05546775832772255]
1.5773694364514455  ::  13.545436  ::  [2.359247922897339, 4.309029579162598, 0.05546789616346359]
1.5772937707620462  ::  13.560396  ::  [2.3843882083892822, 4.308339595794678, 0.05546931177377701]
1.576424309025045  ::  13.575356  ::  [2.3843882083892822, 4.308339595794678, 0.05546931177377701]
1.5752094958481346  ::  13.591314  ::  [2.3938241004943848, 4.308079242706299, 0.05546695366501808]
1.5740416402217683  ::  13.60727  ::  [2.400089740753174, 4.3079094886779785, 0.05546532943844795]
1.5718469083423727  ::  13.622231  ::  [2.409524917602539, 4.307651519775391, 0.0554681159555912]
1.5707454336170024  ::  13.637191  ::  [2.422089099884033, 4.307307243347168, 0.055466603487730026]
1.570502428292938  ::  13.653148  ::  [2.43152117729187, 4.307044982910156, 0.05546810105443001]
1.570502428292938  ::  13.669106  ::  [2.440951347351074, 4.30678653717041, 0.05546965450048447]
1.57139995783856  ::  13.68509  ::  [2.4503798484802246, 4.306527137756348, 0.05546834319829941]
1.5731573441676632  ::  13.70102  ::  [2.4629440307617188, 4.306178092956543, 0.05546766147017479]
1.5744638312898396  ::  13.716977  ::  [2.4755117893218994, 4.305830955505371, 0.055467478930950165]
1.5762873850765273  ::  13.73296  ::  [2.4849369525909424, 4.305572032928467, 0.05546770617365837]
1.5765869529046557  ::  13.748914  ::  [2.497509002685547, 4.305227279663086, 0.05546838790178299]
1.5766399935924291  ::  13.763887  ::  [2.5100865364074707, 4.304879665374756, 0.05546829476952553]
1.5759581486141914  ::  13.778582  ::  [2.5163581371307373, 4.3047075271606445, 0.05546767637133598]
1.574747284140395  ::  13.793744  ::  [2.5226473808288574, 4.30453634262085, 0.055469486862421036]
1.57702248418595  ::  13.809803  ::  [2.532072067260742, 4.304276466369629, 0.05546971410512924]
1.5754775807730577  ::  13.825763  ::  [2.5540683269500732, 4.303675174713135, 0.05546700581908226]
1.5754775807730577  ::  13.841717  ::  [2.5540683269500732, 4.303675174713135, 0.05546700581908226]
1.5748883702354382  ::  13.857709  ::  [2.5635006427764893, 4.3034138679504395, 0.05547001212835312]
1.5748883702354382  ::  13.873651  ::  [2.5760703086853027, 4.303065776824951, 0.05546946823596954]
1.5769278220329217  ::  13.889435  ::  [2.5886380672454834, 4.302717685699463, 0.05546846240758896]
1.5783845733168385  ::  13.905388  ::  [2.5980629920959473, 4.302457332611084, 0.05546741560101509]
1.580115919549731  ::  13.921346  ::  [2.6074891090393066, 4.302196502685547, 0.055466968566179276]
1.5810892215064578  ::  13.937304  ::  [2.6200571060180664, 4.301849365234375, 0.05546789616346359]
1.5810892215064578  ::  13.953295  ::  [2.6294846534729004, 4.30158805847168, 0.05546843260526657]
1.580942052274185  ::  13.969053  ::  [2.6420540809631348, 4.301241874694824, 0.05546906217932701]
1.580942052274185  ::  13.985027  ::  [2.648341417312622, 4.301068305969238, 0.05546930432319641]
1.5799512479577102  ::  14.000984  ::  [2.6577746868133545, 4.300808429718018, 0.05546877533197403]
1.5772869405728762  ::  14.016907  ::  [2.6766164302825928, 4.300288200378418, 0.05546663701534271]
1.5757019097986102  ::  14.032037  ::  [2.6766164302825928, 4.300288200378418, 0.05546663701534271]
1.5753981798239562  ::  14.04797  ::  [2.689187526702881, 4.299942493438721, 0.05546705052256584]
1.575376728761094  ::  14.063947  ::  [2.695479154586792, 4.299768924713135, 0.055467795580625534]
1.5761060648984047  ::  14.079881  ::  [2.7049014568328857, 4.299506664276123, 0.055468376725912094]
1.5767332683632822  ::  14.095839  ::  [2.717471122741699, 4.299160480499268, 0.05546838790178299]
1.578085965984062  ::  14.1108  ::  [2.7237560749053955, 4.29898738861084, 0.05546773970127106]
1.5795032302368397  ::  14.125758  ::  [2.733180284500122, 4.2987260818481445, 0.05546778813004494]
1.5804169814817404  ::  14.140491  ::  [2.7426061630249023, 4.298466682434082, 0.055467940866947174]
1.5814360670502474  ::  14.155451  ::  [2.7488908767700195, 4.2982916831970215, 0.05546759068965912]
1.5814360670502474  ::  14.170463  ::  [2.755174160003662, 4.298119068145752, 0.05546800047159195]
1.5825441585213762  ::  14.186421  ::  [2.764601230621338, 4.297859191894531, 0.05546889081597328]
1.5825441585213762  ::  14.202378  ::  [2.7740325927734375, 4.297597408294678, 0.055468443781137466]
1.5811918877874196  ::  14.218335  ::  [2.7834632396698, 4.297337532043457, 0.05546935647726059]
1.5795524289432048  ::  14.234292  ::  [2.7928807735443115, 4.297077655792236, 0.055467791855335236]
1.577523435872888  ::  14.25025  ::  [2.8023123741149902, 4.296818256378174, 0.055471472442150116]
1.5762091580661894  ::  14.266207  ::  [2.81488037109375, 4.296472072601318, 0.05547070503234863]
1.5756762965892226  ::  14.282165  ::  [2.824308395385742, 4.2962117195129395, 0.05547002702951431]
1.5758669015557483  ::  14.298122  ::  [2.833744525909424, 4.295950889587402, 0.0554683580994606]
1.5758669015557483  ::  14.313082  ::  [2.843160629272461, 4.295691013336182, 0.05546927452087402]
1.579009855791012  ::  14.328043  ::  [2.8557283878326416, 4.295342445373535, 0.055468328297138214]
1.58066617666474  ::  14.343847  ::  [2.8777217864990234, 4.294732570648193, 0.055467359721660614]
1.5822165228846272  ::  14.35979  ::  [2.8777217864990234, 4.294732570648193, 0.055467359721660614]
1.583334432752688  ::  14.374791  ::  [2.88714861869812, 4.294472694396973, 0.05546792224049568]
1.5832993213114859  ::  14.390749  ::  [2.899717092514038, 4.294125080108643, 0.05546899884939194]
1.582599440364971  ::  14.405977  ::  [2.9060113430023193, 4.29395055770874, 0.055468589067459106]
1.582077037615171  ::  14.421979  ::  [2.9154298305511475, 4.293691158294678, 0.05546947941184044]
1.582077037615171  ::  14.437973  ::  [2.921712636947632, 4.293516635894775, 0.05546809360384941]
1.578133350421429  ::  14.452933  ::  [2.9342823028564453, 4.293168067932129, 0.055467262864112854]
1.578133350421429  ::  14.467857  ::  [2.943713426589966, 4.292909622192383, 0.05547027289867401]
1.5759009457798927  ::  14.483815  ::  [2.9562833309173584, 4.292562484741211, 0.05546977370977402]
1.5759899516825144  ::  14.499772  ::  [2.965711832046509, 4.292301177978516, 0.05546965077519417]
1.5759899516825144  ::  14.515138  ::  [2.975135326385498, 4.292039394378662, 0.05546911060810089]
1.578309547957674  ::  14.531084  ::  [2.987713575363159, 4.291691780090332, 0.055466800928115845]
1.578309547957674  ::  14.546417  ::  [2.997129440307617, 4.291430473327637, 0.05546818673610687]
1.5817829125940372  ::  14.56203  ::  [3.0065577030181885, 4.291169166564941, 0.05546773225069046]
1.5826971974474668  ::  14.578125  ::  [3.0191242694854736, 4.290821075439453, 0.055468566715717316]
1.5826922882490009  ::  14.594068  ::  [3.0285611152648926, 4.2905592918396, 0.0554656945168972]
1.5821142834904887  ::  14.610182  ::  [3.037977695465088, 4.290299415588379, 0.05546966567635536]
1.5813548518321479  ::  14.626027  ::  [3.0474014282226562, 4.290038585662842, 0.055468279868364334]
1.579325325153302  ::  14.641984  ::  [3.056831121444702, 4.289779186248779, 0.05546950176358223]
1.5778436009902324  ::  14.657331  ::  [3.069401264190674, 4.289432048797607, 0.055470701307058334]
1.5778436009902324  ::  14.672291  ::  [3.0788300037384033, 4.289170742034912, 0.05547040328383446]
1.5764826857981074  ::  14.687687  ::  [3.085113048553467, 4.288997173309326, 0.0554693266749382]
1.5764183326095211  ::  14.703644  ::  [3.094538688659668, 4.288736820220947, 0.0554681122303009]
1.5772415838479192  ::  14.719417  ::  [3.1039676666259766, 4.288475513458252, 0.05546920374035835]
1.578555221324383  ::  14.735375  ::  [3.11653470993042, 4.288127422332764, 0.055467769503593445]
1.578555221324383  ::  14.750369  ::  [3.1259615421295166, 4.287866592407227, 0.055468104779720306]
1.5812122716332238  ::  14.765339  ::  [3.135387659072876, 4.287604331970215, 0.05546772480010986]
1.5823631585083708  ::  14.781439  ::  [3.1416711807250977, 4.287430286407471, 0.055468060076236725]
1.5829559975839869  ::  14.797396  ::  [3.1479551792144775, 4.287256240844727, 0.05546833574771881]
1.5835770111899292  ::  14.813374  ::  [3.1542396545410156, 4.287081241607666, 0.0554683692753315]
1.5835848018744512  ::  14.828708  ::  [3.166808843612671, 4.286732196807861, 0.05546903610229492]
1.5826866319985946  ::  14.844091  ::  [3.173107147216797, 4.286558151245117, 0.0554683543741703]
1.5818155694360063  ::  14.860083  ::  [3.1825215816497803, 4.286296844482422, 0.055470697581768036]
1.5818155694360063  ::  14.875036  ::  [3.1919445991516113, 4.286035537719727, 0.05546728894114494]
1.5782635509024823  ::  14.889995  ::  [3.201371192932129, 4.285774230957031, 0.05546508729457855]
1.5775572666536206  ::  14.90556  ::  [3.2139477729797363, 4.285426616668701, 0.05547013878822327]
1.5771110632017484  ::  14.921032  ::  [3.223381519317627, 4.285164833068848, 0.055469609797000885]
1.5772447854990925  ::  14.935968  ::  [3.2296600341796875, 4.284991264343262, 0.0554695799946785]
1.5778058215063857  ::  14.950922  ::  [3.235944986343384, 4.284816741943359, 0.0554695650935173]
1.5778058215063857  ::  14.966899  ::  [3.2422337532043457, 4.284641265869141, 0.055468298494815826]
1.5800360917138063  ::  14.982313  ::  [3.2516539096832275, 4.284379005432129, 0.05546841770410538]
1.5800360917138063  ::  14.998236  ::  [3.2610809803009033, 4.284115791320801, 0.05546841397881508]
1.5832501226051205  ::  15.014193  ::  [3.2705068588256836, 4.283852577209473, 0.055468328297138214]
1.5840924770288536  ::  15.029153  ::  [3.283078908920288, 4.283503532409668, 0.055467985570430756]
1.5837032629678687  ::  15.044112  ::  [3.2925124168395996, 4.283242702484131, 0.0554661825299263]
1.5830362523067345  ::  15.060069  ::  [3.3050711154937744, 4.282894134521484, 0.05546977370977402]
1.5810231607705791  ::  15.07503  ::  [3.3144989013671875, 4.282632350921631, 0.055470455437898636]
1.5788219188671309  ::  15.089989  ::  [3.3270699977874756, 4.282284736633301, 0.05547080561518669]
1.5788219188671309  ::  15.105947  ::  [3.3396377563476562, 4.281938552856445, 0.055470578372478485]
1.5763291132634878  ::  15.121905  ::  [3.3459365367889404, 4.281764507293701, 0.0554693229496479]
1.57623039568564  ::  15.137862  ::  [3.358492612838745, 4.2814154624938965, 0.0554703064262867]
1.5776175644173873  ::  15.153819  ::  [3.3679187297821045, 4.28115177154541, 0.0554695799946785]
1.5795903151487574  ::  15.169819  ::  [3.380486011505127, 4.280801296234131, 0.05546842887997627]
1.5815644532623025  ::  15.185734  ::  [3.3930552005767822, 4.28045129776001, 0.05546809732913971]
1.582802211605956  ::  15.201719  ::  [3.4056222438812256, 4.2801008224487305, 0.05546846613287926]
1.583693764736054  ::  15.217675  ::  [3.4150476455688477, 4.279838562011719, 0.05546853318810463]
1.5841458378817443  ::  15.233625  ::  [3.4244799613952637, 4.279577732086182, 0.05546821653842926]
1.5840964257319674  ::  15.248585  ::  [3.4307594299316406, 4.279402732849121, 0.05546917766332626]
1.5833046573967748  ::  15.263528  ::  [3.437051773071289, 4.2792277336120605, 0.055469661951065063]
1.5819928341893092  ::  15.279548  ::  [3.4464738368988037, 4.278965950012207, 0.0554707869887352]
1.5806868806756618  ::  15.295509  ::  [3.4558942317962646, 4.2787041664123535, 0.05546562001109123]
1.5793258587618308  ::  15.310396  ::  [3.471611261367798, 4.278266429901123, 0.05546951666474342]
