1.4615493850870103  ::  0.016955  ::  [-4.524886131286621, -4.0459744923282415e-05, 0.0554661825299263]
1.461327297217279  ::  0.033911  ::  [-4.5248870849609375, -4.047406036988832e-05, 0.055466149002313614]
1.461327297217279  ::  0.047203  ::  [-4.5248870849609375, -4.047406036988832e-05, 0.055466149002313614]
1.6241435323830447  ::  0.062163  ::  [-4.528867721557617, 0.00014574933447875082, 0.06013765186071396]
1.7465024226607093  ::  0.078121  ::  [-4.499463081359863, -0.0008844591793604195, 0.05871862918138504]
1.4733311412401648  ::  0.094078  ::  [-4.480398654937744, -0.0014434709446504712, 0.05673673376441002]
1.4733311412401648  ::  0.110035  ::  [-4.472264766693115, -0.001851003966294229, 0.056345708668231964]
1.4747769001883861  ::  0.125994  ::  [-4.453929424285889, -0.0023171885404735804, 0.056432709097862244]
1.4371658231934763  ::  0.14195  ::  [-4.427259922027588, -0.003002068493515253, 0.05695647746324539]
1.3390037318242283  ::  0.157907  ::  [-4.414998531341553, -0.003327286569401622, 0.055786725133657455]
1.3387290301535468  ::  0.173865  ::  [-4.409129619598389, -0.0034655139315873384, 0.05586666613817215]
1.3336770380452645  ::  0.189822  ::  [-4.394193172454834, -0.003817769465968013, 0.05573705583810806]
1.3107109538479198  ::  0.205384  ::  [-4.381448745727539, -0.004115355666726828, 0.05559692531824112]
1.3222288939443827  ::  0.221341  ::  [-4.361647129058838, -0.004551162011921406, 0.05546385049819946]
1.3235518162092494  ::  0.237298  ::  [-4.34281063079834, -0.004984407685697079, 0.05546724796295166]
1.3207336161246788  ::  0.253258  ::  [-4.323955535888672, -0.0054185232147574425, 0.05546896532177925]
1.3207336161246788  ::  0.269285  ::  [-4.311382293701172, -0.005707600619643927, 0.05546947941184044]
1.316777655934772  ::  0.285243  ::  [-4.292519569396973, -0.006142506375908852, 0.0554683580994606]
1.3175015492650877  ::  0.3012  ::  [-4.273670673370361, -0.006576895713806152, 0.0554669126868248]
1.3202356526455026  ::  0.317184  ::  [-4.261106967926025, -0.006866793148219585, 0.0554659403860569]
1.3221137412238444  ::  0.333117  ::  [-4.229686260223389, -0.0075919730588793755, 0.055465854704380035]
1.322952360387875  ::  0.349074  ::  [-4.229686260223389, -0.0075919730588793755, 0.055465854704380035]
1.322380118601475  ::  0.367026  ::  [-4.198259353637695, -0.008314806036651134, 0.05546850711107254]
1.3200851750403506  ::  0.381987  ::  [-4.179393291473389, -0.008748882450163364, 0.05546911805868149]
1.3200851750403506  ::  0.396971  ::  [-4.179393291473389, -0.008748882450163364, 0.05546911805868149]
1.3174915174247441  ::  0.412929  ::  [-4.160540580749512, -0.009183348156511784, 0.05546823889017105]
1.3170763699892543  ::  0.428901  ::  [-4.141695499420166, -0.009617971256375313, 0.055467210710048676]
1.3187104927481799  ::  0.444843  ::  [-4.1228437423706055, -0.010053077712655067, 0.05546533316373825]
1.3219004045339873  ::  0.459972  ::  [-4.10399055480957, -0.01048809103667736, 0.05546543374657631]
1.3231732743188427  ::  0.475944  ::  [-4.091415882110596, -0.010778166353702545, 0.0554659441113472]
1.3234613162027469  ::  0.490891  ::  [-4.072563171386719, -0.011212184093892574, 0.05546792224049568]
1.321794109715029  ::  0.50644  ::  [-4.053707122802734, -0.011645889841020107, 0.0554688535630703]
1.3198405688906996  ::  0.522397  ::  [-4.0411376953125, -0.011935444548726082, 0.055469293147325516]
1.3173697479584474  ::  0.538378  ::  [-4.034849166870117, -0.012080240063369274, 0.055469125509262085]
1.3173697479584474  ::  0.554341  ::  [-4.022284984588623, -0.012370117008686066, 0.05546806752681732]
1.3171343198754937  ::  0.570268  ::  [-4.003432750701904, -0.012804960831999779, 0.05546624958515167]
1.3187703636251231  ::  0.58625  ::  [-3.9845807552337646, -0.013239997439086437, 0.05546564236283302]
1.322293247132969  ::  0.601186  ::  [-3.9657297134399414, -0.013674447312951088, 0.05546599626541138]
1.322023134495636  ::  0.617143  ::  [-3.9531586170196533, -0.01396364439278841, 0.05546676367521286]
1.319784219830047  ::  0.634098  ::  [-3.9154481887817383, -0.014830740168690681, 0.05546923726797104]
1.3169382721019731  ::  0.649059  ::  [-3.8965790271759033, -0.015265281312167645, 0.05546819418668747]
1.3159542979746681  ::  0.665016  ::  [-3.8965790271759033, -0.015265281312167645, 0.05546819418668747]
1.3097608105013474  ::  0.680973  ::  [-3.884023666381836, -0.015554657205939293, 0.055467911064624786]
1.3097608105013474  ::  0.696957  ::  [-3.865196943283081, -0.01600685343146324, 0.055449552834033966]
1.3125101750856891  ::  0.712887  ::  [-3.8463168144226074, -0.016421247273683548, 0.055465444922447205]
1.3143577412561775  ::  0.728885  ::  [-3.827465057373047, -0.016853002831339836, 0.05546616390347481]
1.3153463044168312  ::  0.74483  ::  [-3.814894914627075, -0.01714058592915535, 0.055467214435338974]
1.3141733261485873  ::  0.760786  ::  [-3.7960262298583984, -0.01757179945707321, 0.05546816810965538]
1.3125762358215678  ::  0.776739  ::  [-3.78346586227417, -0.01785898394882679, 0.055469535291194916]
1.3099208930600197  ::  0.7927  ::  [-3.7646121978759766, -0.018291229382157326, 0.055468522012233734]
1.309050577549372  ::  0.808672  ::  [-3.7520337104797363, -0.018579285591840744, 0.05546750873327255]
1.3119685624288484  ::  0.824616  ::  [-3.733192205429077, -0.019011657685041428, 0.0554661825299263]
1.3140892294444315  ::  0.84057  ::  [-3.7143399715423584, -0.0194438137114048, 0.05546548217535019]
1.3140892294444315  ::  0.856544  ::  [-3.7017595767974854, -0.019732067361474037, 0.05546502396464348]
1.315469461265303  ::  0.872488  ::  [-3.6829161643981934, -0.02016347274184227, 0.05546779930591583]
1.314187093248633  ::  0.888472  ::  [-3.664048194885254, -0.020594913512468338, 0.05546831339597702]
1.310205840014456  ::  0.90443  ::  [-3.651489496231079, -0.020882252603769302, 0.05546928197145462]
1.310205840014456  ::  0.920387  ::  [-3.632636308670044, -0.021314343437552452, 0.0554683543741703]
1.3101193954327732  ::  0.935348  ::  [-3.613780975341797, -0.02174655720591545, 0.05546671524643898]
1.3118321720888597  ::  0.951305  ::  [-3.6012139320373535, -0.02203502133488655, 0.05546596273779869]
1.3142962695536475  ::  0.968302  ::  [-3.5697948932647705, -0.022755200043320656, 0.055465757846832275]
1.3154079895627728  ::  0.98227  ::  [-3.5572261810302734, -0.023043321445584297, 0.05546706169843674]
1.3148850532044438  ::  0.998232  ::  [-3.5572261810302734, -0.023043321445584297, 0.05546706169843674]
1.3148850532044438  ::  1.013742  ::  [-3.5383713245391846, -0.023474663496017456, 0.0554685965180397]
1.312600141483663  ::  1.029699  ::  [-3.519514799118042, -0.023905914276838303, 0.05546943470835686]
1.3105494839070724  ::  1.045656  ::  [-3.5069429874420166, -0.0241940189152956, 0.05546904727816582]
1.3093523865333219  ::  1.061169  ::  [-3.494375228881836, -0.024481620639562607, 0.05546826124191284]
1.308746313966189  ::  1.077126  ::  [-3.481806516647339, -0.024769820272922516, 0.05546736344695091]
1.3096782079010727  ::  1.093045  ::  [-3.4692275524139404, -0.025058496743440628, 0.055465154349803925]
1.3115333513126717  ::  1.108681  ::  [-3.456672430038452, -0.025346871465444565, 0.05546518415212631]
1.3140502760218213  ::  1.124641  ::  [-3.437821388244629, -0.02577841281890869, 0.05546581372618675]
1.3155648704702716  ::  1.140597  ::  [-3.4063940048217773, -0.026497911661863327, 0.05546896904706955]
1.3155648704702716  ::  1.156553  ::  [-3.4063940048217773, -0.026497911661863327, 0.05546896904706955]
1.312837383835615  ::  1.172513  ::  [-3.4001104831695557, -0.026641467586159706, 0.05546877533197403]
1.312837383835615  ::  1.187985  ::  [-3.387538433074951, -0.02692916989326477, 0.05546877533197403]
1.3098080882170087  ::  1.202946  ::  [-3.3749570846557617, -0.027217257767915726, 0.055468231439590454]
1.3094601754561612  ::  1.220898  ::  [-3.356116771697998, -0.02764955163002014, 0.0554676279425621]
1.3108263200118695  ::  1.23885  ::  [-3.3372631072998047, -0.02808259427547455, 0.055465806275606155]
1.3117946060484245  ::  1.249821  ::  [-3.3372631072998047, -0.02808259427547455, 0.055465806275606155]
1.3117946060484245  ::  1.265853  ::  [-3.3309807777404785, -0.028226744383573532, 0.05546575412154198]
1.3144687318301904  ::  1.281813  ::  [-3.3184115886688232, -0.028515279293060303, 0.055464424192905426]
1.3153856847262646  ::  1.297309  ::  [-3.286991834640503, -0.029234612360596657, 0.05546756088733673]
1.3153856847262646  ::  1.313268  ::  [-3.286991834640503, -0.029234612360596657, 0.05546756088733673]
1.3152324323567623  ::  1.329225  ::  [-3.280693531036377, -0.02937839925289154, 0.05546742305159569]
1.314307795497872  ::  1.345196  ::  [-3.268134593963623, -0.029665568843483925, 0.055468760430812836]
1.3117258772699012  ::  1.361135  ::  [-3.249279022216797, -0.030097374692559242, 0.05546886846423149]
1.3097348771268427  ::  1.377111  ::  [-3.23042368888855, -0.03052944503724575, 0.05546817556023598]
1.3105001784790014  ::  1.39309  ::  [-3.217855453491211, -0.030817728489637375, 0.055466823279857635]
1.3105001784790014  ::  1.408047  ::  [-3.2052879333496094, -0.031106367707252502, 0.05546586215496063]
1.3126297033961645  ::  1.423976  ::  [-3.1864373683929443, -0.031538959592580795, 0.055465515702962875]
1.3150697884771514  ::  1.439959  ::  [-3.167585849761963, -0.03197081759572029, 0.0554664246737957]
1.3155323203500082  ::  1.455782  ::  [-3.1550142765045166, -0.03225850313901901, 0.055467672646045685]
1.3142685219101444  ::  1.471736  ::  [-3.1361582279205322, -0.032689712941646576, 0.05546873062849045]
1.311705493424097  ::  1.487673  ::  [-3.1173014640808105, -0.03312162682414055, 0.0554693378508091]
1.311705493424097  ::  1.503658  ::  [-3.1173014640808105, -0.03312162682414055, 0.0554693378508091]
1.3097480038966538  ::  1.518591  ::  [-3.104731559753418, -0.033409483730793, 0.05546854808926582]
1.3097480038966538  ::  1.533551  ::  [-3.0858683586120605, -0.03384238854050636, 0.05546485632658005]
1.3132852948347797  ::  1.550507  ::  [-3.054460287094116, -0.03456319123506546, 0.05546507239341736]
1.3150425744421772  ::  1.563505  ::  [-3.054460287094116, -0.03456319123506546, 0.05546507239341736]
1.3150425744421772  ::  1.579433  ::  [-3.0418903827667236, -0.03485109657049179, 0.0554659329354763]
1.315068080929859  ::  1.594393  ::  [-3.0293149948120117, -0.035138897597789764, 0.05546668916940689]
1.3134864652501779  ::  1.61035  ::  [-3.0104613304138184, -0.0355704203248024, 0.055468618869781494]
1.3108105251994138  ::  1.625954  ::  [-2.997896432876587, -0.035857997834682465, 0.0554690845310688]
1.3095488611936654  ::  1.640914  ::  [-2.9790406227111816, -0.03628958761692047, 0.05546889826655388]
1.3093027609401335  ::  1.655874  ::  [-2.9664714336395264, -0.03657776862382889, 0.0554676428437233]
1.3102542916688809  ::  1.670835  ::  [-2.9413340091705322, -0.037154361605644226, 0.05546554923057556]
1.3102542916688809  ::  1.686305  ::  [-2.9413340091705322, -0.037154361605644226, 0.05546554923057556]
1.3116374049758084  ::  1.701267  ::  [-2.9287683963775635, -0.037442855536937714, 0.05546528846025467]
1.313471844376486  ::  1.718221  ::  [-2.9161980152130127, -0.03773108124732971, 0.055465660989284515]
1.3142466439604592  ::  1.73318  ::  [-2.9161980152130127, -0.03773108124732971, 0.055465660989284515]
1.3149502601666763  ::  1.751135  ::  [-2.897345781326294, -0.03816258907318115, 0.05546683445572853]
1.314732974773705  ::  1.763099  ::  [-2.897345781326294, -0.03816258907318115, 0.05546683445572853]
1.314732974773705  ::  1.778059  ::  [-2.8847737312316895, -0.038449812680482864, 0.0554681196808815]
1.3134369463786952  ::  1.794017  ::  [-2.8847737312316895, -0.038449812680482864, 0.0554681196808815]
1.3134369463786952  ::  1.808976  ::  [-2.872204303741455, -0.038736917078495026, 0.05546873062849045]
1.3105972952312626  ::  1.824934  ::  [-2.853339195251465, -0.039168376475572586, 0.05546858161687851]
1.308606188366498  ::  1.840891  ::  [-2.8407773971557617, -0.03945638984441757, 0.05546845495700836]
1.308606188366498  ::  1.856286  ::  [-2.821925640106201, -0.0398884117603302, 0.05546632036566734]
1.309429973213425  ::  1.872246  ::  [-2.809354066848755, -0.04017683491110802, 0.055465422570705414]
1.3132137912919062  ::  1.888045  ::  [-2.7967913150787354, -0.04046487435698509, 0.0554652102291584]
1.3149160024991204  ::  1.903605  ::  [-2.784222364425659, -0.04075298458337784, 0.055465277284383774]
1.3147797188808374  ::  1.919534  ::  [-2.765369415283203, -0.04118438810110092, 0.05546684190630913]
1.3147797188808374  ::  1.934669  ::  [-2.7527894973754883, -0.04147201031446457, 0.05546816438436508]
1.3104843836665456  ::  1.949627  ::  [-2.7339375019073486, -0.04190300032496452, 0.05546879023313522]
1.3086129118339622  ::  1.966609  ::  [-2.7025163173675537, -0.04262246936559677, 0.055467940866947174]
1.3088022361400184  ::  1.982565  ::  [-2.689936399459839, -0.042910754680633545, 0.055466197431087494]
1.309866464990071  ::  1.997543  ::  [-2.689936399459839, -0.042910754680633545, 0.055466197431087494]
1.309866464990071  ::  2.013523  ::  [-2.677382707595825, -0.043198730796575546, 0.055465344339609146]
1.3123376060874405  ::  2.029482  ::  [-2.6585309505462646, -0.043631117790937424, 0.055465392768383026]
1.3139470761323306  ::  2.044446  ::  [-2.6459543704986572, -0.04391903057694435, 0.055465277284383774]
1.3148613609857602  ::  2.059396  ::  [-2.639678716659546, -0.04406283050775528, 0.055466048419475555]
1.3141132418282324  ::  2.075369  ::  [-2.6271045207977295, -0.04435005784034729, 0.05546753853559494]
1.3141132418282324  ::  2.091377  ::  [-2.614537239074707, -0.04463740065693855, 0.05546882376074791]
1.3114951449420018  ::  2.106531  ::  [-2.595679759979248, -0.04506857693195343, 0.055469173938035965]
1.3091456665892232  ::  2.122491  ::  [-2.5831103324890137, -0.045356277376413345, 0.05546913295984268]
1.3091456665892232  ::  2.137479  ::  [-2.5642590522766113, -0.04578847438097, 0.0554671511054039]
1.3094280522227209  ::  2.153422  ::  [-2.551687479019165, -0.04607721045613289, 0.05546626076102257]
1.311919363722483  ::  2.169394  ::  [-2.5328378677368164, -0.046509284526109695, 0.055465035140514374]
1.313772052534849  ::  2.185354  ::  [-2.5202720165252686, -0.04679756984114647, 0.055465228855609894]
1.314333622150671  ::  2.201281  ::  [-2.4825611114501953, -0.04766017943620682, 0.05546824261546135]
1.3118351602966216  ::  2.216657  ::  [-2.4825611114501953, -0.04766017943620682, 0.05546824261546135]
1.3094889903167222  ::  2.233197  ::  [-2.4448487758636475, -0.04852329567074776, 0.05546803027391434]
1.3094889903167222  ::  2.247186  ::  [-2.4448487758636475, -0.04852329567074776, 0.05546803027391434]
1.309355694906201  ::  2.263143  ::  [-2.425997018814087, -0.04895561560988426, 0.05546661838889122]
1.3127408006918828  ::  2.278117  ::  [-2.4134275913238525, -0.04924451559782028, 0.055465519428253174]
1.3127408006918828  ::  2.293064  ::  [-2.394578456878662, -0.04967666417360306, 0.055465392768383026]
1.3142622253295033  ::  2.308545  ::  [-2.3820083141326904, -0.049964092671871185, 0.055465616285800934]
1.3150116251475006  ::  2.324503  ::  [-2.3631534576416016, -0.050395648926496506, 0.055467717349529266]
1.3118062387143548  ::  2.33946  ::  [-2.3505725860595703, -0.05068318545818329, 0.05546791851520538]
1.3108038017319497  ::  2.355418  ::  [-2.331728219985962, -0.051114290952682495, 0.05546886846423149]
1.3095999808907348  ::  2.371375  ::  [-2.325441598892212, -0.051258184015750885, 0.055469121783971786]
1.3091031913503222  ::  2.387304  ::  [-2.312873363494873, -0.051546402275562286, 0.05546800419688225]
1.3104097851942045  ::  2.403324  ::  [-2.2940216064453125, -0.05197848379611969, 0.05546637624502182]
1.3104097851942045  ::  2.419277  ::  [-2.2814550399780273, -0.0522671714425087, 0.05546565353870392]
1.3130496533084144  ::  2.434241  ::  [-2.262603759765625, -0.052699241787195206, 0.055465154349803925]
1.314709602720139  ::  2.449201  ::  [-2.2500340938568115, -0.05298733711242676, 0.05546608567237854]
1.3134914811703495  ::  2.466164  ::  [-2.21232271194458, -0.05384976044297218, 0.05546894669532776]
1.3113910912788649  ::  2.481124  ::  [-2.1997532844543457, -0.05413750186562538, 0.05546918138861656]
1.3091490816838083  ::  2.497122  ::  [-2.1997532844543457, -0.05413750186562538, 0.05546918138861656]
1.3091490816838083  ::  2.512344  ::  [-2.180899143218994, -0.05456893891096115, 0.055468298494815826]
1.3098954932940436  ::  2.527299  ::  [-2.168329954147339, -0.0548572801053524, 0.05546686798334122]
1.3098954932940436  ::  2.543238  ::  [-2.1494669914245605, -0.05529012158513069, 0.055463697761297226]
1.3140297854543113  ::  2.558722  ::  [-2.1306276321411133, -0.05572164058685303, 0.055465392768383026]
1.3140297854543113  ::  2.57468  ::  [-2.1180591583251953, -0.05600947141647339, 0.05546600744128227]
1.3131366314986264  ::  2.590638  ::  [-2.099198818206787, -0.056440941989421844, 0.05546727776527405]
1.3131366314986264  ::  2.605851  ::  [-2.0803475379943848, -0.056871891021728516, 0.05546896532177925]
1.3102880157279078  ::  2.621814  ::  [-2.067777156829834, -0.05715899169445038, 0.05546874925494194]
1.3089716034870937  ::  2.636764  ::  [-2.0614919662475586, -0.057302720844745636, 0.05546915903687477]
1.3085308428422162  ::  2.652694  ::  [-2.048917293548584, -0.05759068578481674, 0.055468011647462845]
1.308520811001873  ::  2.668654  ::  [-2.0426387786865234, -0.05773457884788513, 0.055467475205659866]
1.3105514048977764  ::  2.684637  ::  [-2.0300722122192383, -0.058022934943437576, 0.055466193705797195]
1.312918065445186  ::  2.700567  ::  [-2.0112202167510986, -0.05845540761947632, 0.05546536669135094]
1.314359555525176  ::  2.716553  ::  [-1.9923698902130127, -0.05888695269823074, 0.05546518415212631]
1.3138709835561084  ::  2.732481  ::  [-1.9735137224197388, -0.059318657964468, 0.05546717345714569]
1.3115125405800443  ::  2.751431  ::  [-1.942083477973938, -0.06003660708665848, 0.055468980222940445]
1.3106432922864544  ::  2.765395  ::  [-1.9358021020889282, -0.06018016114830971, 0.05546916648745537]
1.3106432922864544  ::  2.780376  ::  [-1.9358021020889282, -0.06018016114830971, 0.05546916648745537]
1.3074577560905838  ::  2.796342  ::  [-1.904371738433838, -0.06089990586042404, 0.05546649545431137]
1.3080445120289703  ::  2.811327  ::  [-1.904371738433838, -0.06089990586042404, 0.05546649545431137]
1.3097992303154289  ::  2.827256  ::  [-1.8918102979660034, -0.061187226325273514, 0.05546610802412033]
1.3128834876125126  ::  2.84222  ::  [-1.8792343139648438, -0.06147570163011551, 0.0554652139544487]
1.3143803662578033  ::  2.857885  ::  [-1.8603824377059937, -0.061907753348350525, 0.0554649755358696]
1.3143803662578033  ::  2.873843  ::  [-1.8415288925170898, -0.062338683754205704, 0.055466875433921814]
1.3140775967785012  ::  2.8898  ::  [-1.828965425491333, -0.06262609362602234, 0.0554683655500412]
1.3128323679154434  ::  2.905266  ::  [-1.8163936138153076, -0.06291285157203674, 0.0554688423871994]
1.3096221790055373  ::  2.921223  ::  [-1.8038254976272583, -0.06320054084062576, 0.05546887218952179]
1.3087990344888452  ::  2.937181  ::  [-1.7912529706954956, -0.06348837167024612, 0.05546816438436508]
1.3087990344888452  ::  2.952662  ::  [-1.7786871194839478, -0.06377643346786499, 0.05546720698475838]
1.3096584643855032  ::  2.968356  ::  [-1.759833812713623, -0.06420886516571045, 0.05546615645289421]
1.313545055466652  ::  2.983319  ::  [-1.7284148931503296, -0.06492940336465836, 0.05546549707651138]
1.3145779081352047  ::  2.999273  ::  [-1.7284148931503296, -0.06492940336465836, 0.05546549707651138]
1.3144343674409287  ::  3.015231  ::  [-1.7158459424972534, -0.06521657854318619, 0.05546621233224869]
1.311947751696221  ::  3.030796  ::  [-1.6969891786575317, -0.06564782559871674, 0.05546840652823448]
1.3094087355939745  ::  3.046451  ::  [-1.6781326532363892, -0.0660785585641861, 0.055469151586294174]
1.3087119495769275  ::  3.06141  ::  [-1.6592775583267212, -0.06651028990745544, 0.05546776205301285]
1.3089412945226517  ::  3.076371  ::  [-1.6467094421386719, -0.0667983889579773, 0.05546730011701584]
1.3100697698395847  ::  3.091562  ::  [-1.634138584136963, -0.06708679348230362, 0.05546635761857033]
1.3100697698395847  ::  3.107503  ::  [-1.6215745210647583, -0.06737495958805084, 0.055465541779994965]
1.3128215890231594  ::  3.123461  ::  [-1.6027158498764038, -0.06780724227428436, 0.05546507611870766]
1.3140896563312545  ::  3.139267  ::  [-1.5901533365249634, -0.0680948793888092, 0.05546635016798973]
1.3145903945747812  ::  3.154837  ::  [-1.5712891817092896, -0.06852644681930542, 0.055465683341026306]
1.3127863708602516  ::  3.170209  ::  [-1.5524392127990723, -0.06895703822374344, 0.055468879640102386]
1.3089116258884446  ::  3.185162  ::  [-1.5335866212844849, -0.06938833743333817, 0.05546882003545761]
1.309026565165571  ::  3.200863  ::  [-1.5210185050964355, -0.06967610865831375, 0.055467940866947174]
1.309026565165571  ::  3.216511  ::  [-1.5021641254425049, -0.0701085776090622, 0.05546627193689346]
1.310382144272407  ::  3.232462  ::  [-1.489600419998169, -0.07039684057235718, 0.05546509847044945]
1.3148904960114387  ::  3.249395  ::  [-1.4518933296203613, -0.07126063108444214, 0.05546656250953674]
1.3144912501101103  ::  3.265354  ::  [-1.4330271482467651, -0.07169228792190552, 0.05546797066926956]
1.3144912501101103  ::  3.280317  ::  [-1.4330271482467651, -0.07169228792190552, 0.05546797066926956]
1.310356210897902  ::  3.296277  ::  [-1.4204671382904053, -0.07197899371385574, 0.05546880140900612]
1.310356210897902  ::  3.312232  ::  [-1.4016107320785522, -0.07241053879261017, 0.055468834936618805]
1.3090141854477004  ::  3.328189  ::  [-1.3890414237976074, -0.07269902527332306, 0.05546801537275314]
1.3101928199663508  ::  3.344146  ::  [-1.3701871633529663, -0.07313114404678345, 0.055466167628765106]
1.3101928199663508  ::  3.359737  ::  [-1.3576221466064453, -0.07341941446065903, 0.055465493351221085]
1.3149690431868937  ::  3.375692  ::  [-1.3387699127197266, -0.07385129481554031, 0.05546525865793228]
1.3149690431868937  ::  3.391201  ::  [-1.3199152946472168, -0.07428297400474548, 0.05546669289469719]
1.3148886817424403  ::  3.406968  ::  [-1.307344913482666, -0.07457064092159271, 0.055467791855335236]
1.3108723170670613  ::  3.422897  ::  [-1.2884893417358398, -0.07500158250331879, 0.055468566715717316]
1.3084834584048493  ::  3.438912  ::  [-1.275907278060913, -0.07528935372829437, 0.0554673932492733]
1.3084834584048493  ::  3.454552  ::  [-1.25705885887146, -0.07572094351053238, 0.055467598140239716]
1.3098728682924181  ::  3.470512  ::  [-1.238210916519165, -0.07615329325199127, 0.05546588823199272]
1.3098728682924181  ::  3.486467  ::  [-1.2256338596343994, -0.07644133269786835, 0.055464327335357666]
1.3127333301724782  ::  3.502572  ::  [-1.2067822217941284, -0.07687362283468246, 0.055464938282966614]
1.3134291556941733  ::  3.518371  ::  [-1.2005062103271484, -0.0770173966884613, 0.055465638637542725]
1.3142737512737277  ::  3.53427  ::  [-1.1879310607910156, -0.07730460166931152, 0.05546621233224869]
1.3124533991382135  ::  3.549923  ::  [-1.175368309020996, -0.07759174704551697, 0.055467844009399414]
1.309994957923832  ::  3.565492  ::  [-1.1376445293426514, -0.0784548670053482, 0.05546791851520538]
1.309994957923832  ::  3.580335  ::  [-1.1376445293426514, -0.0784548670053482, 0.05546791851520538]
1.3089838764832584  ::  3.595297  ::  [-1.1250869035720825, -0.07874217629432678, 0.05546814948320389]
1.3102270776339067  ::  3.611254  ::  [-1.106235146522522, -0.07917475700378418, 0.05546610429883003]
1.3102270776339067  ::  3.626453  ::  [-1.0936650037765503, -0.07946321368217468, 0.055465348064899445]
1.3144685183867788  ::  3.642421  ::  [-1.0748134851455688, -0.07989509403705597, 0.0554644837975502]
1.3148325461251993  ::  3.658113  ::  [-1.0622475147247314, -0.08018281310796738, 0.05546634644269943]
1.3148325461251993  ::  3.674097  ::  [-1.0496751070022583, -0.08047027140855789, 0.055466920137405396]
1.3133104811573442  ::  3.690056  ::  [-1.0308223962783813, -0.08090108633041382, 0.05546889454126358]
1.3106260033701176  ::  3.706054  ::  [-1.0119651556015015, -0.0813320130109787, 0.055468760430812836]
1.308247710156778  ::  3.72203  ::  [-0.9931122660636902, -0.08176416158676147, 0.05546769127249718]
1.3099706253749137  ::  3.738084  ::  [-0.9805429577827454, -0.08205238729715347, 0.05546669289469719]
1.3099706253749137  ::  3.753629  ::  [-0.9616936445236206, -0.08248420059680939, 0.055465035140514374]
1.3128942665047967  ::  3.769585  ::  [-0.942841649055481, -0.08291648328304291, 0.05546526983380318]
1.3141886940742198  ::  3.785519  ::  [-0.930272102355957, -0.08320409059524536, 0.055466197431087494]
1.3139902984231722  ::  3.801478  ::  [-0.911406397819519, -0.08363513648509979, 0.0554671511054039]
1.3139902984231722  ::  3.816772  ::  [-0.9051303863525391, -0.08377864956855774, 0.055468205362558365]
1.3097688146292812  ::  3.833346  ::  [-0.8737054467201233, -0.08449769765138626, 0.055468522012233734]
1.3097688146292812  ::  3.851299  ::  [-0.8737054467201233, -0.08449769765138626, 0.055468522012233734]
1.309422609415726  ::  3.864263  ::  [-0.8359998464584351, -0.08536210656166077, 0.05546572431921959]
1.3109512911293395  ::  3.880242  ::  [-0.8359998464584351, -0.08536210656166077, 0.05546572431921959]
1.3128475223976643  ::  3.895803  ::  [-0.8234302401542664, -0.08565005660057068, 0.055465199053287506]
1.3128475223976643  ::  3.911149  ::  [-0.8108541965484619, -0.08593828976154327, 0.055464666336774826]
1.3145622200444549  ::  3.927104  ::  [-0.7920123338699341, -0.08636900782585144, 0.0554664209485054]
1.3146245455206313  ::  3.943058  ::  [-0.7794283628463745, -0.08665706217288971, 0.055467378348112106]
1.312567911528517  ::  3.958605  ::  [-0.7605746984481812, -0.08708793669939041, 0.05546892061829567]
1.3097250587299107  ::  3.974295  ::  [-0.7417168021202087, -0.0875193178653717, 0.05546700954437256]
1.308691565731123  ::  3.989489  ::  [-0.7291600704193115, -0.08780704438686371, 0.055467892438173294]
1.3084440780954159  ::  4.004729  ::  [-0.7165887951850891, -0.0880950465798378, 0.05546646565198898]
1.3101859897771808  ::  4.02068  ::  [-0.6977405548095703, -0.08852730691432953, 0.05546509474515915]
1.3111633471587272  ::  4.036641  ::  [-0.6914495229721069, -0.08867159485816956, 0.05546477809548378]
1.3130993856233086  ::  4.052571  ::  [-0.6788884401321411, -0.08895999193191528, 0.055465228855609894]
1.314410781943951  ::  4.068551  ::  [-0.6663169860839844, -0.08924765139818192, 0.0554661825299263]
1.3146630720564183  ::  4.08449  ::  [-0.6537495851516724, -0.08953450620174408, 0.055467113852500916]
1.312400465172146  ::  4.100326  ::  [-0.6474535465240479, -0.08967868983745575, 0.05546730384230614]
1.3105475629163683  ::  4.117283  ::  [-0.6160364151000977, -0.09039720892906189, 0.05546902120113373]
1.3105475629163683  ::  4.132241  ::  [-0.6160364151000977, -0.09039720892906189, 0.05546902120113373]
1.308481644135851  ::  4.148199  ::  [-0.5971823334693909, -0.09082868695259094, 0.055467844009399414]
1.3088978587883986  ::  4.164155  ::  [-0.5846150517463684, -0.09111689031124115, 0.0554661825299263]
1.3104557822493963  ::  4.180118  ::  [-0.5783179998397827, -0.09126123785972595, 0.05546551197767258]
1.313213898013612  ::  4.19569  ::  [-0.565762996673584, -0.09154950082302094, 0.05546494573354721]
1.313213898013612  ::  4.211675  ::  [-0.5469108819961548, -0.09198136627674103, 0.05546536669135094]
1.3149281687735794  ::  4.227628  ::  [-0.5280567407608032, -0.09241317212581635, 0.05546650290489197]
1.3147331882171167  ::  4.243561  ::  [-0.5154870748519897, -0.0927005261182785, 0.05546777322888374]
1.3129364215785804  ::  4.259473  ::  [-0.4966309666633606, -0.09313170611858368, 0.055468831211328506]
1.311105930881017  ::  4.275433  ::  [-0.48405981063842773, -0.09341935813426971, 0.05546879023313522]
1.309063704319183  ::  4.291118  ::  [-0.46520593762397766, -0.093851238489151, 0.05546749755740166]
1.3092586848756458  ::  4.306473  ::  [-0.44635310769081116, -0.09428349882364273, 0.055466268211603165]
1.3107510812092935  ::  4.322374  ::  [-0.4337870180606842, -0.09457185864448547, 0.055464696139097214]
1.3126914952638118  ::  4.33836  ::  [-0.4212144613265991, -0.09485988318920135, 0.05546466261148453]
1.3148276369267333  ::  4.35429  ::  [-0.4023630917072296, -0.09529224783182144, 0.05546621233224869]
1.3148991404696069  ::  4.370247  ::  [-0.38350147008895874, -0.0957229882478714, 0.05546732246875763]
1.3109776513906675  ::  4.386205  ::  [-0.35208386182785034, -0.09644152969121933, 0.055468782782554626]
1.309046628846258  ::  4.40019  ::  [-0.35208386182785034, -0.09644152969121933, 0.055468782782554626]
1.309046628846258  ::  4.416006  ::  [-0.33322811126708984, -0.09687356650829315, 0.05546776205301285]
1.310922262825367  ::  4.430941  ::  [-0.3018055260181427, -0.09759493917226791, 0.05546524375677109]
1.310922262825367  ::  4.44693  ::  [-0.3018055260181427, -0.09759493917226791, 0.05546524375677109]
1.3128462417371949  ::  4.461882  ::  [-0.2892434597015381, -0.09788292646408081, 0.05546492710709572]
1.3149535685395555  ::  4.477842  ::  [-0.27038875222206116, -0.09831447154283524, 0.05546608194708824]
1.3136676787065948  ::  4.492855  ::  [-0.2578193247318268, -0.09860222041606903, 0.05546720325946808]
1.3136676787065948  ::  4.508734  ::  [-0.23895493149757385, -0.09903355687856674, 0.05546889081597328]
1.3118898018099816  ::  4.524714  ::  [-0.2263907641172409, -0.09932094812393188, 0.055468883365392685]
1.3095076666152339  ::  4.540648  ::  [-0.20753736793994904, -0.09975269436836243, 0.05546760559082031]
1.3089752320250903  ::  4.556612  ::  [-0.19496804475784302, -0.1000409722328186, 0.0554666705429554]
1.3094010516311583  ::  4.572478  ::  [-0.18239375948905945, -0.10032980144023895, 0.055465444922447205]
1.311010628397754  ::  4.588435  ::  [-0.1698344349861145, -0.10061758011579514, 0.05546458810567856]
1.3137925431023592  ::  4.604417  ::  [-0.1509806364774704, -0.1010497584939003, 0.05546499416232109]
1.3150748043973233  ::  4.620357  ::  [-0.13840870559215546, -0.10133779048919678, 0.05546586960554123]
1.3150748043973233  ::  4.636312  ::  [-0.11955569684505463, -0.10176892578601837, 0.055467452853918076]
1.3109009184842106  ::  4.651275  ::  [-0.08812984079122543, -0.102487713098526, 0.05546863004565239]
1.3109009184842106  ::  4.666232  ::  [-0.08812984079122543, -0.102487713098526, 0.05546863004565239]
1.3093836559931158  ::  4.681768  ::  [-0.07555409520864487, -0.10277558118104935, 0.05546757951378822]
1.3105274992356815  ::  4.69972  ::  [-0.04414031654596329, -0.10349661856889725, 0.05546528846025467]
1.3131522128676705  ::  4.713322  ::  [-0.04414031654596329, -0.10349661856889725, 0.05546528846025467]
1.3131522128676705  ::  4.729278  ::  [-0.025289524346590042, -0.10392889380455017, 0.05546469986438751]
1.3154213297759956  ::  4.744233  ::  [-0.012721249833703041, -0.10421688109636307, 0.05546550825238228]
1.31461344646323  ::  4.759416  ::  [0.006132994778454304, -0.10464801639318466, 0.05546657368540764]
1.31461344646323  ::  4.77544  ::  [0.018709661439061165, -0.10493570566177368, 0.05546759441494942]
1.3119391072380526  ::  4.791308  ::  [0.03755996748805046, -0.10536634176969528, 0.05546785518527031]
1.304782669813466  ::  4.806889  ::  [0.05639207363128662, -0.10576777905225754, 0.055437978357076645]
1.304782669813466  ::  4.822846  ::  [0.06898250430822372, -0.10608457028865814, 0.055466316640377045]
1.3171265291909715  ::  4.838458  ::  [0.08785976469516754, -0.10651032626628876, 0.055455274879932404]
1.3186746342550373  ::  4.854415  ::  [0.10671187937259674, -0.10695211589336395, 0.05546385049819946]
1.3195026879701954  ::  4.870399  ::  [0.11927555501461029, -0.10724066197872162, 0.05546492338180542]
1.3223838538611774  ::  4.88538  ::  [0.13812893629074097, -0.10767409205436707, 0.05546507239341736]
1.3234663321229185  ::  4.901337  ::  [0.15064963698387146, -0.10800729691982269, 0.05542629957199097]
1.321435631505309  ::  4.918329  ::  [0.18840639293193817, -0.10883298516273499, 0.05546703189611435]
1.32109433549022  ::  4.93229  ::  [0.18840639293193817, -0.10883298516273499, 0.05546703189611435]
1.3221667819116178  ::  4.948249  ::  [0.2072587013244629, -0.10926946252584457, 0.055465761572122574]
1.3240077313363479  ::  4.964368  ::  [0.2323940396308899, -0.1098511666059494, 0.05546451732516289]
1.3266032032209527  ::  4.980324  ::  [0.2323940396308899, -0.1098511666059494, 0.05546451732516289]
1.3266032032209527  ::  4.996281  ::  [0.25124627351760864, -0.11028701066970825, 0.055465202778577805]
1.3271324361599228  ::  5.011906  ::  [0.2701001465320587, -0.11072264611721039, 0.05546613410115242]
1.3227249364328548  ::  5.027861  ::  [0.28895723819732666, -0.11115793883800507, 0.05546681955456734]
1.3227249364328548  ::  5.043223  ::  [0.3078119158744812, -0.1115933507680893, 0.05546732246875763]
1.3211489770035802  ::  5.058718  ::  [0.32038143277168274, -0.11188347637653351, 0.05546644330024719]
1.3211489770035802  ::  5.074651  ::  [0.33923473954200745, -0.11232003569602966, 0.055465348064899445]
1.324993092845828  ::  5.089637  ::  [0.3518028259277344, -0.11261046677827835, 0.05546409636735916]
1.324993092845828  ::  5.105225  ::  [0.3706530034542084, -0.11304736882448196, 0.055464379489421844]
1.3270899609210218  ::  5.121161  ::  [0.38950595259666443, -0.1134830191731453, 0.05546534061431885]
1.3253785716471105  ::  5.137225  ::  [0.4020746052265167, -0.11377297341823578, 0.055465396493673325]
1.3253785716471105  ::  5.153201  ::  [0.4209342300891876, -0.11420802026987076, 0.05546797439455986]
1.3213997730121665  ::  5.169132  ::  [0.43350374698638916, -0.11449801921844482, 0.05546785891056061]
1.3213997730121665  ::  5.185115  ::  [0.45235779881477356, -0.11493416130542755, 0.05546652525663376]
1.3225269676686302  ::  5.201081  ::  [0.4649258852005005, -0.11522439122200012, 0.05546589568257332]
1.3249878634822447  ::  5.216005  ::  [0.5026288628578186, -0.11609786003828049, 0.05546416714787483]
1.3269326531267  ::  5.234954  ::  [0.5214798450469971, -0.11653397232294083, 0.05546443909406662]
1.3271698954786522  ::  5.246952  ::  [0.5214798450469971, -0.11653397232294083, 0.05546443909406662]
1.3254176317914266  ::  5.261911  ::  [0.5340526103973389, -0.11682318896055222, 0.05546603724360466]
1.3254176317914266  ::  5.277865  ::  [0.5529069304466248, -0.11725837737321854, 0.055466968566179276]
1.3225745655494088  ::  5.29382  ::  [0.5654793381690979, -0.11754843592643738, 0.05546729639172554]
1.3225745655494088  ::  5.309778  ::  [0.5717620849609375, -0.11769359558820724, 0.055466633290052414]
1.3209690442076327  ::  5.324745  ::  [0.5843342542648315, -0.11798418313264847, 0.05546621233224869]
1.3209690442076327  ::  5.340716  ::  [0.5969136357307434, -0.11827640980482101, 0.0554654523730278]
1.323206784934458  ::  5.355659  ::  [0.6094685792922974, -0.1185663715004921, 0.055464573204517365]
1.323206784934458  ::  5.371616  ::  [0.6220364570617676, -0.1188577264547348, 0.05546366795897484]
1.3271238984234603  ::  5.387574  ::  [0.6408880949020386, -0.11929333209991455, 0.05546414107084274]
1.326647492728852  ::  5.403532  ::  [0.6597424745559692, -0.11972852051258087, 0.055464744567871094]
1.326647492728852  ::  5.419461  ::  [0.6723132133483887, -0.12001900374889374, 0.05546710640192032]
1.3242582071798168  ::  5.435417  ::  [0.6911681890487671, -0.12045375257730484, 0.0554664246737957]
1.3216678579370895  ::  5.451376  ::  [0.7100244760513306, -0.12088964879512787, 0.0554669126868248]
1.3213947570919948  ::  5.466861  ::  [0.7225939631462097, -0.12118042260408401, 0.055466167628765106]
1.3240708038644646  ::  5.482294  ::  [0.7602957487106323, -0.12205325067043304, 0.0554632730782032]
1.3264476029739234  ::  5.497283  ::  [0.7602957487106323, -0.12205325067043304, 0.0554632730782032]
1.3264476029739234  ::  5.513215  ::  [0.7791479825973511, -0.12248830497264862, 0.055464401841163635]
1.3257901972663095  ::  5.529173  ::  [0.7917205095291138, -0.12277861684560776, 0.055465154349803925]
1.3257901972663095  ::  5.545131  ::  [0.8105753660202026, -0.12321418523788452, 0.05546731501817703]
1.3232081723166331  ::  5.560793  ::  [0.8294323086738586, -0.12364935874938965, 0.05546789988875389]
1.320467345468754  ::  5.575752  ::  [0.842004656791687, -0.12393941730260849, 0.055465973913669586]
1.3208792912530705  ::  5.591709  ::  [0.860851526260376, -0.12437514215707779, 0.055464692413806915]
1.3208792912530705  ::  5.606672  ::  [0.8671386241912842, -0.12452086806297302, 0.055464379489421844]
1.322200826135762  ::  5.622626  ::  [0.87970370054245, -0.12481189519166946, 0.05546388402581215]
1.3263400274944956  ::  5.638586  ::  [0.8922712802886963, -0.12510302662849426, 0.05546344444155693]
1.3266405558179761  ::  5.654542  ::  [0.9111232757568359, -0.12553881108760834, 0.05546397715806961]
1.3266405558179761  ::  5.67063  ::  [0.9299790859222412, -0.12597353756427765, 0.05546601861715317]
1.3261593476466076  ::  5.686612  ::  [0.936275839805603, -0.12611836194992065, 0.05546585097908974]
1.3230663391696498  ::  5.701595  ::  [0.9488351345062256, -0.1264091581106186, 0.05546724423766136]
1.321276509441989  ::  5.716556  ::  [0.9614135026931763, -0.1266988068819046, 0.055466800928115845]
1.3207817476139863  ::  5.732513  ::  [0.9802653193473816, -0.12713389098644257, 0.055465422570705414]
1.3205271096239917  ::  5.749467  ::  [0.9928265810012817, -0.12742486596107483, 0.05546453595161438]
1.3214378726611304  ::  5.765427  ::  [1.0053976774215698, -0.127716064453125, 0.055463649332523346]
1.3214378726611304  ::  5.780383  ::  [1.0053976774215698, -0.127716064453125, 0.055463649332523346]
1.3263850640543353  ::  5.795825  ::  [1.0242457389831543, -0.12815223634243011, 0.05546337738633156]
1.3267226248097221  ::  5.811784  ::  [1.0431065559387207, -0.12858790159225464, 0.055463217198848724]
1.3261657509489546  ::  5.826743  ::  [1.0556689500808716, -0.12887811660766602, 0.05546500161290169]
1.3261657509489546  ::  5.841702  ::  [1.0682395696640015, -0.12916789948940277, 0.055466070771217346]
1.325542389465485  ::  5.857664  ::  [1.0745251178741455, -0.12931236624717712, 0.05546698719263077]
1.3236437035979274  ::  5.873619  ::  [1.0870980024337769, -0.12960311770439148, 0.05546706169843674]
1.3219290059511368  ::  5.889574  ::  [1.0996661186218262, -0.12989339232444763, 0.055466778576374054]
1.3211574080183368  ::  5.905546  ::  [1.1059538125991821, -0.13003842532634735, 0.055465660989284515]
1.3210839834847592  ::  5.921431  ::  [1.1248054504394531, -0.1304747760295868, 0.05546463280916214]
1.3210839834847592  ::  5.937388  ::  [1.1373705863952637, -0.13076527416706085, 0.05546330660581589]
1.3237172348532107  ::  5.953346  ::  [1.156221628189087, -0.1312016248703003, 0.05546249821782112]
1.3253102697554104  ::  5.969303  ::  [1.1687893867492676, -0.13149215281009674, 0.05546274408698082]
1.3262397090910611  ::  5.985261  ::  [1.1876469850540161, -0.13192760944366455, 0.05546479672193527]
1.3255611724857026  ::  6.001049  ::  [1.2002160549163818, -0.13221633434295654, 0.0554666742682457]
1.3231722071017848  ::  6.01662  ::  [1.2190728187561035, -0.1326516717672348, 0.05546744912862778]
1.319888700380007  ::  6.032572  ::  [1.2316431999206543, -0.13294167816638947, 0.05546671524643898]
1.320684630861725  ::  6.049503  ::  [1.2693504095077515, -0.13381393253803253, 0.05546353757381439]
1.3231829859940687  ::  6.066459  ::  [1.288201928138733, -0.13424955308437347, 0.055462755262851715]
1.3231829859940687  ::  6.080424  ::  [1.288201928138733, -0.13424955308437347, 0.055462755262851715]
1.3248489118213171  ::  6.096382  ::  [1.3007771968841553, -0.13454021513462067, 0.05546151101589203]
1.325628300438639  ::  6.111758  ::  [1.3196271657943726, -0.13497459888458252, 0.055464643985033035]
1.324296200107075  ::  6.126718  ::  [1.3384895324707031, -0.13540895283222198, 0.055466461926698685]
1.3198405688906996  ::  6.142305  ::  [1.3573358058929443, -0.13584445416927338, 0.05546635016798973]
1.3198405688906996  ::  6.158287  ::  [1.3699026107788086, -0.1361340880393982, 0.0554654598236084]
1.3201843195050216  ::  6.174231  ::  [1.3824723958969116, -0.13642461597919464, 0.05546491965651512]
1.3219369033573647  ::  6.190194  ::  [1.4013252258300781, -0.1368604600429535, 0.055463757365942]
1.3243022832443045  ::  6.205517  ::  [1.4138990640640259, -0.13715091347694397, 0.0554635114967823]
1.3243022832443045  ::  6.220482  ::  [1.4327538013458252, -0.1375865936279297, 0.055462490767240524]
1.3248083575731202  ::  6.236432  ::  [1.4453121423721313, -0.13787637650966644, 0.05546402186155319]
1.3248083575731202  ::  6.252394  ::  [1.4641679525375366, -0.13831143081188202, 0.05546613782644272]
1.324115520259187  ::  6.268328  ::  [1.4704676866531372, -0.13845638930797577, 0.05546577274799347]
1.3224513019792312  ::  6.284284  ::  [1.4830244779586792, -0.13874468207359314, 0.055466871708631516]
1.3197756820935844  ::  6.299426  ::  [1.501878023147583, -0.1391802728176117, 0.055465199053287506]
1.3200047068741914  ::  6.314366  ::  [1.5332990884780884, -0.13990680873394012, 0.055463165044784546]
1.3200047068741914  ::  6.329326  ::  [1.5332990884780884, -0.13990680873394012, 0.055463165044784546]
1.322709781950634  ::  6.345326  ::  [1.5521507263183594, -0.140342116355896, 0.05546296387910843]
1.3243278964536922  ::  6.360273  ::  [1.5647281408309937, -0.14063292741775513, 0.05546277388930321]
1.3244138074268463  ::  6.3762  ::  [1.5835720300674438, -0.1410665214061737, 0.05546438321471214]
1.3227692259407542  ::  6.392182  ::  [1.5961443185806274, -0.14135679602622986, 0.0554654598236084]
1.3227692259407542  ::  6.407349  ::  [1.6087201833724976, -0.14164631068706512, 0.05546615272760391]
1.3199754651268074  ::  6.423289  ::  [1.6275711059570312, -0.1420811414718628, 0.0554659441113472]
1.3185313070041729  ::  6.438233  ::  [1.6464252471923828, -0.14251676201820374, 0.0554644912481308]
1.318942399014843  ::  6.45388  ::  [1.6589901447296143, -0.14280642569065094, 0.05546362325549126]
1.320342801238107  ::  6.46984  ::  [1.671557903289795, -0.14309711754322052, 0.055463068187236786]
1.322877228307005  ::  6.485161  ::  [1.690411925315857, -0.14353246986865997, 0.055462609976530075]
1.3238023987744243  ::  6.50112  ::  [1.7029757499694824, -0.14382228255271912, 0.05546338111162186]
1.3238673922932451  ::  6.516328  ::  [1.7218317985534668, -0.14425668120384216, 0.05546482279896736]
1.3195212575470014  ::  6.532288  ::  [1.753260612487793, -0.1449800580739975, 0.05546657368540764]
1.3195212575470014  ::  6.547197  ::  [1.753260612487793, -0.1449800580739975, 0.05546657368540764]
1.3178974867935367  ::  6.563216  ::  [1.7721145153045654, -0.1454150229692459, 0.05546558275818825]
1.3178974867935367  ::  6.578509  ::  [1.784682035446167, -0.1457049399614334, 0.05546417087316513]
1.3226959081288823  ::  6.594469  ::  [1.803533673286438, -0.14614053070545197, 0.05546318739652634]
1.3247775150001495  ::  6.610456  ::  [1.8223824501037598, -0.14657576382160187, 0.05546237528324127]
1.3247775150001495  ::  6.626412  ::  [1.8412368297576904, -0.14701074361801147, 0.0554637648165226]
1.324695659451815  ::  6.642369  ::  [1.8475253582000732, -0.14715497195720673, 0.05546444654464722]
1.3204106762429841  ::  6.658303  ::  [1.8663794994354248, -0.1475897878408432, 0.055466342717409134]
1.318498436718792  ::  6.674273  ::  [1.8852365016937256, -0.14802435040473938, 0.05546634644269943]
1.3184482775170747  ::  6.69019  ::  [1.9040908813476562, -0.1484590619802475, 0.0554654523730278]
1.3201857068871967  ::  6.705703  ::  [1.9166691303253174, -0.14874961972236633, 0.055462516844272614]
1.3201857068871967  ::  6.721683  ::  [1.9355100393295288, -0.1491849422454834, 0.05546335130929947]
1.3241446552848655  ::  6.737599  ::  [1.9543612003326416, -0.14961975812911987, 0.0554625540971756]
1.3242721877232742  ::  6.753556  ::  [1.9732252359390259, -0.1500549167394638, 0.055462103337049484]
1.323542744864258  ::  6.768515  ::  [1.9795000553131104, -0.15019938349723816, 0.05546369403600693]
1.323542744864258  ::  6.783476  ::  [1.992069959640503, -0.15048851072788239, 0.055465567857027054]
1.3189323671744995  ::  6.799436  ::  [2.0046424865722656, -0.15077856183052063, 0.05546639859676361]
1.3184182887177502  ::  6.815924  ::  [2.029782295227051, -0.15135787427425385, 0.055465735495090485]
1.3181244838617339  ::  6.830882  ::  [2.029782295227051, -0.15135787427425385, 0.055465735495090485]
1.3181244838617339  ::  6.846867  ::  [2.042351007461548, -0.1516476273536682, 0.05546468496322632]
1.3216562252711594  ::  6.862827  ::  [2.061206340789795, -0.1520835906267166, 0.055462546646595]
1.3216562252711594  ::  6.878782  ::  [2.08005690574646, -0.15251898765563965, 0.05546220764517784]
1.323412864548322  ::  6.894737  ::  [2.092620372772217, -0.15280848741531372, 0.05546199157834053]
1.3224516221443485  ::  6.910257  ::  [2.1114752292633057, -0.15324313938617706, 0.055463869124650955]
1.3224516221443485  ::  6.92619  ::  [2.1303319931030273, -0.15367718040943146, 0.0554656907916069]
1.3205275365108147  ::  6.942189  ::  [2.1429171562194824, -0.1539669781923294, 0.05546572804450989]
1.318241130686153  ::  6.9582  ::  [2.161771535873413, -0.15440119802951813, 0.05546502023935318]
1.3176925811184363  ::  6.974216  ::  [2.1806106567382812, -0.15483590960502625, 0.05546410381793976]
1.3186148700997997  ::  6.990156  ::  [2.193179130554199, -0.15512657165527344, 0.05546350032091141]
1.3212683985923497  ::  7.005798  ::  [2.2120308876037598, -0.1555618941783905, 0.05546290799975395]
1.323544665854962  ::  7.021756  ::  [2.2308828830718994, -0.15599608421325684, 0.05546293780207634]
1.3237773191735658  ::  7.037713  ::  [2.2434592247009277, -0.15628597140312195, 0.055464182049036026]
1.3231552383505656  ::  7.053316  ::  [2.2560245990753174, -0.15657512843608856, 0.055465634912252426]
1.3180559685266222  ::  7.069274  ::  [2.2748799324035645, -0.15700869262218475, 0.055466294288635254]
1.3180559685266222  ::  7.085368  ::  [2.2937347888946533, -0.15744329988956451, 0.05546574294567108]
1.318862251013801  ::  7.10133  ::  [2.3063032627105713, -0.15773406624794006, 0.05546460300683975]
1.3218233514624131  ::  7.117287  ::  [2.32515287399292, -0.1581692397594452, 0.055462546646595]
1.3237989836798394  ::  7.134243  ::  [2.3628578186035156, -0.1590385138988495, 0.05546293407678604]
1.3238757165862962  ::  7.148808  ::  [2.3628578186035156, -0.1590385138988495, 0.05546293407678604]
1.3232098798639258  ::  7.16462  ::  [2.3754284381866455, -0.15932857990264893, 0.05546470731496811]
1.320817499385423  ::  7.180604  ::  [2.3879988193511963, -0.1596178114414215, 0.05546530336141586]
1.320817499385423  ::  7.196563  ::  [2.406863212585449, -0.16005229949951172, 0.05546605959534645]
1.3178497821910524  ::  7.212522  ::  [2.419426202774048, -0.16034145653247833, 0.055465783923864365]
1.318020430198597  ::  7.228476  ::  [2.4319987297058105, -0.16063174605369568, 0.05546465143561363]
1.318020430198597  ::  7.244436  ::  [2.4445629119873047, -0.16092218458652496, 0.055463943630456924]
1.3199228513258572  ::  7.260391  ::  [2.463413715362549, -0.1613575965166092, 0.05546259135007858]
1.3231758356397814  ::  7.27643  ::  [2.4822659492492676, -0.16179323196411133, 0.05546294525265694]
1.3242260839463766  ::  7.292306  ::  [2.4948363304138184, -0.16208210587501526, 0.055462732911109924]
1.3228887542512293  ::  7.308294  ::  [2.5074052810668945, -0.16237270832061768, 0.05546482652425766]
1.3228887542512293  ::  7.324255  ::  [2.526259183883667, -0.16280637681484222, 0.05546536296606064]
1.3199726903624571  ::  7.339241  ::  [2.545130729675293, -0.16324108839035034, 0.05546509101986885]
1.3181143452996846  ::  7.355025  ::  [2.5639708042144775, -0.16367603838443756, 0.05546432361006737]
1.318370584115266  ::  7.370955  ::  [2.576540470123291, -0.16396619379520416, 0.05546368658542633]
1.318824684973366  ::  7.386913  ::  [2.582822561264038, -0.16411127150058746, 0.05546310171484947]
1.3226294205061804  ::  7.402872  ::  [2.5953896045684814, -0.1644018441438675, 0.0554627850651741]
1.3226294205061804  ::  7.417853  ::  [2.614240884780884, -0.1648367941379547, 0.05546204373240471]
1.3240264076348596  ::  7.433333  ::  [2.6268112659454346, -0.16512663662433624, 0.05546332523226738]
1.322352264236266  ::  7.448747  ::  [2.6393799781799316, -0.16541583836078644, 0.05546417459845543]
1.3193401508122904  ::  7.465648  ::  [2.6770925521850586, -0.1662842184305191, 0.05546578764915466]
1.3193401508122904  ::  7.480642  ::  [2.6770925521850586, -0.1662842184305191, 0.05546578764915466]
1.3175918358281786  ::  7.496588  ::  [2.6896679401397705, -0.1665744036436081, 0.055465009063482285]
1.3173184148179666  ::  7.51155  ::  [2.708514451980591, -0.16700930893421173, 0.055463604629039764]
1.3193079208571443  ::  7.52751  ::  [2.7148027420043945, -0.1671542078256607, 0.055462948977947235]
1.3212421450527274  ::  7.543513  ::  [2.727365016937256, -0.16744425892829895, 0.05546246096491814]
1.3212421450527274  ::  7.559469  ::  [2.7399468421936035, -0.16773466765880585, 0.05546029657125473]
1.322818638090531  ::  7.575427  ::  [2.7525012493133545, -0.16802385449409485, 0.05546269565820694]
1.3234624901415104  ::  7.591384  ::  [2.7650704383850098, -0.16831336915493011, 0.055463146418333054]
1.3229793609794378  ::  7.607341  ::  [2.777644634246826, -0.1686028093099594, 0.0554644800722599]
1.3208447134203973  ::  7.622427  ::  [2.796501874923706, -0.1690366566181183, 0.05546563118696213]
1.3188075027787352  ::  7.637387  ::  [2.8090691566467285, -0.1693265289068222, 0.05546630173921585]
1.3171479802538335  ::  7.653401  ::  [2.8279261589050293, -0.16976095736026764, 0.055464304983615875]
1.3186680175092789  ::  7.668304  ::  [2.840491533279419, -0.17005112767219543, 0.05546415597200394]
1.3186680175092789  ::  7.684303  ::  [2.8530616760253906, -0.17034104466438293, 0.055463291704654694]
1.3227762695733356  ::  7.699736  ::  [2.871910333633423, -0.17077626287937164, 0.055463265627622604]
1.3232884270393808  ::  7.715791  ::  [2.884477376937866, -0.1710657924413681, 0.055463217198848724]
1.32132784258247  ::  7.733184  ::  [2.9221887588500977, -0.17193295061588287, 0.055466510355472565]
1.32132784258247  ::  7.747145  ::  [2.9221887588500977, -0.17193295061588287, 0.055466510355472565]
1.3184367515728503  ::  7.763133  ::  [2.9410438537597656, -0.17236758768558502, 0.055465418845415115]
1.3170691129132612  ::  7.779078  ::  [2.95361328125, -0.17265702784061432, 0.055465154349803925]
1.316700496141492  ::  7.795066  ::  [2.9724674224853516, -0.17309193313121796, 0.05546405538916588]
1.32037460430643  ::  7.810027  ::  [2.985034227371216, -0.1733822375535965, 0.05546364560723305]
1.32037460430643  ::  7.824986  ::  [3.003896474838257, -0.17381691932678223, 0.05546177178621292]
1.321932847932545  ::  7.84095  ::  [3.0164546966552734, -0.17410637438297272, 0.05546433478593826]
1.3215552665374901  ::  7.856902  ::  [3.035308837890625, -0.1745402067899704, 0.05546429380774498]
1.3206875123477813  ::  7.872858  ::  [3.0478901863098145, -0.17482922971248627, 0.05546468123793602]
1.3206875123477813  ::  7.888815  ::  [3.054165840148926, -0.17497338354587555, 0.05546543002128601]
1.316691744961618  ::  7.904773  ::  [3.066734552383423, -0.17526237666606903, 0.05546601116657257]
1.316691744961618  ::  7.92073  ::  [3.085589647293091, -0.17569676041603088, 0.05546528846025467]
1.3179663222937659  ::  7.93669  ::  [3.117018222808838, -0.1764214038848877, 0.05546228215098381]
1.3179663222937659  ::  7.951647  ::  [3.117018222808838, -0.1764214038848877, 0.05546228215098381]
1.3214169552067974  ::  7.966607  ::  [3.1295766830444336, -0.17671145498752594, 0.05546284094452858]
1.3214169552067974  ::  7.982565  ::  [3.142146110534668, -0.17700114846229553, 0.05546291917562485]
1.3216421380059962  ::  7.99871  ::  [3.1798558235168457, -0.1778683215379715, 0.05546616017818451]
1.3216421380059962  ::  8.012705  ::  [3.1798558235168457, -0.1778683215379715, 0.05546616017818451]
1.3186450723425358  ::  8.027684  ::  [3.19871187210083, -0.178303062915802, 0.05546582117676735]
1.317096540391647  ::  8.043649  ::  [3.211282968521118, -0.1785925030708313, 0.05546532943844795]
1.3163691252450407  ::  8.058582  ::  [3.230137586593628, -0.17902663350105286, 0.05546621233224869]
1.3178397503507089  ::  8.074567  ::  [3.248988389968872, -0.17946162819862366, 0.05546412244439125]
1.3197180523724625  ::  8.090526  ::  [3.2615556716918945, -0.17975173890590668, 0.055463097989559174]
1.322646709422517  ::  8.106455  ::  [3.2804088592529297, -0.18018630146980286, 0.05546490103006363]
1.3221550425239819  ::  8.122412  ::  [3.2929790019989014, -0.18047533929347992, 0.055465217679739]
1.3197979869300929  ::  8.138397  ::  [3.31184720993042, -0.18090945482254028, 0.05546491593122482]
1.3176496789927121  ::  8.154355  ::  [3.330690383911133, -0.1813436597585678, 0.05546659231185913]
1.3176496789927121  ::  8.170219  ::  [3.3432600498199463, -0.18163256347179413, 0.05546589568257332]
1.3167569519238504  ::  8.186172  ::  [3.3621158599853516, -0.18206799030303955, 0.055465999990701675]
1.3199809079338023  ::  8.201096  ::  [3.374680519104004, -0.1823578029870987, 0.05546464025974274]
1.3218797005230658  ::  8.216615  ::  [3.3935320377349854, -0.1827925145626068, 0.0554630421102047]
1.3218797005230658  ::  8.232411  ::  [3.406099319458008, -0.18308240175247192, 0.05546317249536514]
1.32147127655504  ::  8.249339  ::  [3.443812847137451, -0.1839504987001419, 0.05546632781624794]
1.3196524185234069  ::  8.264298  ::  [3.443812847137451, -0.1839504987001419, 0.05546632781624794]
1.317581377101012  ::  8.280283  ::  [3.4563827514648438, -0.18423835933208466, 0.05546716973185539]
1.317581377101012  ::  8.296318  ::  [3.475236415863037, -0.1846735030412674, 0.05546659976243973]
