1.4618533285050759  ::  0.01596  ::  [-4.524886131286621, -4.047904803883284e-05, 0.05546613410115242]
1.4618444706034959  ::  0.031912  ::  [-4.524886131286621, -4.049961353302933e-05, 0.05546628683805466]
1.4618444706034959  ::  0.047872  ::  [-4.524885177612305, -4.04898491979111e-05, 0.055466361343860626]
1.489032892368378  ::  0.063465  ::  [-4.52621603012085, -8.121138307615183e-06, 0.0566830113530159]
1.728362614163919  ::  0.079422  ::  [-4.522713661193848, -0.0002487333840690553, 0.056543659418821335]
1.5899413601142058  ::  0.096347  ::  [-4.471994876861572, -0.0016743158921599388, 0.05635557696223259]
1.5912529698782598  ::  0.110899  ::  [-4.471994876861572, -0.0016743158921599388, 0.05635557696223259]
1.5722863883267808  ::  0.127854  ::  [-4.4360270500183105, -0.002654446056112647, 0.05552152171730995]
1.4763485907494296  ::  0.14287  ::  [-4.414781093597412, -0.003146582515910268, 0.05581129342317581]
1.4763485907494296  ::  0.158827  ::  [-4.414781093597412, -0.003146582515910268, 0.05581129342317581]
1.4908327539363821  ::  0.174892  ::  [-4.393944263458252, -0.003682555630803108, 0.05561792105436325]
1.4908327539363821  ::  0.190893  ::  [-4.374285697937012, -0.004184558056294918, 0.055501941591501236]
1.5086557056887073  ::  0.206838  ::  [-4.3550333976745605, -0.004700381774455309, 0.05546606332063675]
1.507799263999811  ::  0.221796  ::  [-4.342465877532959, -0.005030731670558453, 0.05546724796295166]
1.507799263999811  ::  0.236769  ::  [-4.323610305786133, -0.005525021813809872, 0.055469006299972534]
1.504835175343437  ::  0.252712  ::  [-4.311041355133057, -0.005854961462318897, 0.05546936020255089]
1.504835175343437  ::  0.268667  ::  [-4.304755210876465, -0.006020199041813612, 0.055469874292612076]
1.5022241220897883  ::  0.284667  ::  [-4.285902976989746, -0.006515335291624069, 0.055468328297138214]
1.5026326527795195  ::  0.300611  ::  [-4.279621601104736, -0.006681053899228573, 0.055467523634433746]
1.5037407442506483  ::  0.316251  ::  [-4.2670512199401855, -0.007011433131992817, 0.05546676367521286]
1.5037407442506483  ::  0.332208  ::  [-4.254487037658691, -0.007342173717916012, 0.05546551197767258]
1.5052794578046054  ::  0.348167  ::  [-4.241920471191406, -0.0076728323474526405, 0.05546530336141586]
1.5075164514794903  ::  0.364125  ::  [-4.223068714141846, -0.008168467320501804, 0.05546626076102257]
1.5084643536702411  ::  0.380081  ::  [-4.210500240325928, -0.008498811163008213, 0.055466800928115845]
1.50515309930496  ::  0.396038  ::  [-4.191633701324463, -0.008993835188448429, 0.0554683543741703]
1.5035101186444546  ::  0.411999  ::  [-4.172778606414795, -0.009488510899245739, 0.055468931794166565]
1.5029059670680258  ::  0.428921  ::  [-4.135083198547363, -0.010480055585503578, 0.05546654388308525]
1.5041284642077524  ::  0.445883  ::  [-4.122521877288818, -0.010810991749167442, 0.05546583607792854]
1.5067790044925404  ::  0.459845  ::  [-4.122521877288818, -0.010810991749167442, 0.05546583607792854]
1.5067790044925404  ::  0.475802  ::  [-4.103670597076416, -0.011307009495794773, 0.05546528473496437]
1.5076989455963765  ::  0.49121  ::  [-4.097375869750977, -0.011472648940980434, 0.05546427145600319]
1.5078235965487292  ::  0.50717  ::  [-4.0785346031188965, -0.011967768892645836, 0.05546744912862778]
1.5061334448942685  ::  0.523282  ::  [-4.059682369232178, -0.012462643906474113, 0.05546879768371582]
1.5061334448942685  ::  0.539238  ::  [-4.047100067138672, -0.012792904861271381, 0.05546830967068672]
1.5028153603398173  ::  0.555186  ::  [-4.0282487869262695, -0.013288314454257488, 0.0554681159555912]
1.503617907567294  ::  0.571154  ::  [-4.009405136108398, -0.013783657923340797, 0.05546654015779495]
1.503617907567294  ::  0.587112  ::  [-3.9968268871307373, -0.014115365222096443, 0.05546528100967407]
1.506680073471281  ::  0.603082  ::  [-3.984273910522461, -0.01444554515182972, 0.05546555668115616]
1.506680073471281  ::  0.619041  ::  [-3.9717049598693848, -0.014776283875107765, 0.0554656982421875]
1.508136291146669  ::  0.634986  ::  [-3.959139347076416, -0.015106461942195892, 0.055466435849666595]
1.5084484521360797  ::  0.650809  ::  [-3.9339981079101562, -0.015766173601150513, 0.05546819418668747]
1.5070601094655687  ::  0.666277  ::  [-3.921431541442871, -0.01609611324965954, 0.05546916276216507]
1.503678952383001  ::  0.682236  ::  [-3.8962903022766113, -0.016756786033511162, 0.055468931794166565]
1.5029056469029085  ::  0.698192  ::  [-3.8837242126464844, -0.017087362706661224, 0.055467646569013596]
1.5036929329264583  ::  0.714149  ::  [-3.8648738861083984, -0.01758362539112568, 0.05546589940786362]
1.505789907723358  ::  0.72911  ::  [-3.846024990081787, -0.0180802121758461, 0.05546531453728676]
1.5086297723142024  ::  0.744175  ::  [-3.8271725177764893, -0.018575571477413177, 0.05546647310256958]
1.5067134773651907  ::  0.762127  ::  [-3.789463520050049, -0.019565105438232422, 0.05546915531158447]
1.5046557761560184  ::  0.776118  ::  [-3.789463520050049, -0.019565105438232422, 0.05546915531158447]
1.5024212370803665  ::  0.792074  ::  [-3.7768962383270264, -0.0198952779173851, 0.055468954145908356]
1.5024212370803665  ::  0.808032  ::  [-3.758031129837036, -0.020391013473272324, 0.05546751245856285]
1.5023725719825303  ::  0.824002  ::  [-3.739192247390747, -0.020886439830064774, 0.055466439574956894]
1.5067770835018364  ::  0.839946  ::  [-3.7203433513641357, -0.021382566541433334, 0.05546518787741661]
1.5067770835018364  ::  0.854906  ::  [-3.701490640640259, -0.02187841758131981, 0.055465735495090485]
1.5071388700844355  ::  0.86987  ::  [-3.688910961151123, -0.02220817282795906, 0.05546499788761139]
1.5059176536051784  ::  0.885338  ::  [-3.670067071914673, -0.022702520713210106, 0.055468130856752396]
1.5059176536051784  ::  0.901324  ::  [-3.6574957370758057, -0.023032302036881447, 0.05546896904706955]
1.5049049713390181  ::  0.916878  ::  [-3.651211738586426, -0.023196972906589508, 0.05546919256448746]
1.5019218862190151  ::  0.932849  ::  [-3.6323585510253906, -0.02369244024157524, 0.05546872317790985]
1.5019218862190151  ::  0.948788  ::  [-3.61350679397583, -0.024187874048948288, 0.05546684190630913]
1.5055953540537184  ::  0.964724  ::  [-3.582089424133301, -0.0250149667263031, 0.0554656907916069]
1.5055953540537184  ::  0.980708  ::  [-3.582089424133301, -0.0250149667263031, 0.0554656907916069]
1.5078340552758958  ::  0.995672  ::  [-3.563239097595215, -0.025510231032967567, 0.05546632036566734]
1.5076389679977273  ::  1.011598  ::  [-3.531816005706787, -0.02633518911898136, 0.055468615144491196]
1.5049545969322067  ::  1.026557  ::  [-3.5129616260528564, -0.026830077171325684, 0.055468764156103134]
1.5031624193270188  ::  1.042179  ::  [-3.5129616260528564, -0.026830077171325684, 0.055468764156103134]
1.5031624193270188  ::  1.058164  ::  [-3.494096279144287, -0.02732633426785469, 0.05546713247895241]
1.5029551657743911  ::  1.074118  ::  [-3.4878242015838623, -0.027491489425301552, 0.05546727403998375]
1.5053056046225217  ::  1.090073  ::  [-3.475245952606201, -0.027822475880384445, 0.05546408146619797]
1.5078054538587464  ::  1.106027  ::  [-3.45640230178833, -0.028318330645561218, 0.0554649643599987]
1.5078054538587464  ::  1.121423  ::  [-3.4375500679016113, -0.028814325109124184, 0.0554654560983181]
1.5078508105837036  ::  1.13738  ::  [-3.4249870777130127, -0.029144341126084328, 0.055466990917921066]
1.5078508105837036  ::  1.153337  ::  [-3.406132936477661, -0.02963908575475216, 0.05546877160668373]
1.5034467259512205  ::  1.169396  ::  [-3.3872780799865723, -0.030133744701743126, 0.0554693341255188]
1.5034467259512205  ::  1.185464  ::  [-3.3747096061706543, -0.03046410158276558, 0.05546882003545761]
1.5022903962690786  ::  1.201444  ::  [-3.355858087539673, -0.030959323048591614, 0.0554674006998539]
1.503187712371289  ::  1.217385  ::  [-3.337005615234375, -0.03145578131079674, 0.05546604469418526]
1.5077560417089697  ::  1.233498  ::  [-3.3181540966033936, -0.03195195645093918, 0.05546551197767258]
1.508305231606921  ::  1.249455  ::  [-3.2993006706237793, -0.032447170466184616, 0.05546640232205391]
1.508305231606921  ::  1.26469  ::  [-3.2867374420166016, -0.03277697414159775, 0.05546712130308151]
1.5040904712804941  ::  1.28066  ::  [-3.2678825855255127, -0.033271465450525284, 0.05546895042061806]
1.5016436627320429  ::  1.295652  ::  [-3.230175256729126, -0.034261949360370636, 0.05546792224049568]
1.5017068419818655  ::  1.311608  ::  [-3.230175256729126, -0.034261949360370636, 0.05546792224049568]
1.503312256601936  ::  1.327571  ::  [-3.211325168609619, -0.03475717827677727, 0.055466312915086746]
1.5059624767216067  ::  1.344521  ::  [-3.179908514022827, -0.035583510994911194, 0.055465541779994965]
1.5059624767216067  ::  1.35951  ::  [-3.179908514022827, -0.035583510994911194, 0.055465541779994965]
1.5066778323154597  ::  1.375467  ::  [-3.173611879348755, -0.03574920445680618, 0.05546515807509422]
1.5074651183390093  ::  1.391453  ::  [-3.154773235321045, -0.036242980509996414, 0.05546708032488823]
1.5041860939288743  ::  1.407405  ::  [-3.1422016620635986, -0.03657275438308716, 0.05546846240758896]
1.5041860939288743  ::  1.42334  ::  [-3.1233468055725098, -0.03706720843911171, 0.055469077080488205]
1.5018713001304747  ::  1.438327  ::  [-3.1044857501983643, -0.03756292909383774, 0.05546772480010986]
1.5014088749793237  ::  1.454257  ::  [-3.085632801055908, -0.03805823624134064, 0.05546654015779495]
1.5048115898464594  ::  1.469247  ::  [-3.073077440261841, -0.038388628512620926, 0.05546610429883003]
1.5048115898464594  ::  1.4842  ::  [-3.0542263984680176, -0.038883939385414124, 0.055465348064899445]
1.5073015139640464  ::  1.500191  ::  [-3.0353753566741943, -0.039379555732011795, 0.05546596273779869]
1.5073903064232566  ::  1.515151  ::  [-3.0165152549743652, -0.03987410292029381, 0.05546756833791733]
1.5060885150561345  ::  1.531189  ::  [-3.0039520263671875, -0.04020330309867859, 0.055468831211328506]
1.5014354486840633  ::  1.546734  ::  [-2.985097646713257, -0.04069850221276283, 0.055469170212745667]
1.5012151750833305  ::  1.562758  ::  [-2.966240644454956, -0.04119352251291275, 0.05546727403998375]
1.5017105772415678  ::  1.578823  ::  [-2.9536783695220947, -0.04152359440922737, 0.05546656996011734]
1.504309357499052  ::  1.594779  ::  [-2.947394371032715, -0.04168934002518654, 0.05546637251973152]
1.5052858611069522  ::  1.609738  ::  [-2.9285457134246826, -0.04218517988920212, 0.055465035140514374]
1.5074331018272749  ::  1.624729  ::  [-2.9222512245178223, -0.04235047474503517, 0.05546490103006363]
1.5078612693108702  ::  1.640686  ::  [-2.9034054279327393, -0.042845312505960464, 0.05546606332063675]
1.5078612693108702  ::  1.656614  ::  [-2.890841245651245, -0.043175045400857925, 0.05546737462282181]
1.5038736127743462  ::  1.672592  ::  [-2.871976137161255, -0.04366980120539665, 0.055468373000621796]
1.5020739646497536  ::  1.688132  ::  [-2.8531320095062256, -0.044164616614580154, 0.055469248443841934]
1.5020739646497536  ::  1.704107  ::  [-2.8342792987823486, -0.04466027766466141, 0.05546799674630165]
1.5020829292730393  ::  1.720051  ::  [-2.8217101097106934, -0.044990889728069305, 0.05546707659959793]
1.5047945143735344  ::  1.736008  ::  [-2.8154289722442627, -0.04515606164932251, 0.055466439574956894]
1.5047945143735344  ::  1.751966  ::  [-2.796579599380493, -0.04565231874585152, 0.05546516925096512]
1.5073848636162617  ::  1.767439  ::  [-2.790295362472534, -0.04581766575574875, 0.0554652065038681]
1.5073848636162617  ::  1.783831  ::  [-2.7777297496795654, -0.046147432178258896, 0.055465612560510635]
1.5081200694473902  ::  1.799761  ::  [-2.765148162841797, -0.046477533876895905, 0.0554661825299263]
1.5073230717486144  ::  1.815722  ::  [-2.746302604675293, -0.04697227478027344, 0.055467844009399414]
1.5048779707474556  ::  1.831678  ::  [-2.7274436950683594, -0.04746738821268082, 0.05546865612268448]
1.5020193231363936  ::  1.847026  ::  [-2.7148830890655518, -0.04779709130525589, 0.05546845868229866]
1.5020193231363936  ::  1.862961  ::  [-2.696031093597412, -0.0482926107943058, 0.055466942489147186]
1.5031721310022448  ::  1.878917  ::  [-2.6834628582000732, -0.04862349480390549, 0.05546588823199272]
1.5047775456223151  ::  1.895048  ::  [-2.664613723754883, -0.049119435250759125, 0.055465295910835266]
1.5065406949235305  ::  1.910081  ::  [-2.652040719985962, -0.04945018142461777, 0.05546505004167557]
1.5080562498673329  ::  1.925058  ::  [-2.652040719985962, -0.04945018142461777, 0.05546505004167557]
1.5080562498673329  ::  1.941015  ::  [-2.633193016052246, -0.04994494467973709, 0.055466972291469574]
1.5077437687128048  ::  1.957  ::  [-2.620616912841797, -0.050274524837732315, 0.05546778440475464]
1.5030659429049922  ::  1.972153  ::  [-2.6017699241638184, -0.05076948553323746, 0.05546896904706955]
1.5030659429049922  ::  1.98811  ::  [-2.5829176902770996, -0.05126432329416275, 0.05546851456165314]
1.5024598703378593  ::  2.003062  ::  [-2.5703389644622803, -0.051595255732536316, 0.055467475205659866]
1.5024598703378593  ::  2.018997  ::  [-2.5515003204345703, -0.05209077149629593, 0.055465783923864365]
1.5047415804074669  ::  2.034954  ::  [-2.5326497554779053, -0.05258680507540703, 0.055464938282966614]
1.5077572156477332  ::  2.050911  ::  [-2.52008318901062, -0.05291718617081642, 0.05546528846025467]
1.5078083353448026  ::  2.065894  ::  [-2.5075161457061768, -0.053246889263391495, 0.055466167628765106]
1.5078083353448026  ::  2.080832  ::  [-2.4886574745178223, -0.05374216288328171, 0.05546792969107628]
1.5052056063842045  ::  2.095794  ::  [-2.4635205268859863, -0.05440131574869156, 0.055469393730163574]
1.502574276006457  ::  2.111786  ::  [-2.444669008255005, -0.05489715561270714, 0.055468183010816574]
1.5020328767930278  ::  2.127926  ::  [-2.432101011276245, -0.055227525532245636, 0.05546743795275688]
1.5032268792373107  ::  2.142906  ::  [-2.432101011276245, -0.055227525532245636, 0.05546743795275688]
1.5050063569595105  ::  2.158866  ::  [-2.4132511615753174, -0.055723752826452255, 0.05546555295586586]
1.5074139986419401  ::  2.174825  ::  [-2.4006850719451904, -0.056054286658763885, 0.055465225130319595]
1.5074139986419401  ::  2.190801  ::  [-2.381833791732788, -0.056549668312072754, 0.05546589195728302]
1.508042482767287  ::  2.206714  ::  [-2.369265079498291, -0.05687955766916275, 0.055467136204242706]
1.5075999078534112  ::  2.222697  ::  [-2.3566935062408447, -0.05720951035618782, 0.0554681196808815]
1.505571128226506  ::  2.237831  ::  [-2.3378384113311768, -0.05770430341362953, 0.05546927452087402]
1.5047188486841354  ::  2.253761  ::  [-2.331556558609009, -0.05786919966340065, 0.0554690882563591]
1.5038445844703736  ::  2.268721  ::  [-2.3252716064453125, -0.05803407356142998, 0.05546911060810089]
1.502075778918752  ::  2.284679  ::  [-2.3064186573028564, -0.058529600501060486, 0.05546749010682106]
1.5042667755384451  ::  2.299831  ::  [-2.2938501834869385, -0.058860231190919876, 0.0554661825299263]
1.5042667755384451  ::  2.314764  ::  [-2.275002956390381, -0.0593566969037056, 0.05546513944864273]
1.5060482809730549  ::  2.330727  ::  [-2.26243257522583, -0.05968698859214783, 0.055465083569288254]
1.5080166561144879  ::  2.346232  ::  [-2.2435829639434814, -0.06018189340829849, 0.05546671897172928]
1.5060885150561345  ::  2.363188  ::  [-2.2058753967285156, -0.06117178127169609, 0.05546927824616432]
1.504176488975354  ::  2.378201  ::  [-2.1932930946350098, -0.061502400785684586, 0.05546831712126732]
1.5027722447706817  ::  2.395104  ::  [-2.1932930946350098, -0.061502400785684586, 0.05546831712126732]
1.5025062942798744  ::  2.412055  ::  [-2.1618845462799072, -0.06232839450240135, 0.05546637251973152]
1.5025062942798744  ::  2.425498  ::  [-2.1618845462799072, -0.06232839450240135, 0.05546637251973152]
1.507521467399662  ::  2.441456  ::  [-2.143037796020508, -0.06282450258731842, 0.05546484515070915]
1.507521467399662  ::  2.457413  ::  [-2.1241867542266846, -0.06332047283649445, 0.05546555668115616]
1.5082072610810136  ::  2.473371  ::  [-2.1178948879241943, -0.06348571926355362, 0.05546575039625168]
1.5086877222004416  ::  2.489328  ::  [-2.0990495681762695, -0.06398021429777145, 0.055467575788497925]
1.5075993742448826  ::  2.505285  ::  [-2.0864803791046143, -0.06431001424789429, 0.05546842887997627]
1.5032422471629432  ::  2.520795  ::  [-2.067624092102051, -0.06480537354946136, 0.05546922981739044]
1.5032422471629432  ::  2.536266  ::  [-2.0550460815429688, -0.0651354044675827, 0.05546801909804344]
1.5019070519019115  ::  2.551226  ::  [-2.036198854446411, -0.06563132256269455, 0.05546683818101883]
1.5022086474424499  ::  2.567182  ::  [-2.029921531677246, -0.06579641997814178, 0.05546652525663376]
1.503423033732537  ::  2.582545  ::  [-2.0173423290252686, -0.06612757593393326, 0.05546541139483452]
1.5053580049800603  ::  2.598517  ::  [-2.004789352416992, -0.06645792722702026, 0.05546525493264198]
1.5087902817596976  ::  2.61446  ::  [-1.9859390258789062, -0.06695330888032913, 0.055465683341026306]
1.5078338418324844  ::  2.630422  ::  [-1.9733694791793823, -0.06728380918502808, 0.05546696111559868]
1.5064727131969478  ::  2.645352  ::  [-1.941945195198059, -0.06810818612575531, 0.05546894297003746]
1.5047186352407238  ::  2.661308  ::  [-1.9293715953826904, -0.06843851506710052, 0.05546877533197403]
1.5032881374964293  ::  2.678264  ::  [-1.9168078899383545, -0.06876905262470245, 0.05546791851520538]
1.5032881374964293  ::  2.692301  ::  [-1.9168078899383545, -0.06876905262470245, 0.05546791851520538]
1.5042802224733736  ::  2.707261  ::  [-1.8979463577270508, -0.06926576793193817, 0.055466048419475555]
1.5061949165967985  ::  2.723218  ::  [-1.885391116142273, -0.06959611177444458, 0.055465217679739]
1.5079148436071723  ::  2.739176  ::  [-1.8728234767913818, -0.06992730498313904, 0.05546554923057556]
1.5079148436071723  ::  2.754709  ::  [-1.8602526187896729, -0.07025793939828873, 0.0554656907916069]
1.509080671521129  ::  2.770181  ::  [-1.8476896286010742, -0.07058778405189514, 0.055466316640377045]
1.5094053189501162  ::  2.785176  ::  [-1.8351150751113892, -0.07091856002807617, 0.05546727031469345]
1.5065784744073771  ::  2.800137  ::  [-1.8225494623184204, -0.07124818116426468, 0.05546841770410538]
1.5065784744073771  ::  2.815602  ::  [-1.8099799156188965, -0.07157820463180542, 0.05546874925494194]
1.5036500308007341  ::  2.831563  ::  [-1.7973990440368652, -0.07190890610218048, 0.055467456579208374]
1.503139794325393  ::  2.847063  ::  [-1.7848412990570068, -0.07223925739526749, 0.055468518286943436]
1.504128570929458  ::  2.862385  ::  [-1.7659927606582642, -0.0727355107665062, 0.05546620115637779]
1.5057265150301238  ::  2.878347  ::  [-1.7408473491668701, -0.07339738309383392, 0.05546297878026962]
1.5073016206857521  ::  2.89424  ::  [-1.7282915115356445, -0.07372765243053436, 0.05546550080180168]
1.5082390641493364  ::  2.910069  ::  [-1.7282915115356445, -0.07372765243053436, 0.05546550080180168]
1.5082390641493364  ::  2.926048  ::  [-1.715721607208252, -0.07405722886323929, 0.05546627566218376]
1.5059331282525166  ::  2.941491  ::  [-1.696871042251587, -0.07455220073461533, 0.05546792224049568]
1.5059331282525166  ::  2.957448  ::  [-1.6842989921569824, -0.07488191872835159, 0.05546898767352104]
1.5026185655143565  ::  2.972909  ::  [-1.671718716621399, -0.07521180808544159, 0.055467426776885986]
1.5015617004620028  ::  2.98888  ::  [-1.6591615676879883, -0.0755416750907898, 0.055468641221523285]
1.5015617004620028  ::  3.004824  ::  [-1.6465917825698853, -0.07587223500013351, 0.05546719208359718]
1.5014900901974233  ::  3.020297  ::  [-1.6403095722198486, -0.07603731751441956, 0.055467262864112854]
1.5024462099595195  ::  3.036266  ::  [-1.6277413368225098, -0.07636772841215134, 0.05546563118696213]
1.5041010367293666  ::  3.051278  ::  [-1.6151652336120605, -0.07669901847839355, 0.0554644837975502]
1.5059471087959742  ::  3.067214  ::  [-1.6026116609573364, -0.07702887803316116, 0.05546502396464348]
1.5078870959636692  ::  3.082197  ::  [-1.5900378227233887, -0.07735919952392578, 0.055466052144765854]
1.5078870959636692  ::  3.098132  ::  [-1.5774739980697632, -0.07768911868333817, 0.055467166006565094]
1.5073029013462216  ::  3.114089  ::  [-1.5649036169052124, -0.07801851630210876, 0.055468279868364334]
1.5034261286620048  ::  3.130048  ::  [-1.533480167388916, -0.07884321361780167, 0.05546906217932701]
1.5034261286620048  ::  3.145574  ::  [-1.533480167388916, -0.07884321361780167, 0.05546906217932701]
1.5027398013721243  ::  3.160505  ::  [-1.5271960496902466, -0.07900835573673248, 0.05546867847442627]
1.5029269912440648  ::  3.176462  ::  [-1.5083446502685547, -0.07950393855571747, 0.05546683073043823]
1.5029269912440648  ::  3.191452  ::  [-1.4957716464996338, -0.07983503490686417, 0.05546516925096512]
1.5070862562834852  ::  3.207409  ::  [-1.4832127094268799, -0.08016544580459595, 0.05546491593122482]
1.5070862562834852  ::  3.222851  ::  [-1.4643616676330566, -0.08066149801015854, 0.055465567857027054]
1.5080916814736522  ::  3.238837  ::  [-1.4517930746078491, -0.0809914693236351, 0.05546644330024719]
1.5080916814736522  ::  3.25479  ::  [-1.439224123954773, -0.08132106810808182, 0.05546732619404793]
1.5052929047395338  ::  3.269757  ::  [-1.4266533851623535, -0.08165071904659271, 0.05546882003545761]
1.5033617754734185  ::  3.285712  ::  [-1.414082646369934, -0.08198060095310211, 0.055469173938035965]
1.5017688472929245  ::  3.300669  ::  [-1.401503562927246, -0.08231085538864136, 0.055466555058956146]
1.5017688472929245  ::  3.315631  ::  [-1.3826525211334229, -0.082806296646595, 0.05546720698475838]
1.5024787600797826  ::  3.331728  ::  [-1.3700952529907227, -0.083136647939682, 0.05546623840928078]
1.5030721327639276  ::  3.346688  ::  [-1.3638123273849487, -0.08330227434635162, 0.0554659366607666]
1.504536461288955  ::  3.363646  ::  [-1.344962239265442, -0.08379758894443512, 0.05546513944864273]
1.504536461288955  ::  3.378604  ::  [-1.344962239265442, -0.08379758894443512, 0.05546513944864273]
1.5067491224149216  ::  3.395558  ::  [-1.344962239265442, -0.08379758894443512, 0.05546513944864273]
1.5074070617310642  ::  3.410519  ::  [-1.313542127609253, -0.08462231606245041, 0.05546719580888748]
1.5071157114742808  ::  3.426474  ::  [-1.313542127609253, -0.08462231606245041, 0.05546719580888748]
1.5058595969972333  ::  3.441851  ::  [-1.3072479963302612, -0.08478769659996033, 0.05546697974205017]
1.5058595969972333  ::  3.457832  ::  [-1.2946889400482178, -0.08511677384376526, 0.05546819046139717]
1.5021113172467773  ::  3.473788  ::  [-1.2883895635604858, -0.0852818638086319, 0.055468522012233734]
1.5007966125532555  ::  3.489772  ::  [-1.269547939300537, -0.08577591180801392, 0.055468861013650894]
1.5006190276348352  ::  3.505725  ::  [-1.2569801807403564, -0.08610604703426361, 0.05546798184514046]
1.5006190276348352  ::  3.520957  ::  [-1.2506957054138184, -0.08627130091190338, 0.05546765774488449]
1.5012884928952022  ::  3.536459  ::  [-1.2381290197372437, -0.08660159260034561, 0.05546633526682854]
1.5030756545802184  ::  3.552431  ::  [-1.2318456172943115, -0.0867667868733406, 0.055465973913669586]
1.5030756545802184  ::  3.568368  ::  [-1.2192717790603638, -0.08709724992513657, 0.05546467751264572]
1.505108703075355  ::  3.583743  ::  [-1.206714153289795, -0.0874275416135788, 0.05546506494283676]
1.5068280964771998  ::  3.599717  ::  [-1.1878612041473389, -0.08792190253734589, 0.055466312915086746]
1.5058507390956535  ::  3.615676  ::  [-1.1752936840057373, -0.08825161308050156, 0.055467236787080765]
1.5039965561794064  ::  3.631612  ::  [-1.1627216339111328, -0.0885808914899826, 0.05546846613287926]
1.5039965561794064  ::  3.647174  ::  [-1.1501438617706299, -0.08891069889068604, 0.05546879023313522]
1.500832577768104  ::  3.662776  ::  [-1.1375830173492432, -0.08924053609371185, 0.055469006299972534]
1.501170885575431  ::  3.678735  ::  [-1.118730068206787, -0.08973582088947296, 0.0554676428437233]
1.5017488903339433  ::  3.694692  ::  [-1.1061640977859497, -0.09006621688604355, 0.055466003715991974]
1.5032746905615009  ::  3.711511  ::  [-1.0873160362243652, -0.09056197106838226, 0.055464886128902435]
1.5052130769036092  ::  3.725849  ::  [-1.0873160362243652, -0.09056197106838226, 0.055464886128902435]
1.5052130769036092  ::  3.741782  ::  [-1.0747461318969727, -0.09089213609695435, 0.05546475946903229]
1.5069478382310868  ::  3.757739  ::  [-1.0621813535690308, -0.09122170507907867, 0.05546576902270317]
1.5069478382310868  ::  3.772872  ::  [-1.0496093034744263, -0.09155182540416718, 0.0554669015109539]
1.5056872414423963  ::  3.787838  ::  [-1.043326735496521, -0.09171650558710098, 0.05546768382191658]
1.5056872414423963  ::  3.803766  ::  [-1.0307538509368896, -0.09204579889774323, 0.05546844005584717]
1.5038570709099501  ::  3.819744  ::  [-1.0181751251220703, -0.09237583726644516, 0.05546872317790985]
1.5020019274983512  ::  3.835318  ::  [-1.0056180953979492, -0.09270499646663666, 0.0554683692753315]
1.5008341785936905  ::  3.851275  ::  [-0.9930487871170044, -0.09303513914346695, 0.05546727031469345]
1.5010002375678866  ::  3.867261  ::  [-0.9741963744163513, -0.09353046119213104, 0.05546563118696213]
1.5015500677960725  ::  3.883192  ::  [-0.967914342880249, -0.09369595348834991, 0.055466022342443466]
1.5042054105576208  ::  3.898744  ::  [-0.955348014831543, -0.09402638673782349, 0.0554647222161293]
1.5042054105576208  ::  3.914139  ::  [-0.9490669965744019, -0.09419167786836624, 0.055464960634708405]
1.505914878840828  ::  3.929125  ::  [-0.9364981651306152, -0.0945216715335846, 0.05546507239341736]
1.5068755876362727  ::  3.945085  ::  [-0.9239178895950317, -0.09485175460577011, 0.0554659329354763]
1.5065563830142803  ::  3.961041  ::  [-0.9050757884979248, -0.09534548223018646, 0.05546814948320389]
1.5059201082044114  ::  3.979992  ::  [-0.8987785577774048, -0.09551078081130981, 0.05546669289469719]
1.504249273178697  ::  3.992954  ::  [-0.8862206935882568, -0.09583988785743713, 0.055469222366809845]
1.5033250632066297  ::  4.007914  ::  [-0.8862206935882568, -0.09583988785743713, 0.055469222366809845]
1.5033250632066297  ::  4.023871  ::  [-0.8799362182617188, -0.09600479900836945, 0.05546919256448746]
1.502521128596978  ::  4.039299  ::  [-0.8736510276794434, -0.09616978466510773, 0.05546905845403671]
1.501279848437034  ::  4.055229  ::  [-0.8610826730728149, -0.09649984538555145, 0.05546770244836807]
1.5010359893393233  ::  4.071215  ::  [-0.848514974117279, -0.09683055430650711, 0.05546711012721062]
1.502151551329857  ::  4.086974  ::  [-0.8359451293945312, -0.0971611812710762, 0.055465176701545715]
1.5039355113636994  ::  4.103298  ::  [-0.823384165763855, -0.09749135375022888, 0.05546491593122482]
1.505795243808647  ::  4.119153  ::  [-0.8108158111572266, -0.09782183170318604, 0.05546552687883377]
1.506403237366484  ::  4.135119  ::  [-0.8045325875282288, -0.09798704832792282, 0.0554656907916069]
1.5071700328225237  ::  4.151073  ::  [-0.7919631600379944, -0.09831690788269043, 0.05546630918979645]
1.5058422013591908  ::  4.167085  ::  [-0.779396116733551, -0.09864610433578491, 0.05546734482049942]
1.5039128863620739  ::  4.182997  ::  [-0.7668240070343018, -0.09897547215223312, 0.05546855181455612]
1.5021061946048997  ::  4.199169  ::  [-0.7542548775672913, -0.09930533170700073, 0.055468812584877014]
1.5021061946048997  ::  4.214464  ::  [-0.7416859269142151, -0.09963514655828476, 0.05546831712126732]
1.5014469746282877  ::  4.2304  ::  [-0.7354022264480591, -0.09980010986328125, 0.05546833947300911]
1.501612393272249  ::  4.246358  ::  [-0.7039733529090881, -0.10062602907419205, 0.05546358972787857]
1.501612393272249  ::  4.262342  ::  [-0.7039733529090881, -0.10062602907419205, 0.05546358972787857]
1.5033718073137619  ::  4.278272  ::  [-0.6914172172546387, -0.10095639526844025, 0.05546516925096512]
1.506541335253765  ::  4.29423  ::  [-0.6662818193435669, -0.10161619633436203, 0.05546622723340988]
1.5069905269133992  ::  4.313179  ::  [-0.6537119150161743, -0.10194575786590576, 0.055466942489147186]
1.5069905269133992  ::  4.326166  ::  [-0.6537119150161743, -0.10194575786590576, 0.055466942489147186]
1.5056120026398203  ::  4.342128  ::  [-0.6348583102226257, -0.10243996977806091, 0.05546852946281433]
1.5038270821106257  ::  4.358081  ::  [-0.622288703918457, -0.10276976227760315, 0.055469196289777756]
1.5019406692392328  ::  4.37407  ::  [-0.6097158789634705, -0.10309985280036926, 0.055468492209911346]
1.5008784681015899  ::  4.389741  ::  [-0.5971518754959106, -0.1034298986196518, 0.0554676428437233]
1.5017495306641782  ::  4.405698  ::  [-0.5783002376556396, -0.10392524302005768, 0.0554659441113472]
1.5017495306641782  ::  4.421711  ::  [-0.5720185041427612, -0.10409027338027954, 0.055465392768383026]
1.5043944146985597  ::  4.437255  ::  [-0.553158700466156, -0.10458646714687347, 0.05546308681368828]
1.5068459190020653  ::  4.453184  ::  [-0.5406002998352051, -0.10491592437028885, 0.05546598508954048]
1.5068459190020653  ::  4.469141  ::  [-0.528026819229126, -0.10524605959653854, 0.05546652525663376]
1.5067204142760664  ::  4.485127  ::  [-0.5154629945755005, -0.10557512193918228, 0.055468134582042694]
1.505465580459488  ::  4.50076  ::  [-0.5028862357139587, -0.1059049665927887, 0.05546838790178299]
1.5038154494446954  ::  4.516704  ::  [-0.490325003862381, -0.1062341183423996, 0.0554688461124897]
1.5020584900024154  ::  4.532663  ::  [-0.4777536988258362, -0.10656406730413437, 0.055468231439590454]
1.5009110182218532  ::  4.547849  ::  [-0.46518564224243164, -0.10689397901296616, 0.055467791855335236]
1.5006036597092027  ::  4.562785  ::  [-0.4589024484157562, -0.10705914348363876, 0.055467117577791214]
1.5025555997079454  ::  4.578107  ::  [-0.43376991152763367, -0.10772023350000381, 0.05546493083238602]
1.5045159707214448  ::  4.595117  ::  [-0.42120417952537537, -0.10805066674947739, 0.05546493083238602]
1.506194703153387  ::  4.609568  ::  [-0.40863484144210815, -0.10838016122579575, 0.055465564131736755]
1.506194703153387  ::  4.624489  ::  [-0.40863484144210815, -0.10838016122579575, 0.055465564131736755]
1.5070701413059122  ::  4.640447  ::  [-0.39605453610420227, -0.10871053487062454, 0.05546620488166809]
1.5055966347141878  ::  4.656404  ::  [-0.38349810242652893, -0.10903976112604141, 0.055467505007982254]
1.5055966347141878  ::  4.672242  ::  [-0.37092697620391846, -0.10936915874481201, 0.055468954145908356]
1.5037386098165328  ::  4.687205  ::  [-0.35835641622543335, -0.10969855636358261, 0.055468808859586716]
1.501993709927006  ::  4.703177  ::  [-0.3457809388637543, -0.11002887785434723, 0.055467911064624786]
1.5013258454922258  ::  4.718117  ::  [-0.33950352668762207, -0.11019378155469894, 0.055467791855335236]
1.501268002327692  ::  4.733934  ::  [-0.32693302631378174, -0.1105242520570755, 0.05546709522604942]
1.501268002327692  ::  4.749428  ::  [-0.31436997652053833, -0.11085451394319534, 0.05546610802412033]
1.5046600450242498  ::  4.765095  ::  [-0.301803320646286, -0.11118503659963608, 0.055464811623096466]
1.5046600450242498  ::  4.78086  ::  [-0.2892320454120636, -0.11151515692472458, 0.055464714765548706]
1.5068897816231417  ::  4.795949  ::  [-0.2703864276409149, -0.11201024800539017, 0.05546623840928078]
1.5062667403047896  ::  4.81146  ::  [-0.24523614346981049, -0.11266949027776718, 0.055465973913669586]
1.5046556694343127  ::  4.828415  ::  [-0.23267826437950134, -0.1129988431930542, 0.055469051003456116]
1.5046556694343127  ::  4.842611  ::  [-0.23267826437950134, -0.1129988431930542, 0.055469051003456116]
1.5027703237799777  ::  4.858573  ::  [-0.22010795772075653, -0.11332827806472778, 0.05546874552965164]
1.5014334209716533  ::  4.873531  ::  [-0.20753927528858185, -0.11365870386362076, 0.055468279868364334]
1.5010988484240286  ::  4.888773  ::  [-0.188688725233078, -0.11415422707796097, 0.055466510355472565]
1.5016277611978814  ::  4.90442  ::  [-0.18239369988441467, -0.11431948840618134, 0.05546484515070915]
1.503078322622863  ::  4.920388  ::  [-0.16983944177627563, -0.11464999616146088, 0.055465176701545715]
1.505920214926117  ::  4.935242  ::  [-0.16355612874031067, -0.11481525003910065, 0.05546506494283676]
1.505920214926117  ::  4.951097  ::  [-0.1509852260351181, -0.11514559388160706, 0.05546529218554497]
1.5071664042845272  ::  4.967109  ::  [-0.13842175900936127, -0.11547547578811646, 0.05546610429883003]
1.5057912951055332  ::  4.983071  ::  [-0.12584173679351807, -0.1158050000667572, 0.055465035140514374]
1.5057912951055332  ::  4.998675  ::  [-0.10699700564146042, -0.11629968136548996, 0.05546858534216881]
1.5040286794128468  ::  5.014632  ::  [-0.09442438930273056, -0.11662939190864563, 0.05546869710087776]
1.5010682192944693  ::  5.02974  ::  [-0.06300568580627441, -0.1174544170498848, 0.055466748774051666]
1.5010682192944693  ::  5.048  ::  [-0.06300568580627441, -0.1174544170498848, 0.055466748774051666]
1.5016019345450824  ::  5.060966  ::  [-0.050430428236722946, -0.11778510361909866, 0.05546408146619797]
1.5021834611198854  ::  5.076924  ::  [-0.050430428236722946, -0.11778510361909866, 0.05546408146619797]
1.504919165325887  ::  5.092059  ::  [-0.04415624588727951, -0.11795014888048172, 0.055465348064899445]
1.504919165325887  ::  5.107252  ::  [-0.025308316573500633, -0.11844561249017715, 0.05546513944864273]
1.5072808099531247  ::  5.123182  ::  [0.006113414652645588, -0.1192699745297432, 0.05546743795275688]
1.5072808099531247  ::  5.139233  ::  [0.006113414652645588, -0.1192699745297432, 0.05546743795275688]
1.5047120184949654  ::  5.155125  ::  [0.018694277852773666, -0.11959998309612274, 0.055467329919338226]
1.5047120184949654  ::  5.171082  ::  [0.031251147389411926, -0.11992897093296051, 0.05546834319829941]
1.5006917051164723  ::  5.187011  ::  [0.05010552331805229, -0.12042305618524551, 0.05546749383211136]
1.5006917051164723  ::  5.202971  ::  [0.06266941130161285, -0.12075015902519226, 0.055463165044784546]
1.492943282389916  ::  5.218117  ::  [0.08152250945568085, -0.12124728411436081, 0.05546576529741287]
1.489757532750634  ::  5.233045  ::  [0.09405405074357986, -0.12153676152229309, 0.0554274246096611]
1.4905228341027927  ::  5.249004  ::  [0.11292864382266998, -0.12206290662288666, 0.055462319403886795]
1.4916607009298346  ::  5.263969  ::  [0.11292864382266998, -0.12206290662288666, 0.055462319403886795]
1.4919335883315177  ::  5.279077  ::  [0.1254993975162506, -0.12239214032888412, 0.05546573922038078]
1.4919335883315177  ::  5.294497  ::  [0.13806822896003723, -0.122717946767807, 0.05546596646308899]
1.4900581677958202  ::  5.310455  ::  [0.1694774180650711, -0.12355145812034607, 0.05545031279325485]
1.490885474459038  ::  5.326098  ::  [0.1694774180650711, -0.12355145812034607, 0.05545031279325485]
1.490885474459038  ::  5.341058  ::  [0.18834111094474792, -0.1240384578704834, 0.055453214794397354]
1.4907107710266738  ::  5.356517  ::  [0.20090864598751068, -0.1243547797203064, 0.05546549707651138]
1.4936959905807925  ::  5.372475  ::  [0.21347728371620178, -0.12468177080154419, 0.05546559765934944]
1.4936959905807925  ::  5.387728  ::  [0.23232510685920715, -0.12517426908016205, 0.055463965982198715]
1.4955009747906742  ::  5.402781  ::  [0.24489304423332214, -0.1255016028881073, 0.055464547127485275]
1.4966502608402346  ::  5.418131  ::  [0.25746026635169983, -0.12582960724830627, 0.05546490103006363]
1.4951662955213436  ::  5.434086  ::  [0.27631625533103943, -0.12632063031196594, 0.055467523634433746]
1.4925074309435047  ::  5.449516  ::  [0.2888917624950409, -0.12664784491062164, 0.055467285215854645]
1.4925074309435047  ::  5.465474  ::  [0.3077494502067566, -0.1271391659975052, 0.05546766519546509]
1.4909532427422094  ::  5.481431  ::  [0.3265951871871948, -0.12763074040412903, 0.05546635389328003]
1.4909532427422094  ::  5.497388  ::  [0.33915743231773376, -0.12795887887477875, 0.055464573204517365]
1.4957162324712354  ::  5.513347  ::  [0.3768587112426758, -0.12894339859485626, 0.055463675409555435]
1.4957162324712354  ::  5.528924  ::  [0.3768587112426758, -0.12894339859485626, 0.055463675409555435]
1.4965630692066112  ::  5.544881  ::  [0.38942769169807434, -0.1292707473039627, 0.055464889854192734]
1.49582540877625  ::  5.561834  ::  [0.4145660698413849, -0.1299259215593338, 0.05546700954437256]
1.49405959143239  ::  5.57879  ::  [0.4271399974822998, -0.13025300204753876, 0.05546823516488075]
1.49405959143239  ::  5.592272  ::  [0.4271399974822998, -0.13025300204753876, 0.05546823516488075]
1.4906021283301885  ::  5.608212  ::  [0.43970584869384766, -0.13058039546012878, 0.055467184633016586]
1.4906021283301885  ::  5.623678  ::  [0.4585694968700409, -0.13107231259346008, 0.05546344071626663]
1.4908320068844416  ::  5.639635  ::  [0.4711262583732605, -0.13140006363391876, 0.05546507239341736]
1.4956171947282701  ::  5.655593  ::  [0.4899771511554718, -0.13189248740673065, 0.0554642453789711]
1.4966861193333771  ::  5.67155  ::  [0.5088260173797607, -0.13238440454006195, 0.0554644875228405]
1.4967124795947053  ::  5.687507  ::  [0.5213971734046936, -0.13271155953407288, 0.055464841425418854]
1.4948793208544973  ::  5.703464  ::  [0.5339747071266174, -0.13303977251052856, 0.05546572059392929]
1.492102848956887  ::  5.719422  ::  [0.5528213977813721, -0.13353054225444794, 0.055467139929533005]
1.492102848956887  ::  5.735022  ::  [0.5716841816902161, -0.13402153551578522, 0.055466290563344955]
1.4907889980370117  ::  5.751122  ::  [0.5842412710189819, -0.1343495398759842, 0.05546627938747406]
1.4927568395699158  ::  5.76661  ::  [0.6030917167663574, -0.13484162092208862, 0.05546429380774498]
1.4927568395699158  ::  5.782568  ::  [0.6219412088394165, -0.13533352315425873, 0.05546397343277931]
1.4945568078596259  ::  5.798349  ::  [0.6345083713531494, -0.1356615126132965, 0.05546330660581589]
1.496366807989679  ::  5.814304  ::  [0.6533598303794861, -0.13615286350250244, 0.05546516552567482]
1.4964271057534457  ::  5.829825  ::  [0.66593998670578, -0.1364806741476059, 0.055464163422584534]
1.492013522889148  ::  5.846781  ::  [0.7036374807357788, -0.1374625414609909, 0.05546658858656883]
1.4903505852696615  ::  5.861742  ::  [0.7036374807357788, -0.1374625414609909, 0.05546658858656883]
1.4905129089841551  ::  5.877355  ::  [0.722490668296814, -0.13795413076877594, 0.05546585097908974]
1.4926374179811464  ::  5.894311  ::  [0.7539090514183044, -0.13877452909946442, 0.05546347051858902]
1.4926374179811464  ::  5.90853  ::  [0.7539090514183044, -0.13877452909946442, 0.05546347051858902]
1.4965623221546707  ::  5.923984  ::  [0.7727586030960083, -0.13926634192466736, 0.05546334385871887]
1.4965623221546707  ::  5.939969  ::  [0.785337507724762, -0.139593705534935, 0.0554644800722599]
1.4961923180007264  ::  5.954927  ::  [0.7916126251220703, -0.1397574245929718, 0.055465370416641235]
1.4961923180007264  ::  5.969886  ::  [0.8041811585426331, -0.14008474349975586, 0.05546694993972778]
1.4945527524348061  ::  5.985915  ::  [0.8167508840560913, -0.14041103422641754, 0.055466245859861374]
1.4937246987196477  ::  6.001874  ::  [0.823034942150116, -0.14057539403438568, 0.055466555058956146]
1.4917764939806075  ::  6.017829  ::  [0.835608720779419, -0.14090318977832794, 0.055466510355472565]
1.4903711825588772  ::  6.033788  ::  [0.8544710278511047, -0.14139454066753387, 0.055464938282966614]
1.4909687173895476  ::  6.049744  ::  [0.8670239448547363, -0.1417231410741806, 0.055464379489421844]
1.4909687173895476  ::  6.065256  ::  [0.8733059167861938, -0.14188696444034576, 0.05546341836452484]
1.4944339711762713  ::  6.081209  ::  [0.8858737945556641, -0.14221499860286713, 0.05546334385871887]
1.4962763079831765  ::  6.096807  ::  [0.8984427452087402, -0.1425427347421646, 0.05546293407678604]
1.4960092902753113  ::  6.113765  ::  [0.9361481666564941, -0.14352431893348694, 0.055465709418058395]
1.4960092902753113  ::  6.128721  ::  [0.9361481666564941, -0.14352431893348694, 0.055465709418058395]
1.4925788277646723  ::  6.144695  ::  [0.9487169981002808, -0.14385192096233368, 0.055466778576374054]
1.491117060560584  ::  6.161636  ::  [0.9738544821739197, -0.14450687170028687, 0.05546648055315018]
1.4905535699540577  ::  6.177592  ::  [0.980139970779419, -0.14467063546180725, 0.055466122925281525]
1.490224333491722  ::  6.192551  ::  [0.980139970779419, -0.14467063546180725, 0.055466122925281525]
1.4909543099592673  ::  6.208508  ::  [0.9927070140838623, -0.14499926567077637, 0.05546499043703079]
1.492505723396212  ::  6.224466  ::  [1.0052852630615234, -0.14532651007175446, 0.05546233803033829]
1.4943370678674217  ::  6.240422  ::  [1.0178395509719849, -0.1456555873155594, 0.05546350032091141]
1.4963050161220317  ::  6.255382  ::  [1.0304118394851685, -0.1459835171699524, 0.05546286329627037]
1.4963050161220317  ::  6.270342  ::  [1.0492560863494873, -0.14647378027439117, 0.055463626980781555]
1.4950961793606452  ::  6.285305  ::  [1.061828851699829, -0.14680182933807373, 0.05546601861715317]
1.4925838436848442  ::  6.300905  ::  [1.0744038820266724, -0.14712843298912048, 0.055465903133153915]
1.4925838436848442  ::  6.316875  ::  [1.093252182006836, -0.14761950075626373, 0.0554669015109539]
1.4902977580252996  ::  6.332791  ::  [1.1058218479156494, -0.14794723689556122, 0.05546635389328003]
1.4902977580252996  ::  6.348777  ::  [1.1183911561965942, -0.148275226354599, 0.05546548590064049]
1.4912082008973213  ::  6.364905  ::  [1.1372437477111816, -0.1487673819065094, 0.05546382814645767]
1.4952771793736506  ::  6.380858  ::  [1.149806022644043, -0.14909543097019196, 0.05546316131949425]
1.4952771793736506  ::  6.396796  ::  [1.1686558723449707, -0.1495870053768158, 0.05546336621046066]
1.4957825066505257  ::  6.413752  ::  [1.2000792026519775, -0.1504049450159073, 0.055466294288635254]
1.4952809146333528  ::  6.42885  ::  [1.2000792026519775, -0.1504049450159073, 0.055466294288635254]
1.4924336862448095  ::  6.444814  ::  [1.2063761949539185, -0.15056902170181274, 0.05546563118696213]
1.4915952805241905  ::  6.461763  ::  [1.231506109237671, -0.15122346580028534, 0.055466365069150925]
1.4903109915168167  ::  6.477719  ::  [1.24407160282135, -0.15155163407325745, 0.05546597018837929]
1.4903109915168167  ::  6.492706  ::  [1.24407160282135, -0.15155163407325745, 0.05546597018837929]
1.4903367114479098  ::  6.508635  ::  [1.2629207372665405, -0.15204326808452606, 0.05546415597200394]
1.4917764939806075  ::  6.523905  ::  [1.2754886150360107, -0.15237106382846832, 0.05546291545033455]
1.4945768715403127  ::  6.539887  ::  [1.2943391799926758, -0.152863547205925, 0.05546311289072037]
1.4958447254049962  ::  6.55482  ::  [1.3069112300872803, -0.15319117903709412, 0.05546373128890991]
1.4961311664633137  ::  6.570056  ::  [1.3131914138793945, -0.15335480868816376, 0.05546465143561363]
1.494021918670249  ::  6.586003  ::  [1.3257696628570557, -0.1536821871995926, 0.05546450987458229]
1.494021918670249  ::  6.601498  ::  [1.3446160554885864, -0.15417271852493286, 0.05546720325946808]
1.4923022051032868  ::  6.616791  ::  [1.3571841716766357, -0.1544998288154602, 0.05546659976243973]
1.4902907143927182  ::  6.632268  ::  [1.3760361671447754, -0.15499091148376465, 0.05546535551548004]
1.4902907143927182  ::  6.648196  ::  [1.3886055946350098, -0.15531864762306213, 0.05546475946903229]
1.490544178443949  ::  6.664159  ::  [1.3948960304260254, -0.1554834097623825, 0.05546306446194649]
1.4946833798026826  ::  6.680118  ::  [1.4263064861297607, -0.15630392730236053, 0.055462487041950226]
1.4965091747451915  ::  6.695679  ::  [1.4263064861297607, -0.15630392730236053, 0.055462487041950226]
1.4964879371257411  ::  6.711267  ::  [1.4451653957366943, -0.15679499506950378, 0.05546322464942932]
1.4953110101543832  ::  6.728238  ::  [1.4702966213226318, -0.15744881331920624, 0.055466365069150925]
1.4924081797571278  ::  6.744193  ::  [1.4891505241394043, -0.1579403281211853, 0.055466555058956146]
1.4924081797571278  ::  6.758178  ::  [1.4891505241394043, -0.1579403281211853, 0.055466555058956146]
1.4903589095627126  ::  6.773114  ::  [1.5080039501190186, -0.15843115746974945, 0.05546579509973526]
1.4919523713517353  ::  6.789097  ::  [1.5268542766571045, -0.1589244306087494, 0.05546392872929573]
1.4919523713517353  ::  6.805056  ::  [1.5394207239151, -0.15925191342830658, 0.0554625578224659]
1.4947856191968212  ::  6.820293  ::  [1.5582716464996338, -0.15974387526512146, 0.05546244978904724]
1.49634098133688  ::  6.835944  ::  [1.5771219730377197, -0.16023528575897217, 0.05546392872929573]
1.4942045195088411  ::  6.851882  ::  [1.5896944999694824, -0.16056254506111145, 0.05546536669135094]
1.4917969845481174  ::  6.867761  ::  [1.6085484027862549, -0.16105319559574127, 0.05546634644269943]
1.4917969845481174  ::  6.88272  ::  [1.6274082660675049, -0.1615445762872696, 0.0554661862552166]
1.4907843022819574  ::  6.898706  ::  [1.6399688720703125, -0.16187211871147156, 0.05546536296606064]
1.490907032243606  ::  6.914224  ::  [1.6525354385375977, -0.16220006346702576, 0.055463388562202454]
1.4926406196323199  ::  6.929389  ::  [1.671386480331421, -0.16269277036190033, 0.055462516844272614]
1.4968809931681342  ::  6.94512  ::  [1.702805519104004, -0.16351252794265747, 0.055464066565036774]
1.4976378635055363  ::  6.961077  ::  [1.715383768081665, -0.1638401448726654, 0.05546509474515915]
1.49614087813854  ::  6.977034  ::  [1.715383768081665, -0.1638401448726654, 0.05546509474515915]
1.493767494123666  ::  6.992418  ::  [1.7342274188995361, -0.16433104872703552, 0.05546657368540764]
1.493767494123666  ::  7.008154  ::  [1.7530900239944458, -0.16482257843017578, 0.05546598881483078]
1.4922782994411918  ::  7.023508  ::  [1.7656505107879639, -0.16515067219734192, 0.05546592175960541]
1.4917622999937385  ::  7.039494  ::  [1.7845017910003662, -0.1656428724527359, 0.05546363443136215]
1.4932860725088861  ::  7.055421  ::  [1.8033525943756104, -0.1661357432603836, 0.0554627850651741]
1.4950521032961575  ::  7.070571  ::  [1.8159220218658447, -0.16646432876586914, 0.055461585521698]
1.4975758581944771  ::  7.086544  ::  [1.8347712755203247, -0.1669560670852661, 0.05546450614929199]
1.4975758581944771  ::  7.102125  ::  [1.8473398685455322, -0.16728352010250092, 0.05546531826257706]
1.4972767172531718  ::  7.118101  ::  [1.853623867034912, -0.16744646430015564, 0.05546512082219124]
1.494972702347056  ::  7.134059  ::  [1.8724790811538696, -0.16793765127658844, 0.05546604096889496]
1.491989617227053  ::  7.149048  ::  [1.8913319110870361, -0.16842955350875854, 0.05546535179018974]
1.4910661543069261  ::  7.164591  ::  [1.9039037227630615, -0.16875721514225006, 0.05546487122774124]
1.491648321211964  ::  7.180575  ::  [1.9227495193481445, -0.16924965381622314, 0.0554635152220726]
1.4939348337583314  ::  7.196504  ::  [1.9290422201156616, -0.16941390931606293, 0.05546248331665993]
1.4955741858808402  ::  7.21346  ::  [1.9541659355163574, -0.1700701117515564, 0.05546262487769127]
1.4955741858808402  ::  7.228486  ::  [1.9541659355163574, -0.1700701117515564, 0.05546262487769127]
1.4972665786911226  ::  7.244633  ::  [1.9730188846588135, -0.17056120932102203, 0.055464018136262894]
1.4972665786911226  ::  7.258625  ::  [1.9730188846588135, -0.17056120932102203, 0.055464018136262894]
1.496632971923898  ::  7.274577  ::  [1.9918746948242188, -0.17105257511138916, 0.05546549707651138]
1.4960027802512585  ::  7.290538  ::  [1.9981648921966553, -0.17121700942516327, 0.055465780198574066]
1.4941668467467004  ::  7.306495  ::  [2.010728359222412, -0.17154382169246674, 0.0554664321243763]
1.4924542835340253  ::  7.321636  ::  [2.023299217224121, -0.17187149822711945, 0.05546592175960541]
1.4911821608011104  ::  7.336519  ::  [2.0421500205993652, -0.1723644882440567, 0.05546408146619797]
1.4942679122020754  ::  7.352502  ::  [2.061004400253296, -0.17285685241222382, 0.05546242743730545]
1.4942679122020754  ::  7.368206  ::  [2.07356595993042, -0.17318518459796906, 0.05546247214078903]
1.4977583523113633  ::  7.383447  ::  [2.0924153327941895, -0.17367731034755707, 0.05546277016401291]
1.4977583523113633  ::  7.399104  ::  [2.1049838066101074, -0.1740044802427292, 0.05546420440077782]
1.4970156759608304  ::  7.414569  ::  [2.1112682819366455, -0.17416799068450928, 0.05546440929174423]
1.4970156759608304  ::  7.430534  ::  [2.123838424682617, -0.17449592053890228, 0.05546555668115616]
1.494848264838115  ::  7.446489  ::  [2.1426925659179688, -0.17498710751533508, 0.0554661825299263]
1.4920513023729947  ::  7.462447  ::  [2.1552677154541016, -0.17531487345695496, 0.055465664714574814]
1.4932509610676838  ::  7.478806  ::  [2.192971706390381, -0.17630118131637573, 0.05546233803033829]
1.495926901118448  ::  7.495362  ::  [2.211822271347046, -0.17679312825202942, 0.05546192079782486]
1.4979641117601101  ::  7.51032  ::  [2.211822271347046, -0.17679312825202942, 0.05546192079782486]
1.4983544997598586  ::  7.526344  ::  [2.2306771278381348, -0.17728523910045624, 0.05546306073665619]
1.4964929530459128  ::  7.542344  ::  [2.2432358264923096, -0.1776128113269806, 0.055464453995227814]
1.4948995979785957  ::  7.557627  ::  [2.2620880603790283, -0.17810456454753876, 0.055465374141931534]
1.4948995979785957  ::  7.572747  ::  [2.274660587310791, -0.1784316748380661, 0.055466536432504654]
1.4927362422807  ::  7.588708  ::  [2.293513536453247, -0.17892423272132874, 0.055465277284383774]
1.4922784061628975  ::  7.604655  ::  [2.306081533432007, -0.17925237119197845, 0.05546487867832184]
1.4927532110319193  ::  7.620618  ::  [2.3186469078063965, -0.17958085238933563, 0.055463142693042755]
1.4961753492495071  ::  7.63657  ::  [2.331214427947998, -0.17990949749946594, 0.055462781339883804]
1.4970311506081686  ::  7.652517  ::  [2.3437812328338623, -0.18023782968521118, 0.0554627850651741]
1.4988190593451252  ::  7.667784  ::  [2.350064516067505, -0.1804022490978241, 0.05546325445175171]
1.4984207739391489  ::  7.683739  ::  [2.36891770362854, -0.18089435994625092, 0.05546428635716438]
1.4968205886826618  ::  7.698808  ::  [2.381486654281616, -0.1812211275100708, 0.05546533316373825]
1.4938955601706039  ::  7.714486  ::  [2.394054651260376, -0.18154899775981903, 0.05546551197767258]
1.4938955601706039  ::  7.729446  ::  [2.412909984588623, -0.18204157054424286, 0.055465660989284515]
1.492524826581547  ::  7.74503  ::  [2.4254889488220215, -0.18236935138702393, 0.055465418845415115]
1.4932090194373118  ::  7.760964  ::  [2.444331645965576, -0.1828615516424179, 0.05546445772051811]
1.4960115314311326  ::  7.776921  ::  [2.4757473468780518, -0.1836826354265213, 0.055462565273046494]
1.4981526890142258  ::  7.792908  ::  [2.4757473468780518, -0.1836826354265213, 0.055462565273046494]
1.4984567391539974  ::  7.808406  ::  [2.494598388671875, -0.1841748207807541, 0.05546420067548752]
1.497814701372016  ::  7.824366  ::  [2.5008816719055176, -0.18433856964111328, 0.055463965982198715]
1.497814701372016  ::  7.840326  ::  [2.513453960418701, -0.184666246175766, 0.05546485260128975]
1.496535855171637  ::  7.855283  ::  [2.5260350704193115, -0.1849938929080963, 0.05546531826257706]
1.491900824767843  ::  7.871243  ::  [2.5448880195617676, -0.1854858249425888, 0.0554635152220726]
1.4914667875904297  ::  7.886202  ::  [2.5574450492858887, -0.1858135163784027, 0.05546502396464348]
1.4914667875904297  ::  7.902155  ::  [2.5762946605682373, -0.18630534410476685, 0.055462948977947235]
1.4927310129171167  ::  7.918117  ::  [2.5888619422912598, -0.18663400411605835, 0.05546221882104874]
1.4945447483068723  ::  7.933564  ::  [2.6014299392700195, -0.18696251511573792, 0.05546159669756889]
1.496231591588454  ::  7.949521  ::  [2.61399507522583, -0.18729040026664734, 0.055463097989559174]
1.4979325221351987  ::  7.96493  ::  [2.6328482627868652, -0.18778164684772491, 0.055463943630456924]
1.49548742113404  ::  7.980888  ::  [2.6642823219299316, -0.18860194087028503, 0.055465735495090485]
1.49548742113404  ::  7.996843  ::  [2.6642823219299316, -0.18860194087028503, 0.055465735495090485]
1.4919879096797606  ::  8.012825  ::  [2.683137893676758, -0.18909351527690887, 0.05546437203884125]
1.4919879096797606  ::  8.028783  ::  [2.6956937313079834, -0.1894207000732422, 0.055464453995227814]
1.494884336774669  ::  8.044718  ::  [2.7333948612213135, -0.19040659070014954, 0.055461667478084564]
1.4968094896252606  ::  8.059675  ::  [2.7333948612213135, -0.19040659070014954, 0.055461667478084564]
1.4968094896252606  ::  8.074664  ::  [2.745968818664551, -0.19073474407196045, 0.055462490767240524]
1.4977550439384841  ::  8.090622  ::  [2.76481556892395, -0.19122646749019623, 0.05546407029032707]
1.497235629396446  ::  8.105581  ::  [2.777383327484131, -0.1915534883737564, 0.05546432361006737]
1.4930858625888401  ::  8.121538  ::  [2.79624080657959, -0.19204524159431458, 0.05546648055315018]
1.4910846171620262  ::  8.137511  ::  [2.808811902999878, -0.19237196445465088, 0.055466264486312866]
1.4911530257754322  ::  8.153425  ::  [2.827662944793701, -0.19286419451236725, 0.05546492710709572]
1.4911530257754322  ::  8.169031  ::  [2.8339462280273438, -0.19302882254123688, 0.055463917553424835]
1.4943942707017206  ::  8.184988  ::  [2.8465120792388916, -0.1933571845293045, 0.05546257644891739]
1.4943942707017206  ::  8.200541  ::  [2.8653624057769775, -0.1938496232032776, 0.055462129414081573]
1.4968162130927247  ::  8.216079  ::  [2.884215831756592, -0.19434192776679993, 0.055462826043367386]
1.4966840916209674  ::  8.232037  ::  [2.903066635131836, -0.1948329657316208, 0.055463988333940506]
1.4942370696291045  ::  8.247995  ::  [2.9344918727874756, -0.19565190374851227, 0.05546628683805466]
1.4923586608856452  ::  8.26398  ::  [2.9344918727874756, -0.19565190374851227, 0.05546628683805466]
1.4913513147047741  ::  8.279109  ::  [2.9470605850219727, -0.19597995281219482, 0.055465217679739]
1.4928337859197842  ::  8.294939  ::  [2.9847638607025146, -0.19696466624736786, 0.055462755262851715]
1.4946470944227168  ::  8.309899  ::  [2.9847638607025146, -0.19696466624736786, 0.055462755262851715]
1.4955125007348986  ::  8.325098  ::  [2.9973292350769043, -0.19729289412498474, 0.05546282231807709]
1.497009059215072  ::  8.339994  ::  [3.0036239624023438, -0.19745735824108124, 0.05546247214078903]
1.497009059215072  ::  8.35494  ::  [3.0161819458007812, -0.1977846473455429, 0.05546369403600693]
1.496516751986302  ::  8.370898  ::  [3.0350329875946045, -0.198276087641716, 0.055464647710323334]
1.496516751986302  ::  8.386855  ::  [3.0476043224334717, -0.19860301911830902, 0.05546478182077408]
1.4947087795686584  ::  8.402812  ::  [3.0601806640625, -0.19893169403076172, 0.055466316640377045]
1.4925431827149414  ::  8.418419  ::  [3.079036235809326, -0.19942238926887512, 0.05546431615948677]
1.4914303954887582  ::  8.434373  ::  [3.0978875160217285, -0.19991496205329895, 0.05546283349394798]
1.4920515158164063  ::  8.450331  ::  [3.1104445457458496, -0.20024290680885315, 0.05546306446194649]
1.495356046714223  ::  8.46529  ::  [3.129295587539673, -0.20073601603507996, 0.055462129414081573]
1.4982396672044378  ::  8.480854  ::  [3.1418707370758057, -0.20106416940689087, 0.05546407029032707]
1.4982396672044378  ::  8.4962  ::  [3.1607143878936768, -0.20155593752861023, 0.055463872849941254]
1.4963563492625125  ::  8.511765  ::  [3.185854196548462, -0.20221157371997833, 0.055466428399086]
1.494599176376821  ::  8.52772  ::  [3.185854196548462, -0.20221157371997833, 0.055466428399086]
1.4927070005333158  ::  8.545672  ::  [3.217275381088257, -0.20303037762641907, 0.055464424192905426]
1.4927070005333158  ::  8.559692  ::  [3.217275381088257, -0.20303037762641907, 0.055464424192905426]
1.4922547139442142  ::  8.575651  ::  [3.2298474311828613, -0.20335909724235535, 0.05546434968709946]
1.4945993898202325  ::  8.59164  ::  [3.2487006187438965, -0.20385193824768066, 0.05546436458826065]
1.4945993898202325  ::  8.60762  ::  [3.2549798488616943, -0.204016774892807, 0.05546405538916588]
1.4954749346944636  ::  8.623388  ::  [3.2612738609313965, -0.20418108999729156, 0.05546235665678978]
1.4973675374247917  ::  8.639424  ::  [3.273829221725464, -0.20450922846794128, 0.05546353757381439]
1.4985520416372602  ::  8.654391  ::  [3.286411762237549, -0.20483723282814026, 0.05546377971768379]
1.4982833163821023  ::  8.669337  ::  [3.305262804031372, -0.20532925426959991, 0.05546537786722183]
1.4967984972895652  ::  8.685291  ::  [3.3178231716156006, -0.20565536618232727, 0.055467359721660614]
1.494971314964881  ::  8.701248  ::  [3.3304011821746826, -0.2059837430715561, 0.05546767637133598]
1.492395373152434  ::  8.716471  ::  [3.349256992340088, -0.2064768671989441, 0.05546393245458603]
1.4938292859913136  ::  8.732403  ::  [3.368096351623535, -0.20696920156478882, 0.05546528100967407]
1.4938292859913136  ::  8.747363  ::  [3.380662679672241, -0.2072981745004654, 0.05546371638774872]
1.4980288918355193  ::  8.763359  ::  [3.3932385444641113, -0.20762686431407928, 0.05546291172504425]
1.4980288918355193  ::  8.778824  ::  [3.412086009979248, -0.20811809599399567, 0.05546357482671738]
1.4967170686280538  ::  8.794783  ::  [3.449798583984375, -0.20910166203975677, 0.05546620115637779]
1.4954871009689226  ::  8.809742  ::  [3.45607328414917, -0.20926590263843536, 0.05546670779585838]
1.4954871009689226  ::  8.824734  ::  [3.45607328414917, -0.20926590263843536, 0.05546670779585838]
1.493641135624021  ::  8.840665  ::  [3.4686431884765625, -0.20959322154521942, 0.05546621233224869]
