1.4613631557104216  ::  0.01547  ::  [-4.524883270263672, -4.0559803892392665e-05, 0.05546603351831436]
1.4613290047645715  ::  0.03043  ::  [-4.524883270263672, -4.0559803892392665e-05, 0.05546603351831436]
1.4613290047645715  ::  0.046346  ::  [-4.524881839752197, -4.053302836837247e-05, 0.05546628311276436]
1.5524864169748542  ::  0.061308  ::  [-4.529085636138916, 0.00021926042973063886, 0.06013300269842148]
1.5524864169748542  ::  0.077263  ::  [-4.511034965515137, -0.0004292377270758152, 0.0555528961122036]
1.2977698798048611  ::  0.092843  ::  [-4.489376544952393, -0.001060201320797205, 0.059188395738601685]
1.303427624315159  ::  0.108803  ::  [-4.472218990325928, -0.001672431593760848, 0.05635230615735054]
1.303427624315159  ::  0.12476  ::  [-4.467209339141846, -0.001788415014743805, 0.05655334144830704]
1.2977028585736305  ::  0.140718  ::  [-4.453914642333984, -0.0020858864299952984, 0.05644876882433891]
1.2819844588593154  ::  0.156675  ::  [-4.4362688064575195, -0.00248157000169158, 0.055525753647089005]
1.327200738051623  ::  0.172632  ::  [-4.419938564300537, -0.0027688746340572834, 0.05549363046884537]
1.325243568689297  ::  0.188108  ::  [-4.394378185272217, -0.0033674906007945538, 0.05561714619398117]
1.3158021128222237  ::  0.204065  ::  [-4.394378185272217, -0.0033674906007945538, 0.05561714619398117]
1.3174230020896325  ::  0.219564  ::  [-4.387117385864258, -0.0035569188185036182, 0.05546920374035835]
1.3174230020896325  ::  0.235522  ::  [-4.374392509460449, -0.003853794652968645, 0.05552152171730995]
1.3327893268965745  ::  0.250989  ::  [-4.355499744415283, -0.004309489391744137, 0.055466197431087494]
1.3327893268965745  ::  0.26643  ::  [-4.34291934967041, -0.004601220600306988, 0.05546565726399422]
1.332130747250197  ::  0.282345  ::  [-4.324075698852539, -0.005037845112383366, 0.055468641221523285]
1.3301309959272642  ::  0.298301  ::  [-4.311504364013672, -0.0053292675875127316, 0.05546895042061806]
1.327384832994096  ::  0.314287  ::  [-4.292649269104004, -0.005766452755779028, 0.05546880513429642]
1.327137665523506  ::  0.330239  ::  [-4.273785591125488, -0.00620484072715044, 0.05546680465340614]
1.327137665523506  ::  0.34574  ::  [-4.261229515075684, -0.006496823392808437, 0.0554659441113472]
1.3314598946076548  ::  0.361698  ::  [-4.248659610748291, -0.0067888409830629826, 0.055465344339609146]
1.3314598946076548  ::  0.377657  ::  [-4.2298102378845215, -0.007226777262985706, 0.05546537786722183]
1.3326211334882627  ::  0.393612  ::  [-4.217240810394287, -0.0075183226726949215, 0.05546646565198898]
1.3299226751575788  ::  0.408981  ::  [-4.198385238647461, -0.00795581005513668, 0.055468276143074036]
1.3283825742214468  ::  0.424938  ::  [-4.179526329040527, -0.008392495103180408, 0.05546920374035835]
1.3268747032404606  ::  0.440806  ::  [-4.166958332061768, -0.008684463798999786, 0.05546926334500313]
1.3268747032404606  ::  0.45676  ::  [-4.154388427734375, -0.008976226672530174, 0.05546834319829941]
1.3268066147921722  ::  0.472717  ::  [-4.135536193847656, -0.009414087049663067, 0.05546650290489197]
1.3301673880289357  ::  0.489164  ::  [-4.104118347167969, -0.010144484229385853, 0.055465660989284515]
1.3321890173015538  ::  0.505115  ::  [-4.085266590118408, -0.010581741109490395, 0.05546657741069794]
1.3314598946076548  ::  0.520084  ::  [-4.066410064697266, -0.011018456891179085, 0.05546843633055687]
1.3314598946076548  ::  0.536038  ::  [-4.066410064697266, -0.011018456891179085, 0.05546843633055687]
1.3269820652764768  ::  0.551509  ::  [-4.028697490692139, -0.01189251709729433, 0.05546910688281059]
1.3263966967202656  ::  0.566809  ::  [-4.028697490692139, -0.01189251709729433, 0.05546910688281059]
1.3265452533347133  ::  0.58274  ::  [-4.0161285400390625, -0.01218457892537117, 0.05546780675649643]
1.3265452533347133  ::  0.597691  ::  [-4.003561019897461, -0.012476728297770023, 0.055466391146183014]
1.331109740690986  ::  0.613707  ::  [-3.984708786010742, -0.012915034778416157, 0.055465638637542725]
1.331109740690986  ::  0.628651  ::  [-3.9658610820770264, -0.013352528214454651, 0.05546525493264198]
1.3318721605570887  ::  0.64409  ::  [-3.9595675468444824, -0.013498391024768353, 0.055465467274188995]
1.332513664730541  ::  0.660075  ::  [-3.953289031982422, -0.013644439168274403, 0.05546672269701958]
1.3325534719267973  ::  0.676009  ::  [-3.9407083988189697, -0.013935605995357037, 0.05546585097908974]
1.3290517193166964  ::  0.690969  ::  [-3.921865701675415, -0.014372716657817364, 0.05546872690320015]
1.3290517193166964  ::  0.706397  ::  [-3.909292459487915, -0.014663795940577984, 0.05546925216913223]
1.3258435581192003  ::  0.722354  ::  [-3.8967196941375732, -0.014955545775592327, 0.05546865612268448]
1.3277991266559397  ::  0.738868  ::  [-3.859017848968506, -0.015831630676984787, 0.05546548217535019]
1.3311051516576373  ::  0.755822  ::  [-3.840167284011841, -0.016270101070404053, 0.05546526610851288]
1.3311051516576373  ::  0.769298  ::  [-3.840167284011841, -0.016270101070404053, 0.05546526610851288]
1.333036174202047  ::  0.785254  ::  [-3.8276021480560303, -0.016561785712838173, 0.055466122925281525]
1.333036174202047  ::  0.800594  ::  [-3.8213157653808594, -0.016707399860024452, 0.05546717345714569]
1.3330974324611655  ::  0.815684  ::  [-3.8087453842163086, -0.016998527571558952, 0.055467937141656876]
1.3310889299583586  ::  0.831669  ::  [-3.789888620376587, -0.017435787245631218, 0.055468786507844925]
1.3290995306408866  ::  0.846631  ::  [-3.7773189544677734, -0.017727185040712357, 0.055469051003456116]
1.326500536939991  ::  0.862599  ::  [-3.7584657669067383, -0.01816481724381447, 0.05546816438436508]
1.3271379856886236  ::  0.878517  ::  [-3.7458982467651367, -0.018456967547535896, 0.05546685308218002]
1.3299315330591588  ::  0.894499  ::  [-3.7333297729492188, -0.018749555572867393, 0.0554656907916069]
1.3309819948091655  ::  0.909974  ::  [-3.714478015899658, -0.019186947494745255, 0.05546534061431885]
1.3309819948091655  ::  0.925474  ::  [-3.7081944942474365, -0.01933329738676548, 0.0554657019674778]
1.3325598752291443  ::  0.941433  ::  [-3.695624351501465, -0.019625190645456314, 0.05546588450670242]
1.3330344666547544  ::  0.956394  ::  [-3.6767659187316895, -0.020062336698174477, 0.05546785518527031]
1.331104297883991  ::  0.972349  ::  [-3.6579129695892334, -0.020499328151345253, 0.05546871945261955]
1.3292635619026727  ::  0.988304  ::  [-3.64534330368042, -0.020790815353393555, 0.05546955019235611]
1.3276551590748404  ::  1.006911  ::  [-3.607638359069824, -0.021667107939720154, 0.055466003715991974]
1.3280911172429577  ::  1.019414  ::  [-3.607638359069824, -0.021667107939720154, 0.055466003715991974]
1.3288952652960209  ::  1.034373  ::  [-3.601346731185913, -0.02181330695748329, 0.055465660989284515]
1.3288952652960209  ::  1.050307  ::  [-3.5950684547424316, -0.02195916511118412, 0.0554657056927681]
1.3306473155398348  ::  1.06627  ::  [-3.5825002193450928, -0.022251876071095467, 0.055465277284383774]
1.333049727858681  ::  1.082227  ::  [-3.5636496543884277, -0.02268940396606922, 0.055466122925281525]
1.3336984891081265  ::  1.098184  ::  [-3.5447921752929688, -0.023126933723688126, 0.05546816065907478]
1.3325011782909644  ::  1.113581  ::  [-3.5322225093841553, -0.02341851219534874, 0.055469125509262085]
1.3299003703210706  ::  1.129062  ::  [-3.5133674144744873, -0.023855920881032944, 0.05546896532177925]
1.3281008289181837  ::  1.144861  ::  [-3.500795841217041, -0.024147871881723404, 0.05546855926513672]
1.3275663666156303  ::  1.1601  ::  [-3.481945037841797, -0.02458621934056282, 0.055466704070568085]
1.330401108564597  ::  1.176085  ::  [-3.469376802444458, -0.024878768250346184, 0.05546615272760391]
1.332585381716826  ::  1.191043  ::  [-3.456810712814331, -0.02517124079167843, 0.055465217679739]
1.332585381716826  ::  1.207  ::  [-3.4379587173461914, -0.025609377771615982, 0.05546540021896362]
1.3326790833745021  ::  1.221957  ::  [-3.425386667251587, -0.025901252403855324, 0.055466428399086]
1.3297792411850087  ::  1.237891  ::  [-3.38767671585083, -0.026774754747748375, 0.05546923726797104]
1.3281858861176916  ::  1.253364  ::  [-3.3751070499420166, -0.027066651731729507, 0.05546920746564865]
1.3281858861176916  ::  1.269349  ::  [-3.3751070499420166, -0.027066651731729507, 0.05546920746564865]
1.3271209102156984  ::  1.285307  ::  [-3.356248378753662, -0.02750522270798683, 0.05546722561120987]
1.330551479448043  ::  1.301234  ::  [-3.337402105331421, -0.02794332429766655, 0.055465903133153915]
1.3327219855002264  ::  1.317222  ::  [-3.3185527324676514, -0.028381776064634323, 0.05546531826257706]
1.3327219855002264  ::  1.333179  ::  [-3.299699544906616, -0.02881949581205845, 0.05546622723340988]
1.3331521806962312  ::  1.349147  ::  [-3.287128448486328, -0.029111051931977272, 0.055467408150434494]
1.3311895685269104  ::  1.364659  ::  [-3.2745583057403564, -0.029402464628219604, 0.05546823889017105]
1.3311895685269104  ::  1.379633  ::  [-3.2619879245758057, -0.029693603515625, 0.05546893924474716]
1.3292464864297475  ::  1.395577  ::  [-3.2494144439697266, -0.029985472559928894, 0.0554693378508091]
1.3276725547128827  ::  1.410569  ::  [-3.2368357181549072, -0.030277486890554428, 0.05546808987855911]
1.3269926307253492  ::  1.426504  ::  [-3.2179946899414062, -0.030715275555849075, 0.05546688660979271]
1.3309391994051472  ::  1.442109  ::  [-3.205427646636963, -0.0310080386698246, 0.05546526238322258]
1.3309391994051472  ::  1.457509  ::  [-3.1865768432617188, -0.03144635632634163, 0.055464860051870346]
1.3337755421797008  ::  1.472895  ::  [-3.1740100383758545, -0.03173813968896866, 0.05546560510993004]
1.3337755421797008  ::  1.488852  ::  [-3.155153512954712, -0.03217615932226181, 0.05546749010682106]
1.3303531905187012  ::  1.504857  ::  [-3.136298179626465, -0.03261302784085274, 0.05546847730875015]
1.3279999769062203  ::  1.51977  ::  [-3.1237173080444336, -0.03290450945496559, 0.05546889826655388]
1.3279999769062203  ::  1.535408  ::  [-3.1048712730407715, -0.03334241360425949, 0.055468712002038956]
1.3275976360754242  ::  1.551366  ::  [-3.098576545715332, -0.03348865360021591, 0.05546719953417778]
1.3280981608755391  ::  1.567354  ::  [-3.0797312259674072, -0.033927369862794876, 0.055466096848249435]
1.3294979227685686  ::  1.583025  ::  [-3.0671675205230713, -0.03421955555677414, 0.05546579882502556]
1.3333773634954302  ::  1.598955  ::  [-3.0483171939849854, -0.03465772420167923, 0.05546562373638153]
1.3333773634954302  ::  1.614505  ::  [-3.029461622238159, -0.035095032304525375, 0.05546700581908226]
1.3326755615582113  ::  1.630464  ::  [-3.0231680870056152, -0.03524123877286911, 0.055466074496507645]
1.3311982129850788  ::  1.645427  ::  [-3.0106077194213867, -0.03553272783756256, 0.05546828359365463]
1.329423964626462  ::  1.661385  ::  [-2.998037099838257, -0.03582409396767616, 0.05546873062849045]
1.329423964626462  ::  1.676345  ::  [-2.9854655265808105, -0.03611554577946663, 0.055469416081905365]
1.327735840684411  ::  1.692297  ::  [-2.9666121006011963, -0.036553528159856796, 0.05546771362423897]
1.3297994115874012  ::  1.707241  ::  [-2.954041004180908, -0.036846041679382324, 0.05546686425805092]
1.3324039548169975  ::  1.722791  ::  [-2.9351844787597656, -0.03728503733873367, 0.05546514689922333]
1.3336560138692255  ::  1.74023  ::  [-2.9037718772888184, -0.038014937192201614, 0.055466342717409134]
1.3340418128356255  ::  1.758184  ::  [-2.8912034034729004, -0.03830641135573387, 0.05546728894114494]
1.3333994548885268  ::  1.770209  ::  [-2.8912034034729004, -0.03830641135573387, 0.05546728894114494]
1.3317975620847473  ::  1.786164  ::  [-2.878632068634033, -0.03859850764274597, 0.055468376725912094]
1.3317975620847473  ::  1.801151  ::  [-2.8660571575164795, -0.03889016434550285, 0.055468883365392685]
1.3292385890235199  ::  1.816679  ::  [-2.84719181060791, -0.03932783752679825, 0.05546847730875015]
1.3281488536857855  ::  1.831619  ::  [-2.82834792137146, -0.039766278117895126, 0.05546737462282181]
1.3293995253558382  ::  1.847604  ::  [-2.8220674991607666, -0.03991233557462692, 0.05546670779585838]
1.3293995253558382  ::  1.863394  ::  [-2.8094968795776367, -0.04020538926124573, 0.055465251207351685]
1.3308180702690853  ::  1.879365  ::  [-2.796933650970459, -0.0404977910220623, 0.0554654523730278]
1.3336682868653904  ::  1.894326  ::  [-2.7780776023864746, -0.040935881435871124, 0.05546557903289795]
1.334685664886605  ::  1.909809  ::  [-2.7655115127563477, -0.04122784733772278, 0.055467259138822556]
1.33226020067931  ::  1.924793  ::  [-2.746654510498047, -0.04166550561785698, 0.055469073355197906]
1.33226020067931  ::  1.940756  ::  [-2.734084129333496, -0.04195718094706535, 0.055468641221523285]
1.3284953790644578  ::  1.955689  ::  [-2.7152292728424072, -0.042394984513521194, 0.055468857288360596]
1.3285942033640115  ::  1.971646  ::  [-2.6900954246520996, -0.04298006370663643, 0.05546606332063675]
1.3295217217089579  ::  1.9886  ::  [-2.6775264739990234, -0.04327292740345001, 0.05546548590064049]
1.330325976483727  ::  2.003145  ::  [-2.6712427139282227, -0.043418917804956436, 0.05546542629599571]
1.330325976483727  ::  2.019135  ::  [-2.6712427139282227, -0.043418917804956436, 0.05546542629599571]
1.3323325579958298  ::  2.034092  ::  [-2.6586720943450928, -0.043711207807064056, 0.05546483397483826]
1.3342466117890202  ::  2.050052  ::  [-2.6460928916931152, -0.04400413855910301, 0.05546491965651512]
1.33515001102846  ::  2.065102  ::  [-2.6335363388061523, -0.04429585859179497, 0.055467087775468826]
1.335190138389834  ::  2.081054  ::  [-2.62723970413208, -0.04444218426942825, 0.05546693503856659]
1.3303392099752438  ::  2.096437  ::  [-2.6083860397338867, -0.04487961158156395, 0.05546689033508301]
1.3283449014593058  ::  2.112376  ::  [-2.589540719985962, -0.04531710594892502, 0.05546874552965164]
1.3283449014593058  ::  2.128338  ::  [-2.570685625076294, -0.04575563967227936, 0.05546758696436882]
1.328216942134074  ::  2.144296  ::  [-2.5581178665161133, -0.04604785144329071, 0.055466461926698685]
1.3313489040336421  ::  2.160252  ::  [-2.545551061630249, -0.04634056240320206, 0.05546531081199646]
1.3313489040336421  ::  2.17621  ::  [-2.5266995429992676, -0.04677904397249222, 0.055464841425418854]
1.3340862090652306  ::  2.191757  ::  [-2.507847547531128, -0.047217048704624176, 0.05546632781624794]
1.3340862090652306  ::  2.207715  ::  [-2.49527645111084, -0.04750867560505867, 0.055467117577791214]
1.3324860238087435  ::  2.223672  ::  [-2.4764208793640137, -0.04794609174132347, 0.05546867847442627]
1.3315039706721425  ::  2.239629  ::  [-2.47013521194458, -0.04809163510799408, 0.055468976497650146]
1.3278786343267468  ::  2.255108  ::  [-2.457563877105713, -0.04838351160287857, 0.055468954145908356]
1.3278786343267468  ::  2.271151  ::  [-2.444991111755371, -0.04867541044950485, 0.05546870827674866]
1.3295138243027302  ::  2.289208  ::  [-2.407285451889038, -0.049552418291568756, 0.05546491593122482]
1.3321807997302086  ::  2.304542  ::  [-2.3884382247924805, -0.04999072849750519, 0.055465925484895706]
1.3336800262530264  ::  2.319132  ::  [-2.3884382247924805, -0.04999072849750519, 0.055465925484895706]
1.3336898446499583  ::  2.335089  ::  [-2.3758702278137207, -0.05028262361884117, 0.05546654015779495]
1.3336898446499583  ::  2.351123  ::  [-2.3570148944854736, -0.05071999877691269, 0.05546773225069046]
1.331163955317523  ::  2.367085  ::  [-2.3381571769714355, -0.05115695670247078, 0.055469121783971786]
1.327467328872665  ::  2.383038  ::  [-2.3255860805511475, -0.05144868418574333, 0.05546886473894119]
1.3279045677012518  ::  2.398375  ::  [-2.306731939315796, -0.05188698321580887, 0.055467426776885986]
1.3279045677012518  ::  2.41436  ::  [-2.28788161277771, -0.05232549458742142, 0.055466070771217346]
1.332177171192212  ::  2.430317  ::  [-2.27530574798584, -0.052618034183979034, 0.0554649755358696]
1.332177171192212  ::  2.446275  ::  [-2.2564620971679688, -0.053056247532367706, 0.05546557158231735]
1.333510658905951  ::  2.461794  ::  [-2.237607717514038, -0.05349370837211609, 0.0554669126868248]
1.3307341870083411  ::  2.477732  ::  [-2.2250235080718994, -0.05378555506467819, 0.05546773970127106]
1.3307341870083411  ::  2.493197  ::  [-2.2061679363250732, -0.054222822189331055, 0.05546749383211136]
1.3280373295032437  ::  2.509154  ::  [-2.1873250007629395, -0.05465991050004959, 0.05546898394823074]
1.3270455646914168  ::  2.524704  ::  [-2.174755096435547, -0.054951973259449005, 0.05546777322888374]
1.3274992386626938  ::  2.540382  ::  [-2.1558949947357178, -0.055390648543834686, 0.05546516552567482]
1.3314020514431213  ::  2.555249  ::  [-2.1370537281036377, -0.05582880601286888, 0.0554652214050293]
1.3328719294968492  ::  2.57139  ::  [-2.1056318283081055, -0.05655793473124504, 0.05546718090772629]
1.3324383192062592  ::  2.586349  ::  [-2.0930604934692383, -0.05684911832213402, 0.05546840280294418]
1.3324383192062592  ::  2.601604  ::  [-2.0930604934692383, -0.05684911832213402, 0.05546840280294418]
1.330238571406692  ::  2.617437  ::  [-2.074202537536621, -0.057286281138658524, 0.055469024926424026]
1.3283601626632326  ::  2.633406  ::  [-2.0616352558135986, -0.05757765471935272, 0.05546906962990761]
1.326573214421628  ::  2.649132  ::  [-2.0427799224853516, -0.058015670627355576, 0.0554676279425621]
1.3277219668626596  ::  2.664635  ::  [-2.030205488204956, -0.05830776318907738, 0.055465977638959885]
1.3294586491808411  ::  2.679596  ::  [-2.0176448822021484, -0.058599911630153656, 0.05546555668115616]
1.331071641042022  ::  2.695551  ::  [-2.0050766468048096, -0.05889222025871277, 0.05546525493264198]
1.331071641042022  ::  2.711514  ::  [-1.9925001859664917, -0.059183988720178604, 0.05546524003148079]
1.331849001946934  ::  2.727471  ::  [-1.9799408912658691, -0.059475213289260864, 0.05546652525663376]
1.331849001946934  ::  2.743428  ::  [-1.9610838890075684, -0.05991166830062866, 0.05546831339597702]
1.3294615306668973  ::  2.759493  ::  [-1.9422277212142944, -0.06034855917096138, 0.05546877533197403]
1.3275950747544856  ::  2.775451  ::  [-1.929657220840454, -0.060640040785074234, 0.05546912923455238]
1.3260704484656918  ::  2.791436  ::  [-1.9108041524887085, -0.061077605932950974, 0.05546760931611061]
1.3264851690143584  ::  2.807394  ::  [-1.8919528722763062, -0.06151574105024338, 0.05546535551548004]
1.330868016027391  ::  2.823351  ::  [-1.8793754577636719, -0.0618082731962204, 0.05546455830335617]
1.3322307454885143  ::  2.840308  ::  [-1.8416690826416016, -0.06268291175365448, 0.055466264486312866]
1.3322307454885143  ::  2.855265  ::  [-1.8416690826416016, -0.06268291175365448, 0.055466264486312866]
1.3317432407365046  ::  2.871223  ::  [-1.829108715057373, -0.06297410279512405, 0.055468108505010605]
1.3265807916627386  ::  2.887183  ::  [-1.8102531433105469, -0.06341028958559036, 0.055468954145908356]
1.325970236783963  ::  2.904137  ::  [-1.7851024866104126, -0.06399409472942352, 0.05546765774488449]
1.325970236783963  ::  2.919206  ::  [-1.7851024866104126, -0.06399409472942352, 0.05546765774488449]
1.3269020239971407  ::  2.935171  ::  [-1.772544264793396, -0.06428543478250504, 0.05546709522604942]
1.3269020239971407  ::  2.951111  ::  [-1.7536945343017578, -0.06472335010766983, 0.05546552687883377]
1.328504130244332  ::  2.9665  ::  [-1.741125464439392, -0.06501495838165283, 0.055465035140514374]
1.3312256404634646  ::  2.982458  ::  [-1.7222728729248047, -0.0654524713754654, 0.055465973913669586]
1.3303563921698747  ::  2.998117  ::  [-1.703418493270874, -0.06588884443044662, 0.055467747151851654]
1.3276376567150923  ::  3.014074  ::  [-1.6908456087112427, -0.0661797970533371, 0.05546865239739418]
1.3276376567150923  ::  3.030032  ::  [-1.671988606452942, -0.06661635637283325, 0.05546884983778]
1.325978027468485  ::  3.045991  ::  [-1.6594208478927612, -0.06690806150436401, 0.05546877533197403]
1.3254268098581237  ::  3.061947  ::  [-1.6405664682388306, -0.06734591722488403, 0.05546669289469719]
1.326156786325669  ::  3.077904  ::  [-1.6280016899108887, -0.06763739883899689, 0.05546591430902481]
1.3281249480236903  ::  3.093107  ::  [-1.6217103004455566, -0.06778348237276077, 0.05546512454748154]
1.3281249480236903  ::  3.108573  ::  [-1.6091508865356445, -0.068075031042099, 0.055465444922447205]
1.3305616180100923  ::  3.124682  ::  [-1.6028655767440796, -0.06822117418050766, 0.055464982986450195]
1.3305616180100923  ::  3.139673  ::  [-1.5902997255325317, -0.06851213425397873, 0.0554659478366375]
1.3290294144801882  ::  3.154606  ::  [-1.5525879859924316, -0.06938465684652328, 0.05546894297003746]
1.3272638105797399  ::  3.169564  ::  [-1.5525879859924316, -0.06938465684652328, 0.05546894297003746]
1.3251055775237215  ::  3.185545  ::  [-1.54001784324646, -0.06967604905366898, 0.05546903982758522]
1.3248392001460911  ::  3.200507  ::  [-1.5211617946624756, -0.07011313736438751, 0.05546826496720314]
1.3250253228009738  ::  3.216467  ::  [-1.5148775577545166, -0.070259228348732, 0.05546751245856285]
1.3272918783883603  ::  3.232439  ::  [-1.5023106336593628, -0.07055053859949112, 0.055465929210186005]
1.3272918783883603  ::  3.248359  ::  [-1.4834585189819336, -0.07098856568336487, 0.05546500161290169]
1.3292192723947733  ::  3.264316  ::  [-1.4708797931671143, -0.07128032296895981, 0.05546471104025841]
1.3310572336117414  ::  3.280274  ::  [-1.4520339965820312, -0.0717170238494873, 0.055466193705797195]
1.3306775177825712  ::  3.295888  ::  [-1.4331825971603394, -0.0721534937620163, 0.055468060076236725]
1.3280681720762146  ::  3.311255  ::  [-1.4143260717391968, -0.07258985936641693, 0.05546891689300537]
1.3261010775952509  ::  3.326174  ::  [-1.4017517566680908, -0.0728810727596283, 0.055468764156103134]
1.324395344571746  ::  3.342173  ::  [-1.3828990459442139, -0.07331797480583191, 0.055467281490564346]
1.32572061471414  ::  3.357117  ::  [-1.370335578918457, -0.07361014932394028, 0.05546609312295914]
1.3284954857861635  ::  3.372764  ::  [-1.3577672243118286, -0.07390160858631134, 0.055465005338191986]
1.3284954857861635  ::  3.388419  ::  [-1.3389161825180054, -0.0743388682603836, 0.05546528473496437]
1.3297811621757127  ::  3.404882  ::  [-1.3012055158615112, -0.07521171867847443, 0.05546803027391434]
1.3283025329421108  ::  3.421116  ::  [-1.288627028465271, -0.07550264149904251, 0.05546904355287552]
1.3283025329421108  ::  3.435799  ::  [-1.288627028465271, -0.07550264149904251, 0.05546904355287552]
1.324185849863297  ::  3.450996  ::  [-1.2697688341140747, -0.0759391337633133, 0.05546720325946808]
1.324492568045713  ::  3.465955  ::  [-1.2509162425994873, -0.07637634128332138, 0.05546506494283676]
1.3249748434341393  ::  3.481912  ::  [-1.238358736038208, -0.07666753977537155, 0.055466122925281525]
1.3249748434341393  ::  3.497717  ::  [-1.2320696115493774, -0.07681376487016678, 0.0554657056927681]
1.32651953340362  ::  3.513674  ::  [-1.2195091247558594, -0.07710530608892441, 0.05546466261148453]
1.3282821490963064  ::  3.52963  ::  [-1.2069400548934937, -0.07739683985710144, 0.05546506494283676]
1.3295184133360787  ::  3.54559  ::  [-1.2006566524505615, -0.07754214853048325, 0.05546559393405914]
1.3295184133360787  ::  3.561545  ::  [-1.1943705081939697, -0.07768774032592773, 0.05546577274799347]
1.3300253414385406  ::  3.576505  ::  [-1.1818013191223145, -0.07797849923372269, 0.05546699836850166]
1.3286677346192948  ::  3.592492  ::  [-1.1692326068878174, -0.0782691016793251, 0.05546775460243225]
1.3286677346192948  ::  3.607448  ::  [-1.162946105003357, -0.0784144327044487, 0.05546839162707329]
1.3270759803775645  ::  3.623451  ::  [-1.1503738164901733, -0.07870522141456604, 0.055469267070293427]
1.3236945031298792  ::  3.638926  ::  [-1.1126536130905151, -0.07957927882671356, 0.05546652898192406]
1.3236945031298792  ::  3.654599  ::  [-1.1126536130905151, -0.07957927882671356, 0.05546652898192406]
1.3274334980919325  ::  3.671569  ::  [-1.0812475681304932, -0.08030840754508972, 0.0554652102291584]
1.328985551859112  ::  3.686316  ::  [-1.0812475681304932, -0.08030840754508972, 0.0554652102291584]
1.3301126397938698  ::  3.702312  ::  [-1.0686811208724976, -0.08059921860694885, 0.05546528473496437]
1.3301126397938698  ::  3.717825  ::  [-1.0498254299163818, -0.08103575557470322, 0.05546710267663002]
1.3286728572611723  ::  3.732783  ::  [-1.030970573425293, -0.08147117495536804, 0.055468540638685226]
1.3246579866896742  ::  3.748715  ::  [-1.0121139287948608, -0.08190751820802689, 0.055469002574682236]
1.323954370483457  ::  3.764695  ::  [-0.9995443820953369, -0.08219897747039795, 0.055468179285526276]
1.323954370483457  ::  3.780655  ::  [-0.9869755506515503, -0.08249013125896454, 0.05546700581908226]
1.3257103694303851  ::  3.796149  ::  [-0.9744089841842651, -0.08278224617242813, 0.05546591430902481]
1.3285721119709146  ::  3.812107  ::  [-0.9618412852287292, -0.08307352662086487, 0.05546500161290169]
1.3285721119709146  ::  3.828064  ::  [-0.9429895877838135, -0.08351092785596848, 0.05546510964632034]
1.3300286498114198  ::  3.844021  ::  [-0.9241371154785156, -0.08394770324230194, 0.055466603487730026]
1.3284968731683386  ::  3.859981  ::  [-0.9052796363830566, -0.08438391983509064, 0.05546865612268448]
1.3284968731683386  ::  3.875936  ::  [-0.8927086591720581, -0.08467476814985275, 0.05546905845403671]
1.325841316963379  ::  3.891403  ::  [-0.8864239454269409, -0.08482041954994202, 0.05546896904706955]
1.325841316963379  ::  3.907516  ::  [-0.8738532066345215, -0.08511166274547577, 0.05546872317790985]
1.3252908464049582  ::  3.923472  ::  [-0.8549997806549072, -0.0855487585067749, 0.05546703189611435]
1.3252908464049582  ::  3.939168  ::  [-0.8424256443977356, -0.08584079891443253, 0.05546538159251213]
1.3275709556489788  ::  3.954478  ::  [-0.8235712051391602, -0.0862785130739212, 0.055462922900915146]
1.3312223320905854  ::  3.971329  ::  [-0.7858747243881226, -0.08715225756168365, 0.05546685680747032]
1.3306006781544084  ::  3.986013  ::  [-0.7858747243881226, -0.08715225756168365, 0.05546685680747032]
1.3281260152407481  ::  4.001543  ::  [-0.7733030319213867, -0.08744317293167114, 0.05546776205301285]
1.327091348303197  ::  4.016506  ::  [-0.7544467449188232, -0.08787967264652252, 0.05546925961971283]
1.3254848664660688  ::  4.032507  ::  [-0.7481632828712463, -0.08802551031112671, 0.05546882376074791]
1.3248717502663545  ::  4.04794  ::  [-0.735587477684021, -0.08831702172756195, 0.05546830594539642]
1.3248717502663545  ::  4.063447  ::  [-0.7230240106582642, -0.08860830962657928, 0.05546736344695091]
1.3275067091820985  ::  4.078409  ::  [-0.7041740417480469, -0.08904632925987244, 0.05546543747186661]
1.33019662977632  ::  4.094365  ::  [-0.6916075944900513, -0.08933775871992111, 0.05546488240361214]
1.33019662977632  ::  4.110325  ::  [-0.6727511882781982, -0.0897754579782486, 0.0554654523730278]
1.3311036575537565  ::  4.126285  ::  [-0.6601861715316772, -0.09006624668836594, 0.05546615645289421]
1.3289937694304572  ::  4.141943  ::  [-0.6476017236709595, -0.09035760909318924, 0.05546700209379196]
1.3289937694304572  ::  4.157898  ::  [-0.6287495493888855, -0.09079376608133316, 0.05546838417649269]
1.3272058606935004  ::  4.173836  ::  [-0.6161882877349854, -0.09108500182628632, 0.05546879395842552]
1.325477929555193  ::  4.189794  ::  [-0.5973345041275024, -0.09152171015739441, 0.05546741932630539]
1.325477929555193  ::  4.204944  ::  [-0.5784814357757568, -0.09195979684591293, 0.05546564608812332]
1.330308901010802  ::  4.21997  ::  [-0.5596208572387695, -0.09239749610424042, 0.055464766919612885]
1.330308901010802  ::  4.235927  ::  [-0.5407797694206238, -0.09283486008644104, 0.0554657019674778]
1.3311505083825945  ::  4.251685  ::  [-0.5344893932342529, -0.09298086911439896, 0.05546586588025093]
1.3303735743645055  ::  4.26769  ::  [-0.5219250917434692, -0.09327143430709839, 0.05546734854578972]
1.3303735743645055  ::  4.283671  ::  [-0.5093543529510498, -0.0935622975230217, 0.055468328297138214]
1.3255578641128234  ::  4.298717  ::  [-0.4904968738555908, -0.09399852156639099, 0.05546911805868149]
1.3255578641128234  ::  4.31468  ::  [-0.4716428220272064, -0.09443579614162445, 0.0554676279425621]
1.3249180674866636  ::  4.329642  ::  [-0.4527878165245056, -0.09487344324588776, 0.055465806275606155]
1.3284476744619735  ::  4.345597  ::  [-0.44022315740585327, -0.09516499191522598, 0.0554654486477375]
1.3300512748130455  ::  4.360559  ::  [-0.421372652053833, -0.09560263901948929, 0.05546479672193527]
1.3305345106968238  ::  4.375518  ::  [-0.40880313515663147, -0.09589415043592453, 0.055465586483478546]
1.3309458161509056  ::  4.391481  ::  [-0.402518630027771, -0.09603971242904663, 0.05546632036566734]
1.33015842340565  ::  4.407771  ::  [-0.38995081186294556, -0.0963306799530983, 0.055466748774051666]
1.3277196189851324  ::  4.423748  ::  [-0.3773789703845978, -0.0966215431690216, 0.05546792596578598]
1.3277196189851324  ::  4.439728  ::  [-0.3585229814052582, -0.0970582664012909, 0.05546881631016731]
1.324737174195364  ::  4.455662  ::  [-0.34595128893852234, -0.09734924137592316, 0.055468834936618805]
1.324737174195364  ::  4.471013  ::  [-0.33337652683258057, -0.0976412370800972, 0.05546724051237106]
1.3265468541603  ::  4.487625  ::  [-0.30196380615234375, -0.09837009757757187, 0.05546529218554497]
1.3265468541603  ::  4.502583  ::  [-0.30196380615234375, -0.09837009757757187, 0.05546529218554497]
1.329318630302856  ::  4.518017  ::  [-0.28311222791671753, -0.09880762547254562, 0.05546502768993378]
1.3301070902651693  ::  4.533975  ::  [-0.2642575800418854, -0.09924454987049103, 0.0554666742682457]
1.3301070902651693  ::  4.549977  ::  [-0.24540266394615173, -0.09968031942844391, 0.05546817556023598]
1.3286042352043548  ::  4.56557  ::  [-0.23283101618289948, -0.09997129440307617, 0.055468931794166565]
1.3248652402423018  ::  4.581527  ::  [-0.2139749675989151, -0.10040832310914993, 0.05546879023313522]
1.3248652402423018  ::  4.59716  ::  [-0.20139892399311066, -0.10070029646158218, 0.055467117577791214]
1.3247726058016835  ::  4.613145  ::  [-0.18883997201919556, -0.1009918600320816, 0.055466294288635254]
1.3259383269939342  ::  4.629105  ::  [-0.17626157402992249, -0.10128335654735565, 0.05546344816684723]
1.326693916670867  ::  4.645216  ::  [-0.16998741030693054, -0.10142947733402252, 0.055464573204517365]
1.3285632540693348  ::  4.660737  ::  [-0.15741054713726044, -0.10172143578529358, 0.055464375764131546]
1.3308057972729204  ::  4.676689  ::  [-0.13856744766235352, -0.10215762257575989, 0.05546599254012108]
1.3309459228726115  ::  4.692397  ::  [-0.12599493563175201, -0.10244892537593842, 0.05546758696436882]
1.3275299745139588  ::  4.70777  ::  [-0.10713891685009003, -0.1028854101896286, 0.05546841025352478]
1.3251227597183524  ::  4.72302  ::  [-0.0945703461766243, -0.1031760647892952, 0.05546875298023224]
1.3248735645353527  ::  4.738977  ::  [-0.07571495324373245, -0.10361320525407791, 0.05546823889017105]
1.3268682999381138  ::  4.754936  ::  [-0.05686338618397713, -0.1040506362915039, 0.055466361343860626]
1.3277425641518754  ::  4.770893  ::  [-0.03172701597213745, -0.10463423281908035, 0.05546468123793602]
1.3295802052037262  ::  4.78785  ::  [-0.019156871363520622, -0.10492587834596634, 0.05546480417251587]
1.3304249075049863  ::  4.802806  ::  [-0.019156871363520622, -0.10492587834596634, 0.05546480417251587]
1.33111646415845  ::  4.818709  ::  [-0.012877875939011574, -0.10507131367921829, 0.0554652214050293]
1.3301737913312826  ::  4.834666  ::  [-0.00030787187279202044, -0.10536255687475204, 0.05546639487147331]
1.3301737913312826  ::  4.850621  ::  [0.018547922372817993, -0.10579860210418701, 0.0554673932492733]
1.3259298959791774  ::  4.866574  ::  [0.03740427643060684, -0.10623472929000854, 0.0554678812623024]
1.3192327887762743  ::  4.882094  ::  [0.04997356981039047, -0.10652589797973633, 0.05546727776527405]
1.3159327401901002  ::  4.89803  ::  [0.06252731382846832, -0.10679424554109573, 0.055445101112127304]
1.3099076595685029  ::  4.913806  ::  [0.06882859766483307, -0.10696233063936234, 0.055468615144491196]
1.3099076595685029  ::  4.929171  ::  [0.08766614645719528, -0.10737992078065872, 0.055450305342674255]
1.311461420882975  ::  4.944137  ::  [0.10023714601993561, -0.10768197476863861, 0.05546463280916214]
1.3132396179447055  ::  4.959586  ::  [0.11280708760023117, -0.1079702079296112, 0.05546480044722557]
1.3146448226447298  ::  4.974562  ::  [0.12537185847759247, -0.10825780779123306, 0.055464986711740494]
1.3142277542185359  ::  4.99102  ::  [0.14422723650932312, -0.10868898034095764, 0.055466555058956146]
1.3204589144539973  ::  5.00501  ::  [0.14422723650932312, -0.10868898034095764, 0.055466555058956146]
1.3213310442336432  ::  5.021935  ::  [0.16308049857616425, -0.1091218963265419, 0.05546930432319641]
1.3212300854999741  ::  5.03592  ::  [0.16308049857616425, -0.1091218963265419, 0.05546930432319641]
1.3212300854999741  ::  5.051883  ::  [0.1756453812122345, -0.10941854864358902, 0.05546097457408905]
1.3198851785637162  ::  5.067839  ::  [0.18821576237678528, -0.10970303416252136, 0.05546709895133972]
1.3193898831271844  ::  5.083797  ::  [0.20078493654727936, -0.10999232530593872, 0.05546620115637779]
1.3207101373494068  ::  5.099754  ::  [0.21963582932949066, -0.11042893677949905, 0.05546478182077408]
1.3240759265063422  ::  5.115784  ::  [0.23220613598823547, -0.11072014272212982, 0.055463407188653946]
1.3240759265063422  ::  5.131722  ::  [0.2447718232870102, -0.1110096350312233, 0.05546480789780617]
1.3255885999640884  ::  5.147661  ::  [0.25734081864356995, -0.11129932850599289, 0.05546504259109497]
1.3251089926183066  ::  5.163289  ::  [0.26362526416778564, -0.11144451797008514, 0.055465854704380035]
1.3237631251866968  ::  5.179248  ::  [0.2761971056461334, -0.11173488199710846, 0.05546670779585838]
1.3237631251866968  ::  5.195204  ::  [0.2887763977050781, -0.11202426999807358, 0.055465470999479294]
1.320171939787151  ::  5.211161  ::  [0.30763307213783264, -0.11245903372764587, 0.05546562373638153]
1.320171939787151  ::  5.226402  ::  [0.3139090836048126, -0.11260424554347992, 0.05546657741069794]
1.3194532758204187  ::  5.241334  ::  [0.32647669315338135, -0.11289414018392563, 0.05546637251973152]
1.320586980500935  ::  5.258291  ::  [0.3516118824481964, -0.11347527801990509, 0.05546439066529274]
1.320586980500935  ::  5.272252  ::  [0.3516118824481964, -0.11347527801990509, 0.05546439066529274]
1.3223016781477255  ::  5.288242  ::  [0.3641788065433502, -0.11376578360795975, 0.0554640032351017]
1.324849552151552  ::  5.30427  ::  [0.3641788065433502, -0.11376578360795975, 0.0554640032351017]
1.3255186972468016  ::  5.318234  ::  [0.3830336034297943, -0.1142011359333992, 0.05546485632658005]
1.32516000559367  ::  5.333219  ::  [0.3956003487110138, -0.11449135839939117, 0.0554649718105793]
1.3226360372519388  ::  5.349179  ::  [0.40817132592201233, -0.11478124558925629, 0.05546661093831062]
1.3226360372519388  ::  5.365152  ::  [0.42702722549438477, -0.11521526426076889, 0.05546713247895241]
1.3196647982412775  ::  5.381093  ::  [0.4395991563796997, -0.11550483107566833, 0.05546741560101509]
1.3193137905509624  ::  5.397052  ::  [0.45217058062553406, -0.11579535901546478, 0.05546572059392929]
1.3193137905509624  ::  5.413003  ::  [0.4710302948951721, -0.11623114347457886, 0.05546466261148453]
1.3205905023172257  ::  5.428935  ::  [0.4835878014564514, -0.11652205884456635, 0.055463988333940506]
1.3249332219688845  ::  5.444918  ::  [0.5024386644363403, -0.11695816367864609, 0.05546363443136215]
1.3254400433496407  ::  5.460878  ::  [0.5150073170661926, -0.11724810302257538, 0.05546486750245094]
1.3254400433496407  ::  5.476832  ::  [0.5338626503944397, -0.11768219619989395, 0.055465731769800186]
1.3235922637357407  ::  5.492806  ::  [0.5527170896530151, -0.11811687052249908, 0.05546680837869644]
1.3200797322333557  ::  5.507724  ::  [0.5652974843978882, -0.11840732395648956, 0.055467378348112106]
1.319043464470218  ::  5.523685  ::  [0.5778590440750122, -0.11869744211435318, 0.05546685680747032]
1.3198424898814036  ::  5.539641  ::  [0.5967116355895996, -0.11913242936134338, 0.055465467274188995]
1.3205188920526465  ::  5.555043  ::  [0.6092789173126221, -0.11942291259765625, 0.0554642379283905]
1.3213152494211877  ::  5.570184  ::  [0.6218538284301758, -0.11971405148506165, 0.05546377971768379]
1.3213152494211877  ::  5.585908  ::  [0.6218538284301758, -0.11971405148506165, 0.05546377971768379]
1.3249775114767839  ::  5.601838  ::  [0.6407043933868408, -0.12014879286289215, 0.05546414107084274]
1.3246186063802408  ::  5.617823  ::  [0.6532672047615051, -0.12043924629688263, 0.05546451359987259]
1.3246186063802408  ::  5.63378  ::  [0.6721232533454895, -0.12087318301200867, 0.05546597018837929]
1.3213947570919948  ::  5.649618  ::  [0.6846938729286194, -0.12116258591413498, 0.05546712130308151]
1.3197072734801785  ::  5.664542  ::  [0.6972682476043701, -0.12145265936851501, 0.05546681210398674]
1.3197072734801785  ::  5.680527  ::  [0.7098352909088135, -0.12174219638109207, 0.055466778576374054]
1.3187512604397884  ::  5.69648  ::  [0.7161194086074829, -0.12188807129859924, 0.05546652153134346]
1.3187512604397884  ::  5.71242  ::  [0.7286885976791382, -0.12217803299427032, 0.05546557530760765]
1.3220608072577769  ::  5.727565  ::  [0.7412575483322144, -0.12246838957071304, 0.05546394735574722]
1.3239179783817856  ::  5.742547  ::  [0.7601078748703003, -0.12290407717227936, 0.05546232685446739]
1.32507121313446  ::  5.758498  ::  [0.7726820111274719, -0.12319505214691162, 0.05546329915523529]
1.324946668903813  ::  5.773726  ::  [0.7915288209915161, -0.12362894415855408, 0.05546477064490318]
1.3239243816841326  ::  5.789406  ::  [0.7978184223175049, -0.12377374619245529, 0.05546606332063675]
1.3239243816841326  ::  5.805334  ::  [0.8103992342948914, -0.12406441569328308, 0.05546640232205391]
1.319418911431157  ::  5.82132  ::  [0.8229566812515259, -0.12435351312160492, 0.05546678975224495]
1.318558521039147  ::  5.837279  ::  [0.8606647253036499, -0.1252235472202301, 0.05546538904309273]
1.3203188955760121  ::  5.855163  ::  [0.8795154094696045, -0.12565948069095612, 0.05546350032091141]
1.3203188955760121  ::  5.868512  ::  [0.8795154094696045, -0.12565948069095612, 0.05546350032091141]
1.322193995946592  ::  5.883452  ::  [0.8920826315879822, -0.1259491890668869, 0.05546317249536514]
1.3251174236330634  ::  5.898435  ::  [0.9109364748001099, -0.1263842135667801, 0.05546417459845543]
1.3251174236330634  ::  5.914369  ::  [0.9235063791275024, -0.12667471170425415, 0.05546459183096886]
1.3240877726156839  ::  5.930354  ::  [0.9423624277114868, -0.1271098554134369, 0.05546650290489197]
1.3223834269743542  ::  5.946327  ::  [0.954932689666748, -0.12739908695220947, 0.055467743426561356]
1.3190739868780714  ::  5.961661  ::  [0.9737873077392578, -0.12783393263816833, 0.05546597018837929]
1.3190739868780714  ::  5.977618  ::  [0.9863572120666504, -0.128123477101326, 0.055465616285800934]
1.3191116596402124  ::  5.993577  ::  [0.9989234209060669, -0.1284143030643463, 0.05546361953020096]
1.3221775608039017  ::  6.009535  ::  [1.0114918947219849, -0.1287052035331726, 0.055464006960392]
1.323935907628357  ::  6.025485  ::  [1.024064064025879, -0.1289958655834198, 0.05546308308839798]
1.323935907628357  ::  6.04143  ::  [1.0366276502609253, -0.12928573787212372, 0.05546358600258827]
1.3250909566500295  ::  6.057403  ::  [1.0429167747497559, -0.1294305920600891, 0.055463798344135284]
1.3242037791098684  ::  6.073343  ::  [1.0554934740066528, -0.12972046434879303, 0.0554635189473629]
1.3242037791098684  ::  6.089293  ::  [1.0743367671966553, -0.1301547884941101, 0.05546650290489197]
1.3197349144019759  ::  6.104695  ::  [1.1057658195495605, -0.13087986409664154, 0.055466216057538986]
1.3190006690661995  ::  6.120682  ::  [1.124617099761963, -0.13131499290466309, 0.055464766919612885]
1.3201004362442774  ::  6.137637  ::  [1.1371861696243286, -0.131605863571167, 0.05546374246478081]
1.3218745778811882  ::  6.152598  ::  [1.1371861696243286, -0.131605863571167, 0.05546374246478081]
1.3238867089219917  ::  6.168141  ::  [1.1497515439987183, -0.1318962574005127, 0.0554635114967823]
1.3246290651074075  ::  6.184116  ::  [1.1623258590698242, -0.13218706846237183, 0.05546281486749649]
1.3246290651074075  ::  6.2001  ::  [1.1686038970947266, -0.13233155012130737, 0.05546322464942932]
1.3251686500518385  ::  6.216016  ::  [1.187457799911499, -0.13276666402816772, 0.055465079843997955]
1.3230936599263297  ::  6.231973  ::  [1.2188843488693237, -0.13349111378192902, 0.05546693876385689]
1.3221049900439703  ::  6.247931  ::  [1.2251756191253662, -0.133636474609375, 0.0554666630923748]
1.3203734303676664  ::  6.263888  ::  [1.2251756191253662, -0.133636474609375, 0.0554666630923748]
1.3203734303676664  ::  6.279845  ::  [1.2377395629882812, -0.13392677903175354, 0.055465810000896454]
1.3195183760609455  ::  6.295803  ::  [1.2503139972686768, -0.13421721756458282, 0.055465519428253174]
1.3211914522424812  ::  6.311762  ::  [1.2628891468048096, -0.13450773060321808, 0.05546342581510544]
1.3211914522424812  ::  6.32759  ::  [1.2754428386688232, -0.13479875028133392, 0.055463410913944244]
1.3211914522424812  ::  6.343461  ::  [1.2754428386688232, -0.13479875028133392, 0.055463410913944244]
1.3239444453648195  ::  6.35868  ::  [1.2942945957183838, -0.135234534740448, 0.05546291545033455]
1.3254537037279808  ::  6.374505  ::  [1.3131470680236816, -0.13566893339157104, 0.055463433265686035]
1.324424159432307  ::  6.389438  ::  [1.3382923603057861, -0.13624884188175201, 0.0554664321243763]
1.324424159432307  ::  6.405001  ::  [1.3382923603057861, -0.13624884188175201, 0.0554664321243763]
1.3227845938663867  ::  6.420726  ::  [1.3508604764938354, -0.1365382820367813, 0.055466894060373306]
1.3196646915195718  ::  6.437681  ::  [1.3822845220565796, -0.13726425170898438, 0.05546480417251587]
1.32005433246738  ::  6.452639  ::  [1.3822845220565796, -0.13726425170898438, 0.05546480417251587]
1.32005433246738  ::  6.46812  ::  [1.3948543071746826, -0.13755467534065247, 0.05546359345316887]
1.3222862035003873  ::  6.484078  ::  [1.4011366367340088, -0.13770022988319397, 0.05546368286013603]
1.3249247909541277  ::  6.500033  ::  [1.413703203201294, -0.13799096643924713, 0.055463045835494995]
1.325811968494289  ::  6.51517  ::  [1.4325556755065918, -0.1384267359972, 0.05546322464942932]
1.325811968494289  ::  6.530681  ::  [1.4451366662979126, -0.13871747255325317, 0.055463358759880066]
1.3245587355032975  ::  6.546615  ::  [1.457694172859192, -0.13900595903396606, 0.05546550825238228]
1.3227319800654365  ::  6.562634  ::  [1.4702650308609009, -0.13929621875286102, 0.05546632781624794]
1.3227319800654365  ::  6.577913  ::  [1.4828457832336426, -0.13958631455898285, 0.05546697601675987]
1.3208582670770315  ::  6.5938  ::  [1.4954054355621338, -0.13987566530704498, 0.055466704070568085]
1.3200267982672882  ::  6.608805  ::  [1.5079762935638428, -0.14016620814800262, 0.055465880781412125]
1.3214409675905983  ::  6.624773  ::  [1.5268278121948242, -0.14060193300247192, 0.05546380579471588]
1.3232529954330614  ::  6.640785  ::  [1.5393940210342407, -0.14089305698871613, 0.05546293407678604]
1.3249314076998864  ::  6.656607  ::  [1.5645298957824707, -0.14147363603115082, 0.05546262860298157]
1.3249314076998864  ::  6.67229  ::  [1.5645298957824707, -0.14147363603115082, 0.05546262860298157]
1.3258860333581013  ::  6.687471  ::  [1.5896756649017334, -0.1420534998178482, 0.05546516552567482]
1.3247107072123303  ::  6.702154  ::  [1.5896756649017334, -0.1420534998178482, 0.05546516552567482]
1.3217220725636265  ::  6.717357  ::  [1.602241039276123, -0.1423429399728775, 0.05546639859676361]
1.3202418425044378  ::  6.732947  ::  [1.6210980415344238, -0.14277780055999756, 0.055466972291469574]
1.3202418425044378  ::  6.748949  ::  [1.633666753768921, -0.1430683434009552, 0.055465538054704666]
1.3196409993008882  ::  6.764919  ::  [1.6462360620498657, -0.14335906505584717, 0.05546537786722183]
1.3216477942564027  ::  6.780905  ::  [1.665086030960083, -0.1437952071428299, 0.05546305701136589]
1.3234335685592435  ::  6.796858  ::  [1.6713730096817017, -0.14394055306911469, 0.055462658405303955]
1.3234335685592435  ::  6.812847  ::  [1.6839371919631958, -0.14423102140426636, 0.055462561547756195]
1.325054030939829  ::  6.82876  ::  [1.6902315616607666, -0.14437712728977203, 0.05546248331665993]
1.3262118547258521  ::  6.844714  ::  [1.6965051889419556, -0.14452148973941803, 0.05546260625123978]
1.3262118547258521  ::  6.860647  ::  [1.7153607606887817, -0.14495666325092316, 0.055464617908000946]
1.3255476188290685  ::  6.876632  ::  [1.727931022644043, -0.14524677395820618, 0.05546550080180168]
1.3240771004451057  ::  6.892588  ::  [1.7405039072036743, -0.14553609490394592, 0.05546707659959793]
1.320656883218222  ::  6.907545  ::  [1.75935959815979, -0.14597178995609283, 0.05546633526682854]
1.320656883218222  ::  6.92319  ::  [1.7656430006027222, -0.14611713588237762, 0.05546575039625168]
1.3201571054700474  ::  6.939175  ::  [1.778219223022461, -0.14640745520591736, 0.05546379089355469]
1.3230699677076463  ::  6.956104  ::  [1.8096297979354858, -0.14713448286056519, 0.0554627999663353]
1.324586269703389  ::  6.971064  ::  [1.8221967220306396, -0.14742526412010193, 0.055462729185819626]
1.3262179378630816  ::  6.986044  ::  [1.8221967220306396, -0.14742526412010193, 0.055462729185819626]
1.3262179378630816  ::  7.001005  ::  [1.841062068939209, -0.14785988628864288, 0.05546317622065544]
1.3238515974807896  ::  7.017064  ::  [1.853621482849121, -0.14814935624599457, 0.055465344339609146]
1.3238515974807896  ::  7.03299  ::  [1.872477412223816, -0.14858460426330566, 0.05546654015779495]
1.3220297512413945  ::  7.047977  ::  [1.8850494623184204, -0.14887505769729614, 0.0554666742682457]
1.3201146302311464  ::  7.063935  ::  [1.8976210355758667, -0.14916467666625977, 0.05546575039625168]
1.3201146302311464  ::  7.079452  ::  [1.9101979732513428, -0.14945568144321442, 0.055462926626205444]
1.320954209890529  ::  7.095384  ::  [1.9227547645568848, -0.14974647760391235, 0.055464114993810654]
1.321720791903157  ::  7.111369  ::  [1.9290357828140259, -0.14989198744297028, 0.055462904274463654]
1.3234234299971943  ::  7.127298  ::  [1.941605806350708, -0.15018290281295776, 0.05546260625123978]
1.3265467474385944  ::  7.143256  ::  [1.954172968864441, -0.15047353506088257, 0.05546237900853157]
1.326288587632309  ::  7.159213  ::  [1.9730277061462402, -0.15090900659561157, 0.05546415224671364]
1.326288587632309  ::  7.174734  ::  [1.9856001138687134, -0.15119868516921997, 0.05546467751264572]
1.3251084590097777  ::  7.190692  ::  [1.9981679916381836, -0.15148845314979553, 0.0554657056927681]
1.3226650655559113  ::  7.205653  ::  [2.017024517059326, -0.1519239991903305, 0.055466428399086]
1.320751011762721  ::  7.223605  ::  [2.035879373550415, -0.15235953032970428, 0.05546550825238228]
1.3208115229698991  ::  7.23757  ::  [2.0484578609466553, -0.15265077352523804, 0.05546320602297783]
1.3208115229698991  ::  7.252528  ::  [2.0484578609466553, -0.15265077352523804, 0.05546320602297783]
1.323568678238763  ::  7.268485  ::  [2.061014175415039, -0.15294143557548523, 0.05546286702156067]
1.323568678238763  ::  7.28347  ::  [2.0735831260681152, -0.15323235094547272, 0.055462684482336044]
1.3261831465869969  ::  7.298405  ::  [2.092435121536255, -0.1536681354045868, 0.055462796241045]
1.3260991566045468  ::  7.31439  ::  [2.111292600631714, -0.15410315990447998, 0.05546493083238602]
1.3234368769321228  ::  7.329347  ::  [2.1238577365875244, -0.15439336001873016, 0.055464766919612885]
1.3234368769321228  ::  7.344308  ::  [2.1427152156829834, -0.15482863783836365, 0.055466171354055405]
1.3220728668105302  ::  7.359876  ::  [2.155292510986328, -0.15511944890022278, 0.0554654523730278]
1.3208123767435453  ::  7.375834  ::  [2.1741390228271484, -0.15555542707443237, 0.05546415597200394]
1.3211796061331393  ::  7.391815  ::  [2.186706781387329, -0.15584658086299896, 0.05546312779188156]
1.325283162442142  ::  7.407628  ::  [2.205557346343994, -0.15628264844417572, 0.05546201020479202]
1.3265509095851198  ::  7.424551  ::  [2.2369914054870605, -0.15700824558734894, 0.05546322837471962]
1.326352087047249  ::  7.438825  ::  [2.2369914054870605, -0.15700824558734894, 0.05546322837471962]
1.3260479301857717  ::  7.453475  ::  [2.2432682514190674, -0.15715336799621582, 0.05546543747186661]
1.3260479301857717  ::  7.469429  ::  [2.2558348178863525, -0.15744315087795258, 0.05546492338180542]
1.324487125238718  ::  7.485429  ::  [2.268407106399536, -0.15773318707942963, 0.055465638637542725]
1.3227573798314123  ::  7.501344  ::  [2.2809810638427734, -0.1580234169960022, 0.05546555668115616]
1.321143640918291  ::  7.517329  ::  [2.293546676635742, -0.15831439197063446, 0.055465564131736755]
1.3226225903170103  ::  7.533259  ::  [2.3123974800109863, -0.15874965488910675, 0.05546308308839798]
1.3226225903170103  ::  7.549242  ::  [2.331249952316284, -0.1591864973306656, 0.055462442338466644]
1.3266662757490695  ::  7.565037  ::  [2.3438198566436768, -0.15947753190994263, 0.05546172335743904]
1.3266662757490695  ::  7.581063  ::  [2.362670421600342, -0.15991219878196716, 0.055463436990976334]
1.3267790805920805  ::  7.597079  ::  [2.37524151802063, -0.16020344197750092, 0.05546504631638527]
1.324792882925782  ::  7.613036  ::  [2.394106388092041, -0.1606379747390747, 0.055465348064899445]
1.3204760966486282  ::  7.628993  ::  [2.412952184677124, -0.16107305884361267, 0.05546611174941063]
1.3202796219882844  ::  7.644951  ::  [2.425527572631836, -0.16136375069618225, 0.0554654635488987]
1.3204746025447471  ::  7.659911  ::  [2.4443750381469727, -0.16179923713207245, 0.05546405166387558]
1.321056662728079  ::  7.674871  ::  [2.45066237449646, -0.16194495558738708, 0.05546318739652634]
1.3229522536661693  ::  7.690828  ::  [2.456941604614258, -0.1620902270078659, 0.055462274700403214]
1.3229522536661693  ::  7.706785  ::  [2.4695115089416504, -0.1623803973197937, 0.05546238273382187]
1.3245483834978367  ::  7.721985  ::  [2.482089042663574, -0.16267137229442596, 0.05546138063073158]
1.3247790091040303  ::  7.737106  ::  [2.5197863578796387, -0.16354063153266907, 0.0554654486477375]
1.3231485148831015  ::  7.753061  ::  [2.5197863578796387, -0.16354063153266907, 0.0554654486477375]
1.3231485148831015  ::  7.769058  ::  [2.5323691368103027, -0.16383032500743866, 0.05546586960554123]
1.3209881473929674  ::  7.784975  ::  [2.544928550720215, -0.16412103176116943, 0.05546620115637779]
1.319432144922674  ::  7.800937  ::  [2.5512218475341797, -0.16426582634449005, 0.055464427918195724]
1.3207948743837974  ::  7.816895  ::  [2.570079803466797, -0.16470173001289368, 0.05546344816684723]
1.3226448951535188  ::  7.832854  ::  [2.5889291763305664, -0.16513776779174805, 0.05546242743730545]
1.3226448951535188  ::  7.847812  ::  [2.6014857292175293, -0.16542783379554749, 0.05546241253614426]
1.3257745091755597  ::  7.863784  ::  [2.614053726196289, -0.16571815311908722, 0.055462054908275604]
1.3257745091755597  ::  7.879451  ::  [2.6266214847564697, -0.16600830852985382, 0.055463604629039764]
1.3249498705549865  ::  7.894415  ::  [2.6391937732696533, -0.16629858314990997, 0.055465009063482285]
1.3249498705549865  ::  7.910373  ::  [2.651762008666992, -0.16658775508403778, 0.05546557903289795]
1.3221562164627454  ::  7.926302  ::  [2.6706173419952393, -0.16702252626419067, 0.055465616285800934]
1.3198473990798696  ::  7.94226  ::  [2.6894724369049072, -0.16745764017105103, 0.055464550852775574]
1.320856559529739  ::  7.957222  ::  [2.720890998840332, -0.16818386316299438, 0.05546259135007858]
1.3233858639567593  ::  7.97218  ::  [2.720890998840332, -0.16818386316299438, 0.05546259135007858]
1.3250234018102698  ::  7.988136  ::  [2.7397429943084717, -0.16862016916275024, 0.0554620660841465]
1.3255271282615584  ::  8.00415  ::  [2.7711689472198486, -0.16934485733509064, 0.055464260280132294]
1.3238194742473492  ::  8.020175  ::  [2.790025472640991, -0.16977958381175995, 0.055464617908000946]
1.321138304833002  ::  8.036157  ::  [2.790025472640991, -0.16977958381175995, 0.055464617908000946]
1.3194546632025939  ::  8.052086  ::  [2.808879852294922, -0.17021435499191284, 0.05546588450670242]
1.3191780405412084  ::  8.067347  ::  [2.8214473724365234, -0.17050449550151825, 0.055464595556259155]
1.3191780405412084  ::  8.082307  ::  [2.8403007984161377, -0.1709398776292801, 0.05546307563781738]
1.32286015283408  ::  8.097689  ::  [2.859152317047119, -0.1713762730360031, 0.05546223372220993]
1.3242925715690785  ::  8.112673  ::  [2.871720314025879, -0.1716669499874115, 0.05546272546052933]
1.3242925715690785  ::  8.128606  ::  [2.884286880493164, -0.17195650935173035, 0.05546237528324127]
1.3250234018102698  ::  8.144567  ::  [2.8968558311462402, -0.17224548757076263, 0.055463243275880814]
1.3245314147466174  ::  8.160604  ::  [2.903144598007202, -0.17239108681678772, 0.05546429753303528]
1.3245314147466174  ::  8.176556  ::  [2.9094271659851074, -0.1725355088710785, 0.05546420067548752]
1.3218213237500034  ::  8.192513  ::  [2.9220023155212402, -0.17282459139823914, 0.05546588823199272]
1.3189955464243222  ::  8.207474  ::  [2.947145462036133, -0.17340470850467682, 0.055464986711740494]
1.3183463582880535  ::  8.223431  ::  [2.953423500061035, -0.1735493540763855, 0.055464453995227814]
1.3179205386819854  ::  8.238418  ::  [2.953423500061035, -0.1735493540763855, 0.055464453995227814]
1.3186353606673096  ::  8.254372  ::  [2.966002941131592, -0.1738402098417282, 0.05546308681368828]
1.3214377659394247  ::  8.270327  ::  [2.978559732437134, -0.17413011193275452, 0.055464066565036774]
1.32338938577305  ::  8.286263  ::  [3.009978771209717, -0.17485567927360535, 0.05546250566840172]
1.3246390969477508  ::  8.302249  ::  [3.009978771209717, -0.17485567927360535, 0.05546250566840172]
1.3246390969477508  ::  8.317068  ::  [3.0288326740264893, -0.1752900332212448, 0.055464304983615875]
1.3234796723361413  ::  8.332025  ::  [3.047689437866211, -0.17572446167469025, 0.05546560883522034]
1.3221629399302097  ::  8.346958  ::  [3.0602612495422363, -0.17601333558559418, 0.05546565353870392]
1.3184302415487976  ::  8.362942  ::  [3.072831392288208, -0.17630334198474884, 0.05546629801392555]
1.3184302415487976  ::  8.378921  ::  [3.091683864593506, -0.17673909664154053, 0.055464401841163635]
1.3188421873331142  ::  8.394878  ::  [3.1042604446411133, -0.177029550075531, 0.05546378344297409]
1.320710030627701  ::  8.410835  ::  [3.1231045722961426, -0.17746476829051971, 0.05546250566840172]
1.3247177508449117  ::  8.426793  ::  [3.1419553756713867, -0.1779005080461502, 0.05546289309859276]
1.3247177508449117  ::  8.442096  ::  [3.160808801651001, -0.17833469808101654, 0.055464763194322586]
1.3241714424330167  ::  8.458147  ::  [3.173383951187134, -0.17862442135810852, 0.055466387420892715]
1.3234829807090205  ::  8.47409  ::  [3.1796646118164062, -0.17876866459846497, 0.055465541779994965]
1.3210907069522235  ::  8.491015  ::  [3.1985273361206055, -0.17920370399951935, 0.05546487867832184]
1.3210907069522235  ::  8.505485  ::  [3.1985273361206055, -0.17920370399951935, 0.05546487867832184]
1.3188811407557244  ::  8.521175  ::  [3.2110910415649414, -0.17949318885803223, 0.055465154349803925]
1.3191099520929197  ::  8.538108  ::  [3.242514133453369, -0.18021918833255768, 0.05546446889638901]
1.3191099520929197  ::  8.552542  ::  [3.242514133453369, -0.18021918833255768, 0.05546446889638901]
1.3207150465478728  ::  8.568303  ::  [3.2550904750823975, -0.1805107742547989, 0.055463023483753204]
1.3241373982088722  ::  8.583265  ::  [3.2739317417144775, -0.18094459176063538, 0.05546382814645767]
1.3240504200186605  ::  8.59922  ::  [3.29278826713562, -0.18137934803962708, 0.05546596273779869]
1.3226837418544233  ::  8.615347  ::  [3.299078941345215, -0.18152394890785217, 0.05546598136425018]
1.3226837418544233  ::  8.631263  ::  [3.311643600463867, -0.18181267380714417, 0.055466845631599426]
1.3205851662319368  ::  8.64727  ::  [3.3242156505584717, -0.18210284411907196, 0.055465731769800186]
1.318088838812003  ::  8.663229  ::  [3.3430726528167725, -0.1825377196073532, 0.05546606332063675]
1.3179404956409666  ::  8.67895  ::  [3.36193585395813, -0.1829718053340912, 0.05546591430902481]
1.3207803602318111  ::  8.694938  ::  [3.3744912147521973, -0.18326248228549957, 0.055464472621679306]
1.3207803602318111  ::  8.710343  ::  [3.3933427333831787, -0.1836976855993271, 0.05546355992555618]
1.322229747718029  ::  8.725841  ::  [3.405909538269043, -0.18398669362068176, 0.05546296387910843]
1.3226092501037878  ::  8.741754  ::  [3.424767255783081, -0.18442077934741974, 0.05546516925096512]
1.3196834745397892  ::  8.757713  ::  [3.456193685531616, -0.18514330685138702, 0.05546766147017479]
1.3196834745397892  ::  8.772673  ::  [3.456193685531616, -0.18514330685138702, 0.05546766147017479]
1.3178635492910982  ::  8.787662  ::  [3.4687657356262207, -0.1854335218667984, 0.055466413497924805]
