1.461358033068544  ::  0.015958  ::  [-4.524882793426514, -4.053029988426715e-05, 0.055466167628765106]
1.461358033068544  ::  0.031918  ::  [-4.524883270263672, -4.045513196615502e-05, 0.055465973913669586]
1.4613411710390307  ::  0.047098  ::  [-4.524881362915039, -4.04958518629428e-05, 0.05546627938747406]
1.5982702421985076  ::  0.062057  ::  [-4.526210308074951, -5.036668881075457e-06, 0.05668231099843979]
1.610433955336654  ::  0.077182  ::  [-4.522672176361084, -0.00014678404841106385, 0.05654264613986015]
1.3777825577237988  ::  0.093133  ::  [-4.499392986297607, -0.0007676038658246398, 0.05870033800601959]
1.3866826143774427  ::  0.109068  ::  [-4.472044944763184, -0.0015122991753742099, 0.056357841938734055]
1.3939052192596137  ::  0.124026  ::  [-4.460923194885254, -0.00177673134021461, 0.05657566338777542]
1.3774174627683204  ::  0.139984  ::  [-4.460923194885254, -0.00177673134021461, 0.05657566338777542]
1.3774174627683204  ::  0.155947  ::  [-4.445436000823975, -0.0021472754888236523, 0.05611644312739372]
1.2973706339035327  ::  0.171905  ::  [-4.42710018157959, -0.002588458824902773, 0.056893981993198395]
1.2290455835932508  ::  0.187883  ::  [-4.409082412719727, -0.0029752010013908148, 0.05588595196604729]
1.2281750546391914  ::  0.202843  ::  [-4.39409065246582, -0.0032965641003102064, 0.0556173101067543]
1.2039088866220171  ::  0.217803  ::  [-4.374638557434082, -0.003711619647219777, 0.05557021498680115]
1.2165508197237702  ::  0.233737  ::  [-4.361207008361816, -0.004010616801679134, 0.05547570437192917]
1.2172962708386537  ::  0.249694  ::  [-4.342319965362549, -0.004411031492054462, 0.05546709895133972]
1.2160343933894937  ::  0.265653  ::  [-4.329748153686523, -0.004676554352045059, 0.055468447506427765]
1.2160343933894937  ::  0.281609  ::  [-4.317175388336182, -0.004943203181028366, 0.055469151586294174]
1.2150455100637227  ::  0.297038  ::  [-4.3108906745910645, -0.005075880326330662, 0.05546961724758148]
1.2124327492627813  ::  0.312995  ::  [-4.298317909240723, -0.005342169664800167, 0.055468905717134476]
1.2115550699544348  ::  0.328653  ::  [-4.292035102844238, -0.005475381389260292, 0.05546838417649269]
1.212053460320434  ::  0.344307  ::  [-4.279463768005371, -0.005742186214774847, 0.05546749755740166]
1.214087896197746  ::  0.359934  ::  [-4.2668843269348145, -0.006009578239172697, 0.055465858429670334]
1.2157374936040097  ::  0.375732  ::  [-4.248045921325684, -0.006409595720469952, 0.05546516925096512]
1.2172616930059805  ::  0.391689  ::  [-4.235476493835449, -0.006676546297967434, 0.05546552315354347]
1.2180630662946934  ::  0.407647  ::  [-4.222894668579102, -0.0069428482092916965, 0.055463969707489014]
1.2180630662946934  ::  0.423603  ::  [-4.2040510177612305, -0.0073425970040261745, 0.05546801537275314]
1.2157678025684517  ::  0.439562  ::  [-4.1977620124816895, -0.007475458085536957, 0.05546783655881882]
1.2157678025684517  ::  0.455518  ::  [-4.18519401550293, -0.0077415332198143005, 0.05546911060810089]
1.2148731545088858  ::  0.471475  ::  [-4.178901195526123, -0.007874490693211555, 0.055468760430812836]
1.2138278154007565  ::  0.487433  ::  [-4.172621250152588, -0.00800726842135191, 0.05546918883919716]
1.2120367050126264  ::  0.50339  ::  [-4.15376615524292, -0.00840701349079609, 0.055468231439590454]
1.2122193058512185  ::  0.519347  ::  [-4.147477149963379, -0.008540957234799862, 0.055467359721660614]
1.2134936697399548  ::  0.535305  ::  [-4.128616809844971, -0.00894131325185299, 0.05546432361006737]
1.21554496764678  ::  0.550809  ::  [-4.116060256958008, -0.009208031930029392, 0.05546532943844795]
1.2170234901586763  ::  0.566794  ::  [-4.103487968444824, -0.00947487447410822, 0.05546533316373825]
1.2170234901586763  ::  0.582729  ::  [-4.090923309326172, -0.009741258807480335, 0.055466413497924805]
1.2165364122934896  ::  0.598689  ::  [-4.07206916809082, -0.010140199214220047, 0.0554678775370121]
1.2146084846785479  ::  0.614646  ::  [-4.059497356414795, -0.01040659286081791, 0.055469054728746414]
1.212719617207922  ::  0.630042  ::  [-4.046925067901611, -0.010672596283257008, 0.055468957871198654]
1.2118712863686651  ::  0.646  ::  [-4.034356594085693, -0.01093854196369648, 0.055468685925006866]
1.2118712863686651  ::  0.661959  ::  [-4.021782398223877, -0.011205191724002361, 0.05546833947300911]
1.2117793989799874  ::  0.677915  ::  [-4.0029296875, -0.011606121435761452, 0.05546606332063675]
1.212764547046056  ::  0.69318  ::  [-3.990366220474243, -0.011872591450810432, 0.05546538904309273]
1.2145797765396926  ::  0.707835  ::  [-3.977797508239746, -0.012139306403696537, 0.05546531826257706]
1.2164119747845485  ::  0.723792  ::  [-3.9652295112609863, -0.01240636594593525, 0.055465348064899445]
1.2176172897296442  ::  0.739749  ::  [-3.9652295112609863, -0.01240636594593525, 0.055465348064899445]
1.2176172897296442  ::  0.754708  ::  [-3.9526593685150146, -0.012672034092247486, 0.05546683818101883]
1.2171563586823742  ::  0.770666  ::  [-3.933802366256714, -0.013071318157017231, 0.05546865612268448]
1.2156943780348741  ::  0.785816  ::  [-3.9212324619293213, -0.01333739422261715, 0.055468857288360596]
1.2138331514860456  ::  0.801751  ::  [-3.908660411834717, -0.013603461906313896, 0.05546886473894119]
1.2117982887219108  ::  0.817708  ::  [-3.889803409576416, -0.01400313526391983, 0.0554681196808815]
1.2132540795104754  ::  0.833666  ::  [-3.877229928970337, -0.014270467683672905, 0.055466484278440475]
1.2152577795365223  ::  0.849623  ::  [-3.8583719730377197, -0.0146708395332098, 0.05546370893716812]
1.2152577795365223  ::  0.86558  ::  [-3.8458163738250732, -0.014938028529286385, 0.055465392768383026]
1.2178847343243324  ::  0.88154  ::  [-3.8332467079162598, -0.015204481780529022, 0.05546572059392929]
1.2178847343243324  ::  0.8974  ::  [-3.8206682205200195, -0.015471179969608784, 0.05546525493264198]
1.216852201820897  ::  0.913083  ::  [-3.8081068992614746, -0.015737231820821762, 0.05546792596578598]
1.2151174404934195  ::  0.929041  ::  [-3.795534372329712, -0.016003157943487167, 0.05546923726797104]
1.2129005104992214  ::  0.944999  ::  [-3.7829558849334717, -0.016269713640213013, 0.05546903982758522]
1.2122294444132677  ::  0.96004  ::  [-3.7641046047210693, -0.016668619588017464, 0.0554683580994606]
1.2114784437696837  ::  0.975916  ::  [-3.7641046047210693, -0.016668619588017464, 0.0554683580994606]
1.211805439076198  ::  0.991598  ::  [-3.7515385150909424, -0.016935531049966812, 0.05546782910823822]
1.2128311413904636  ::  1.008553  ::  [-3.72640323638916, -0.017469823360443115, 0.05546531453728676]
1.214767606741868  ::  1.023514  ::  [-3.72640323638916, -0.017469823360443115, 0.05546531453728676]
1.216508451206575  ::  1.038472  ::  [-3.713834047317505, -0.017736632376909256, 0.05546536296606064]
1.216508451206575  ::  1.05443  ::  [-3.7012569904327393, -0.01800326630473137, 0.05546557903289795]
1.2176192107203483  ::  1.069389  ::  [-3.682410478591919, -0.018402554094791412, 0.0554671585559845]
1.21624420826306  ::  1.085347  ::  [-3.676126003265381, -0.018535245209932327, 0.05546825751662254]
1.21624420826306  ::  1.100923  ::  [-3.663555860519409, -0.018801189959049225, 0.05546911805868149]
1.214447655067935  ::  1.116878  ::  [-3.6509852409362793, -0.01906697452068329, 0.05546898767352104]
1.2130698778462967  ::  1.132835  ::  [-3.6384122371673584, -0.01933380588889122, 0.055468663573265076]
1.2113435475335759  ::  1.148792  ::  [-3.6195597648620605, -0.01973358727991581, 0.05546790733933449]
1.211401710863227  ::  1.16475  ::  [-3.6069908142089844, -0.02000020630657673, 0.055466409772634506]
1.2134679498088614  ::  1.180217  ::  [-3.588141918182373, -0.020400529727339745, 0.055465370416641235]
1.216615386355768  ::  1.196174  ::  [-3.5630033016204834, -0.02093377150595188, 0.05546630918979645]
1.216615386355768  ::  1.211663  ::  [-3.5630033016204834, -0.02093377150595188, 0.05546630918979645]
1.2159216952681886  ::  1.226822  ::  [-3.53157639503479, -0.021598463878035545, 0.05546896904706955]
1.2133446862386839  ::  1.242777  ::  [-3.53157639503479, -0.021598463878035545, 0.05546896904706955]
1.2118880416764728  ::  1.258246  ::  [-3.5127203464508057, -0.021997442469000816, 0.05546902120113373]
1.2109698081199294  ::  1.274203  ::  [-3.5001509189605713, -0.02226400561630726, 0.05546814203262329]
1.2109951011641995  ::  1.29016  ::  [-3.4875762462615967, -0.022530924528837204, 0.05546705424785614]
1.2119531419169995  ::  1.315092  ::  [-3.4687302112579346, -0.02293095737695694, 0.05546609312295914]
1.2119531419169995  ::  1.322073  ::  [-3.4687302112579346, -0.02293095737695694, 0.05546609312295914]
1.2125233559909898  ::  1.337551  ::  [-3.4687302112579346, -0.02293095737695694, 0.05546609312295914]
1.2142569433797037  ::  1.353507  ::  [-3.462435245513916, -0.023064743727445602, 0.05546513572335243]
1.2142569433797037  ::  1.369462  ::  [-3.449877977371216, -0.02333107963204384, 0.05546565726399422]
1.2165608515641138  ::  1.38542  ::  [-3.4373090267181396, -0.02359781228005886, 0.05546587333083153]
1.2171767425281783  ::  1.401376  ::  [-3.431018829345703, -0.023730752989649773, 0.055465973913669586]
1.2171767425281783  ::  1.417337  ::  [-3.418455123901367, -0.023996502161026, 0.055467404425144196]
1.2165740850556306  ::  1.432649  ::  [-3.405880928039551, -0.02426263503730297, 0.055468667298555374]
1.2148626957817192  ::  1.448604  ::  [-3.393313407897949, -0.02452852390706539, 0.05546882003545761]
1.210946969674892  ::  1.464563  ::  [-3.3807413578033447, -0.02479446306824684, 0.05546937882900238]
1.2107530563354871  ::  1.479522  ::  [-3.361886501312256, -0.025193894281983376, 0.05546791851520538]
1.2109986229804903  ::  1.49601  ::  [-3.343032121658325, -0.025593837723135948, 0.055466338992118835]
1.2120116254117679  ::  1.510491  ::  [-3.343032121658325, -0.025593837723135948, 0.055466338992118835]
1.2120116254117679  ::  1.526295  ::  [-3.3304624557495117, -0.025861147791147232, 0.055465251207351685]
1.2135683749340018  ::  1.54223  ::  [-3.3178844451904297, -0.026127737015485764, 0.05546336621046066]
1.2164006622837358  ::  1.557244  ::  [-3.2927496433258057, -0.02666008099913597, 0.05546635016798973]
1.2164006622837358  ::  1.573376  ::  [-3.2927496433258057, -0.02666008099913597, 0.05546635016798973]
1.2159133709751375  ::  1.588334  ::  [-3.273895263671875, -0.027058791369199753, 0.05546821653842926]
1.2120470570180872  ::  1.604292  ::  [-3.2613301277160645, -0.02732420526444912, 0.05546896904706955]
1.2109564679067066  ::  1.620248  ::  [-3.242471218109131, -0.027723336592316628, 0.05546920374035835]
1.210682833453083  ::  1.636207  ::  [-3.2298927307128906, -0.027989860624074936, 0.055466048419475555]
1.2121162126834337  ::  1.652163  ::  [-3.2173337936401367, -0.028256624937057495, 0.055466651916503906]
1.213823119645702  ::  1.668114  ::  [-3.198474645614624, -0.02865668572485447, 0.05546491593122482]
1.213823119645702  ::  1.684057  ::  [-3.1859145164489746, -0.028922999277710915, 0.05546515807509422]
1.2165501793935356  ::  1.700015  ::  [-3.1733345985412598, -0.029190171509981155, 0.05546505004167557]
1.2165501793935356  ::  1.715972  ::  [-3.154484748840332, -0.029588546603918076, 0.055467359721660614]
1.2157490195482341  ::  1.731511  ::  [-3.141918420791626, -0.029854152351617813, 0.05546848103404045]
1.211532978561338  ::  1.747427  ::  [-3.123061418533325, -0.030252939090132713, 0.0554688535630703]
1.211532978561338  ::  1.763385  ::  [-3.1104865074157715, -0.0305190347135067, 0.05546874552965164]
1.2109936070603187  ::  1.779366  ::  [-3.0916380882263184, -0.030918750911951065, 0.05546717345714569]
1.2109936070603187  ::  1.794301  ::  [-3.079068660736084, -0.031185338273644447, 0.055466119199991226]
1.2126007292276815  ::  1.810289  ::  [-3.066500663757324, -0.031452249735593796, 0.05546540766954422]
1.2170745031340398  ::  1.826217  ::  [-3.0476467609405518, -0.03185208886861801, 0.05546533316373825]
1.2170745031340398  ::  1.842175  ::  [-3.028794288635254, -0.03225160017609596, 0.05546648055315018]
1.2158103845290584  ::  1.858132  ::  [-3.0036466121673584, -0.03278368338942528, 0.05546892061829567]
1.2140957936039738  ::  1.87509  ::  [-2.991079568862915, -0.03304964676499367, 0.05546896532177925]
1.2140957936039738  ::  1.889072  ::  [-2.991079568862915, -0.03304964676499367, 0.05546896532177925]
1.2116474909516415  ::  1.904936  ::  [-2.9722235202789307, -0.03344938904047012, 0.055468399077653885]
1.2113146259513092  ::  1.921007  ::  [-2.95965313911438, -0.03371597081422806, 0.05546737462282181]
1.2113146259513092  ::  1.93696  ::  [-2.9470863342285156, -0.033982619643211365, 0.05546648055315018]
1.2127643336026444  ::  1.952923  ::  [-2.9345192909240723, -0.03424961864948273, 0.055465374141931534]
1.2149622671332134  ::  1.968849  ::  [-2.9219489097595215, -0.03451622277498245, 0.05546516925096512]
1.216612931756535  ::  1.984806  ::  [-2.9093689918518066, -0.03478323295712471, 0.055465735495090485]
1.2163142177020527  ::  2.000805  ::  [-2.8905255794525146, -0.035181958228349686, 0.05546737462282181]
1.214770488227924  ::  2.016161  ::  [-2.8779544830322266, -0.03544770926237106, 0.05546855553984642]
1.2117993559389686  ::  2.032119  ::  [-2.865382671356201, -0.0357140488922596, 0.055469077080488205]
1.2117993559389686  ::  2.048076  ::  [-2.846524715423584, -0.03611306846141815, 0.055469173938035965]
1.2107016164733004  ::  2.063522  ::  [-2.833951950073242, -0.03637959808111191, 0.05546773970127106]
1.2123648742579045  ::  2.079499  ::  [-2.8213882446289062, -0.03664616867899895, 0.05546625703573227]
1.2142298360664352  ::  2.095457  ::  [-2.8025357723236084, -0.037046678364276886, 0.055465422570705414]
1.2142298360664352  ::  2.111397  ::  [-2.789966344833374, -0.037313155829906464, 0.05546540766954422]
1.2157177500884402  ::  2.127355  ::  [-2.7773919105529785, -0.03757951408624649, 0.055465709418058395]
1.21661154437436  ::  2.142949  ::  [-2.764828681945801, -0.03784536197781563, 0.05546707659959793]
1.2145059251192918  ::  2.159463  ::  [-2.733401298522949, -0.03850996121764183, 0.055469296872615814]
1.2145059251192918  ::  2.173547  ::  [-2.733401298522949, -0.03850996121764183, 0.055469296872615814]
1.21263263901771  ::  2.189543  ::  [-2.7208304405212402, -0.038775987923145294, 0.05546879023313522]
1.2106681058576851  ::  2.205461  ::  [-2.7082581520080566, -0.03904210776090622, 0.05546813830733299]
1.2120254992335193  ::  2.221095  ::  [-2.6956794261932373, -0.03930946812033653, 0.05546640604734421]
1.21487102007477  ::  2.237022  ::  [-2.676832675933838, -0.03970950469374657, 0.05546504259109497]
1.21487102007477  ::  2.253007  ::  [-2.657977819442749, -0.0401097871363163, 0.05546467751264572]
1.216514320900393  ::  2.268967  ::  [-2.645419120788574, -0.04037601500749588, 0.05546543747186661]
1.216956682370857  ::  2.284919  ::  [-2.639132499694824, -0.04050932824611664, 0.055466555058956146]
1.217187201255345  ::  2.30088  ::  [-2.6265621185302734, -0.040775369852781296, 0.055467505007982254]
1.214553736443482  ::  2.316834  ::  [-2.607705593109131, -0.04117400944232941, 0.05546882003545761]
1.211911947338568  ::  2.332796  ::  [-2.601422071456909, -0.04130701720714569, 0.05546875298023224]
1.2105272332060537  ::  2.348753  ::  [-2.582563877105713, -0.04170626774430275, 0.05546838417649269]
1.211222952006043  ::  2.364685  ::  [-2.5637106895446777, -0.042106010019779205, 0.05546693876385689]
1.212368396074195  ::  2.379998  ::  [-2.5511391162872314, -0.04237321764230728, 0.05546564608812332]
1.2152030313014563  ::  2.395957  ::  [-2.538574457168579, -0.04263944923877716, 0.0554657056927681]
1.2158460295787894  ::  2.411913  ::  [-2.513427257537842, -0.043172501027584076, 0.05546410754323006]
1.2158460295787894  ::  2.427541  ::  [-2.513427257537842, -0.043172501027584076, 0.05546410754323006]
1.2162000254768666  ::  2.443499  ::  [-2.5008673667907715, -0.043438203632831573, 0.05546693503856659]
1.2150869180855661  ::  2.459456  ::  [-2.488295316696167, -0.04370412230491638, 0.05546770989894867]
1.2150869180855661  ::  2.475438  ::  [-2.475714683532715, -0.04397016391158104, 0.05546685308218002]
1.2106773906460881  ::  2.492398  ::  [-2.444298267364502, -0.04463488236069679, 0.05546833947300911]
1.2100988522790468  ::  2.508389  ::  [-2.4317286014556885, -0.04490198940038681, 0.055467210710048676]
1.2100988522790468  ::  2.52339  ::  [-2.4317286014556885, -0.04490198940038681, 0.055467210710048676]
1.210488066340032  ::  2.539332  ::  [-2.425446033477783, -0.04503508657217026, 0.05546635389328003]
1.2122300847435024  ::  2.555289  ::  [-2.4065937995910645, -0.04543537646532059, 0.05546540021896362]
1.2157179635318518  ::  2.571221  ::  [-2.3940258026123047, -0.04570155590772629, 0.05546509474515915]
1.2157179635318518  ::  2.586693  ::  [-2.3814468383789062, -0.04596821591258049, 0.055465590208768845]
1.2162836952941993  ::  2.602691  ::  [-2.3688879013061523, -0.046233657747507095, 0.055466704070568085]
1.215668017773546  ::  2.618631  ::  [-2.3563055992126465, -0.04649997502565384, 0.055466242134571075]
1.2143316485737508  ::  2.63457  ::  [-2.3437447547912598, -0.04676487296819687, 0.05546891689300537]
1.2101020539302203  ::  2.649869  ::  [-2.32488751411438, -0.04716354236006737, 0.055469002574682236]
1.2096602260682852  ::  2.664829  ::  [-2.3123157024383545, -0.047429777681827545, 0.055468395352363586]
1.2096602260682852  ::  2.68079  ::  [-2.2997450828552246, -0.04769657924771309, 0.055467065423727036]
1.2116392733802963  ::  2.696746  ::  [-2.287179946899414, -0.04796287789940834, 0.05546595901250839]
1.2116392733802963  ::  2.712702  ::  [-2.2746124267578125, -0.04822949692606926, 0.05546543747186661]
1.2145490406884276  ::  2.728667  ::  [-2.2620458602905273, -0.04849562421441078, 0.05546502768993378]
1.2150528738614217  ::  2.744625  ::  [-2.243189573287964, -0.048895034939050674, 0.05546657368540764]
1.2154246922843643  ::  2.760583  ::  [-2.2306199073791504, -0.04916038736701012, 0.0554676428437233]
1.2154246922843643  ::  2.775541  ::  [-2.2306199073791504, -0.04916038736701012, 0.0554676428437233]
1.2126445918487576  ::  2.791499  ::  [-2.2054762840270996, -0.049691542983055115, 0.05546931177377701]
1.2107559378215433  ::  2.807457  ::  [-2.1929049491882324, -0.049957048147916794, 0.055469341576099396]
1.2086061357802818  ::  2.822417  ::  [-2.1929049491882324, -0.049957048147916794, 0.055469341576099396]
1.2086779594882726  ::  2.83789  ::  [-2.1740496158599854, -0.05035595968365669, 0.055467694997787476]
1.2086779594882726  ::  2.853848  ::  [-2.1677660942077637, -0.05048902705311775, 0.05546695739030838]
1.2100972514534603  ::  2.869323  ::  [-2.1614830493927, -0.05062244087457657, 0.05546640604734421]
1.2127700965747565  ::  2.885028  ::  [-2.148912191390991, -0.05088893324136734, 0.05546518787741661]
1.2127700965747565  ::  2.900986  ::  [-2.130056381225586, -0.051288336515426636, 0.05546540021896362]
1.215158741793557  ::  2.916943  ::  [-2.11749267578125, -0.05155429244041443, 0.05546591058373451]
1.215158741793557  ::  2.9329  ::  [-2.104918956756592, -0.05182012543082237, 0.05546703189611435]
1.2148181928304083  ::  2.94886  ::  [-2.0923519134521484, -0.052085064351558685, 0.055468007922172546]
1.2114814319774456  ::  2.963818  ::  [-2.073493003845215, -0.05248316377401352, 0.05546915531158447]
1.2090996169478152  ::  2.978778  ::  [-2.048352003097534, -0.05301537737250328, 0.05546824634075165]
1.2090996169478152  ::  2.994735  ::  [-2.048352003097534, -0.05301537737250328, 0.05546824634075165]
1.2086903392061434  ::  3.010058  ::  [-2.035775899887085, -0.05328182131052017, 0.055466439574956894]
1.2097412278429733  ::  3.026804  ::  [-2.016920804977417, -0.053681232035160065, 0.05546535551548004]
1.2118116289351333  ::  3.041763  ::  [-2.016920804977417, -0.053681232035160065, 0.05546535551548004]
1.213541374342439  ::  3.057722  ::  [-2.0043630599975586, -0.05394740030169487, 0.05546507611870766]
1.2150359051102024  ::  3.073677  ::  [-1.9792207479476929, -0.05447883531451225, 0.05546635016798973]
1.2151824340122404  ::  3.089635  ::  [-1.9792207479476929, -0.05447883531451225, 0.05546635016798973]
1.2151824340122404  ::  3.104759  ::  [-1.9603641033172607, -0.05487779527902603, 0.05546777322888374]
1.2121046867392091  ::  3.119718  ::  [-1.947797417640686, -0.05514327436685562, 0.05546897277235985]
1.2121046867392091  ::  3.135676  ::  [-1.9352233409881592, -0.05540868639945984, 0.05546928197145462]
1.2103902025358302  ::  3.151633  ::  [-1.9226551055908203, -0.05567440018057823, 0.05546869710087776]
1.2096568109737  ::  3.167562  ::  [-1.910085678100586, -0.05594124644994736, 0.055467475205659866]
1.2096568109737  ::  3.18352  ::  [-1.8975142240524292, -0.056207649409770966, 0.055466603487730026]
1.21308193739905  ::  3.198953  ::  [-1.8849490880966187, -0.056474022567272186, 0.05546557903289795]
1.21308193739905  ::  3.214892  ::  [-1.8723820447921753, -0.056740716099739075, 0.05546513944864273]
1.2160506150887724  ::  3.230826  ::  [-1.8598122596740723, -0.0570073202252388, 0.055465713143348694]
1.2160506150887724  ::  3.246802  ::  [-1.8409477472305298, -0.05740612745285034, 0.055464960634708405]
1.2135291013462743  ::  3.262741  ::  [-1.8283873796463013, -0.05767142400145531, 0.05546822398900986]
1.2135291013462743  ::  3.278727  ::  [-1.8095295429229736, -0.0580701008439064, 0.0554688535630703]
1.209914223728045  ::  3.294688  ::  [-1.7781039476394653, -0.05873527377843857, 0.05546746030449867]
1.210175478463798  ::  3.310648  ::  [-1.7781039476394653, -0.05873527377843857, 0.05546746030449867]
1.210175478463798  ::  3.326486  ::  [-1.7655370235443115, -0.05900225788354874, 0.05546630918979645]
1.2133262233835838  ::  3.342415  ::  [-1.7529685497283936, -0.059268586337566376, 0.05546535551548004]
1.2158039812267116  ::  3.358375  ::  [-1.7215485572814941, -0.05993453413248062, 0.05546558275818825]
1.2158636386602435  ::  3.37533  ::  [-1.702691912651062, -0.060333333909511566, 0.05546734482049942]
1.2151736828323663  ::  3.39031  ::  [-1.702691912651062, -0.060333333909511566, 0.05546734482049942]
1.2151736828323663  ::  3.405844  ::  [-1.690119743347168, -0.06059904769062996, 0.05546808987855911]
1.213554607833956  ::  3.421652  ::  [-1.6775481700897217, -0.06086452305316925, 0.055469151586294174]
1.2107099407663515  ::  3.437608  ::  [-1.6586936712265015, -0.06126408278942108, 0.05546838790178299]
1.2102466618415542  ::  3.452572  ::  [-1.6461204290390015, -0.06153028458356857, 0.05546729266643524]
1.2107835787433407  ::  3.468524  ::  [-1.633544683456421, -0.061797354370355606, 0.05546540766954422]
1.212373305272661  ::  3.483489  ::  [-1.6272705793380737, -0.06193006411194801, 0.05546582490205765]
1.2133162982649461  ::  3.499429  ::  [-1.6146914958953857, -0.062197495251894, 0.055464524775743484]
1.2133162982649461  ::  3.51547  ::  [-1.6084191799163818, -0.06233016401529312, 0.05546479672193527]
1.2148926845810437  ::  3.531468  ::  [-1.595846176147461, -0.06259647756814957, 0.05546572431921959]
1.2155204216544504  ::  3.547383  ::  [-1.5895664691925049, -0.06272924691438675, 0.05546589195728302]
1.214786069596968  ::  3.563367  ::  [-1.5769970417022705, -0.06299494951963425, 0.05546697601675987]
1.214786069596968  ::  3.579315  ::  [-1.5581375360488892, -0.0633934736251831, 0.0554686114192009]
1.2113809001305995  ::  3.594531  ::  [-1.5455682277679443, -0.06365935504436493, 0.05546905845403671]
1.2100405822276903  ::  3.610166  ::  [-1.5141448974609375, -0.06432512402534485, 0.05546718090772629]
1.210264377644714  ::  3.626124  ::  [-1.5015747547149658, -0.06459130346775055, 0.055466458201408386]
1.211335223240525  ::  3.643353  ::  [-1.4890084266662598, -0.0648583173751831, 0.05546511337161064]
1.2131160883449  ::  3.657054  ::  [-1.4764409065246582, -0.06512434035539627, 0.055464860051870346]
1.2153694104407695  ::  3.672038  ::  [-1.4764409065246582, -0.06512434035539627, 0.055464860051870346]
1.2153694104407695  ::  3.688063  ::  [-1.457576870918274, -0.0655239000916481, 0.055464062839746475]
1.2152879817792583  ::  3.70402  ::  [-1.4513001441955566, -0.06565652787685394, 0.055466391146183014]
1.2137598336741737  ::  3.720004  ::  [-1.4324463605880737, -0.06605533510446548, 0.05546780675649643]
1.2137598336741737  ::  3.735961  ::  [-1.4198702573776245, -0.06632085144519806, 0.05546844005584717]
1.210445057492602  ::  3.751934  ::  [-1.4073024988174438, -0.06658674776554108, 0.05546905845403671]
1.209873776201554  ::  3.76785  ::  [-1.3947319984436035, -0.06685231626033783, 0.055468302220106125]
1.2101908463894304  ::  3.783831  ::  [-1.3758721351623535, -0.06725220382213593, 0.05546644702553749]
1.2101908463894304  ::  3.799786  ::  [-1.3695955276489258, -0.06738559156656265, 0.05546586960554123]
1.2141936574081753  ::  3.81575  ::  [-1.3507421016693115, -0.06778548657894135, 0.05546524003148079]
1.2141936574081753  ::  3.831518  ::  [-1.338175654411316, -0.06805171072483063, 0.055465102195739746]
1.215537710570787  ::  3.847515  ::  [-1.3256043195724487, -0.06831809878349304, 0.05546575039625168]
1.2160345001111996  ::  3.86347  ::  [-1.313035011291504, -0.06858371198177338, 0.05546732619404793]
1.215515192290867  ::  3.879432  ::  [-1.3004649877548218, -0.06884939223527908, 0.05546783655881882]
1.2107866736728083  ::  3.895509  ::  [-1.281607747077942, -0.06924805045127869, 0.055468570441007614]
1.2107866736728083  ::  3.911343  ::  [-1.2627506256103516, -0.06964711844921112, 0.055468641221523285]
1.2098391983688805  ::  3.92769  ::  [-1.2501800060272217, -0.06991379708051682, 0.055467233061790466]
1.212484295846674  ::  3.944637  ::  [-1.218761920928955, -0.07058011740446091, 0.05546525493264198]
1.212484295846674  ::  3.959595  ::  [-1.218761920928955, -0.07058011740446091, 0.05546525493264198]
1.2145126485867561  ::  3.97558  ::  [-1.2061834335327148, -0.07084710896015167, 0.05546335503458977]
1.2161708904511883  ::  3.992515  ::  [-1.1747679710388184, -0.07151121646165848, 0.055467478930950165]
1.2151857423851198  ::  4.006735  ::  [-1.1747679710388184, -0.07151121646165848, 0.055467478930950165]
1.21426665505493  ::  4.022692  ::  [-1.1621854305267334, -0.07177732139825821, 0.05546839162707329]
1.2117347893069708  ::  4.037652  ::  [-1.1559090614318848, -0.07191003113985062, 0.05546877533197403]
1.2117347893069708  ::  4.053611  ::  [-1.1370434761047363, -0.072309210896492, 0.05546726658940315]
1.2175659565891634  ::  4.069566  ::  [-1.1244772672653198, -0.07257707417011261, 0.05546722561120987]
1.2175612608341089  ::  4.085039  ::  [-1.1056263446807861, -0.07298008352518082, 0.055466245859861374]
1.2188470439453638  ::  4.100994  ::  [-1.0930581092834473, -0.07324842363595963, 0.05546519160270691]
1.2206048571612902  ::  4.116701  ::  [-1.0804857015609741, -0.07351643592119217, 0.05546509474515915]
1.2230945678354654  ::  4.132785  ::  [-1.0742050409317017, -0.07365014404058456, 0.05546524375677109]
1.2235976539565192  ::  4.148742  ::  [-1.0616284608840942, -0.073917917907238, 0.055465858429670334]
1.2235976539565192  ::  4.164859  ::  [-1.0490655899047852, -0.07418552041053772, 0.05546737089753151]
1.2214388872919721  ::  4.180373  ::  [-1.0364948511123657, -0.07445313036441803, 0.05546807497739792]
1.219658128909303  ::  4.196337  ::  [-1.0239206552505493, -0.07472039014101028, 0.0554690882563591]
1.217914296236834  ::  4.214137  ::  [-0.9924966096878052, -0.07538957893848419, 0.055467620491981506]
1.217914296236834  ::  4.228128  ::  [-0.9924966096878052, -0.07538957893848419, 0.055467620491981506]
1.2181503646500225  ::  4.244081  ::  [-0.9862135052680969, -0.07552360743284225, 0.05546725168824196]
1.2203540611527037  ::  4.260014  ::  [-0.9547845721244812, -0.07619508355855942, 0.05546456202864647]
1.222269075441246  ::  4.275972  ::  [-0.9422248601913452, -0.076462522149086, 0.05546509101986885]
1.2236098202309784  ::  4.29193  ::  [-0.9422248601913452, -0.076462522149086, 0.05546509101986885]
1.2239219812203892  ::  4.309883  ::  [-0.9170843362808228, -0.07699785381555557, 0.05546719580888748]
1.2239219812203892  ::  4.323457  ::  [-0.9170843362808228, -0.07699785381555557, 0.05546719580888748]
1.2231621226752252  ::  4.339416  ::  [-0.9045145511627197, -0.07726537436246872, 0.05546779930591583]
1.2194851330242311  ::  4.354971  ::  [-0.8919419050216675, -0.07753268629312515, 0.055469218641519547]
1.2174468551655113  ::  4.370899  ::  [-0.8793712854385376, -0.07780009508132935, 0.05546850711107254]
1.2174468551655113  ::  4.386879  ::  [-0.8605104684829712, -0.07820206880569458, 0.05546725541353226]
1.2172128144647325  ::  4.40284  ::  [-0.847947359085083, -0.07847009599208832, 0.05546646565198898]
1.218271707229496  ::  4.418797  ::  [-0.8353787660598755, -0.07873834669589996, 0.05546582117676735]
1.219728885400236  ::  4.434752  ::  [-0.8228063583374023, -0.07900698482990265, 0.055464766919612885]
1.223168099090749  ::  4.450738  ::  [-0.8102320432662964, -0.07927486300468445, 0.05546354874968529]
1.2229520943582473  ::  4.466696  ::  [-0.7913793325424194, -0.07967586070299149, 0.05546606332063675]
1.2229520943582473  ::  4.482653  ::  [-0.7788172960281372, -0.07994344085454941, 0.055467817932367325]
1.2208787050583254  ::  4.498611  ::  [-0.7599598169326782, -0.08034368604421616, 0.05546889454126358]
1.219034447260716  ::  4.514247  ::  [-0.747390627861023, -0.08061157166957855, 0.05546879023313522]
1.2170197548989738  ::  4.530205  ::  [-0.734819769859314, -0.08087899535894394, 0.05546794831752777]
1.2174893304044123  ::  4.545295  ::  [-0.7096830606460571, -0.08141547441482544, 0.055465832352638245]
1.2189052072750148  ::  4.560284  ::  [-0.7096830606460571, -0.08141547441482544, 0.055465832352638245]
1.2189052072750148  ::  4.576213  ::  [-0.6971149444580078, -0.0816831886768341, 0.055464714765548706]
1.2215794397784863  ::  4.592412  ::  [-0.6782610416412354, -0.08208524435758591, 0.055464960634708405]
1.2215794397784863  ::  4.606405  ::  [-0.6782610416412354, -0.08208524435758591, 0.055464960634708405]
1.2230751444850132  ::  4.622373  ::  [-0.6656941771507263, -0.08235296607017517, 0.05546562373638153]
1.2230751444850132  ::  4.638297  ::  [-0.6531221866607666, -0.08262042701244354, 0.05546732246875763]
1.2198492674843575  ::  4.654255  ::  [-0.6405400633811951, -0.08288762718439102, 0.0554676316678524]
1.2189763906527709  ::  4.67021  ::  [-0.6216846704483032, -0.08328884840011597, 0.05546846240758896]
1.2189763906527709  ::  4.686167  ::  [-0.6154075860977173, -0.0834222063422203, 0.05546868219971657]
1.2168952106683268  ::  4.701874  ::  [-0.6028269529342651, -0.08369018137454987, 0.0554661825299263]
1.2174203881824774  ::  4.717861  ::  [-0.5902683138847351, -0.08395812660455704, 0.05546731501817703]
1.2195254738290164  ::  4.733816  ::  [-0.5776915550231934, -0.08422602713108063, 0.05546541512012482]
1.2220802847437187  ::  4.749779  ::  [-0.5588469505310059, -0.08462854474782944, 0.05546478182077408]
1.2228685312626204  ::  4.765386  ::  [-0.5399900674819946, -0.08503018319606781, 0.055465783923864365]
1.2228685312626204  ::  4.78032  ::  [-0.5211417078971863, -0.08543111383914948, 0.05546730011701584]
1.220810509888331  ::  4.795867  ::  [-0.5085697770118713, -0.08569787442684174, 0.05546823889017105]
1.218851846422124  ::  4.811802  ::  [-0.4959985017776489, -0.08596564829349518, 0.055469028651714325]
1.217333730157383  ::  4.82727  ::  [-0.47085797786712646, -0.08650019019842148, 0.0554681196808815]
1.217333730157383  ::  4.843223  ::  [-0.47085797786712646, -0.08650019019842148, 0.0554681196808815]
1.2178059737054658  ::  4.858484  ::  [-0.45200568437576294, -0.08690249919891357, 0.05546606332063675]
1.2185040403829823  ::  4.874392  ::  [-0.4331517815589905, -0.0873049944639206, 0.05546516925096512]
1.2203862911078498  ::  4.889348  ::  [-0.4331517815589905, -0.0873049944639206, 0.05546516925096512]
1.2203862911078498  ::  4.904367  ::  [-0.42058002948760986, -0.08757264912128448, 0.055465005338191986]
1.222739397998625  ::  4.920356  ::  [-0.40801629424095154, -0.08784053474664688, 0.05546551197767258]
1.221961930372007  ::  4.935313  ::  [-0.3954354226589203, -0.08810816705226898, 0.05546599626541138]
1.2203152144517992  ::  4.950449  ::  [-0.37657687067985535, -0.08850839734077454, 0.055467426776885986]
1.2203152144517992  ::  4.966398  ::  [-0.3640172481536865, -0.08877548575401306, 0.055468667298555374]
1.217490931229999  ::  4.981358  ::  [-0.3451624810695648, -0.08917679637670517, 0.05546820908784866]
1.2169510261204506  ::  4.996315  ::  [-0.338876873254776, -0.0893101692199707, 0.05546807497739792]
1.2170249842625571  ::  5.012278  ::  [-0.32630762457847595, -0.08957812190055847, 0.05546693131327629]
1.2185175940396165  ::  5.027282  ::  [-0.3137402832508087, -0.0898464024066925, 0.0554659366607666]
1.2213060187682743  ::  5.043239  ::  [-0.3011729121208191, -0.09011447429656982, 0.05546525865793228]
1.2225173101288938  ::  5.058835  ::  [-0.28231939673423767, -0.09051676094532013, 0.05546513572335243]
1.2224143236828147  ::  5.07579  ::  [-0.2508918344974518, -0.09118501842021942, 0.05546746402978897]
1.2212135977710674  ::  5.091747  ::  [-0.23832304775714874, -0.09145203232765198, 0.05546865239739418]
1.2184231453299998  ::  5.105708  ::  [-0.23832304775714874, -0.09145203232765198, 0.05546865239739418]
1.2184231453299998  ::  5.121234  ::  [-0.21946564316749573, -0.09185267984867096, 0.055469051003456116]
1.216540147553192  ::  5.137189  ::  [-0.20061255991458893, -0.09225424379110336, 0.05546702817082405]
1.2170062012423397  ::  5.153146  ::  [-0.18804247677326202, -0.0925222784280777, 0.05546589568257332]
1.2170062012423397  ::  5.169142  ::  [-0.1817590296268463, -0.09265598654747009, 0.0554656907916069]
1.217602241969129  ::  5.185077  ::  [-0.17547516524791718, -0.09279026091098785, 0.055465035140514374]
1.219349383014477  ::  5.200844  ::  [-0.16290542483329773, -0.09305846691131592, 0.05546502768993378]
1.222412722857228  ::  5.216799  ::  [-0.15032820403575897, -0.093326136469841, 0.055464889854192734]
1.222412722857228  ::  5.232756  ::  [-0.13776785135269165, -0.09359364211559296, 0.0554666668176651]
1.2224653366581781  ::  5.248126  ::  [-0.11891326308250427, -0.09399428963661194, 0.05546776205301285]
1.2193843877339734  ::  5.264091  ::  [-0.10634191334247589, -0.09426149725914001, 0.055468425154685974]
1.2176753463375893  ::  5.280046  ::  [-0.09377044439315796, -0.09452851116657257, 0.05546872690320015]
1.216746227167056  ::  5.296075  ::  [-0.08119859546422958, -0.09479610621929169, 0.055467963218688965]
1.2167484683228775  ::  5.311608  ::  [-0.0560603030025959, -0.09533178061246872, 0.05546607822179794]
1.2178061871488775  ::  5.327567  ::  [-0.0560603030025959, -0.09533178061246872, 0.05546607822179794]
1.2196017798486503  ::  5.343523  ::  [-0.04348520189523697, -0.09560045599937439, 0.05546494200825691]
1.2205190529098418  ::  5.360615  ::  [-0.02463807910680771, -0.09600219130516052, 0.05546458810567856]
1.2205190529098418  ::  5.375299  ::  [-0.02463807910680771, -0.09600219130516052, 0.05546458810567856]
1.222390204577308  ::  5.390547  ::  [0.013067757710814476, -0.09680364280939102, 0.05546719208359718]
1.221068349529499  ::  5.405537  ::  [0.013067757710814476, -0.09680364280939102, 0.05546719208359718]
1.221068349529499  ::  5.42149  ::  [0.025639865547418594, -0.09707092493772507, 0.05546792224049568]
1.2193092556531033  ::  5.436728  ::  [0.038213275372982025, -0.09733782708644867, 0.05546759068965912]
1.2182980674908241  ::  5.451836  ::  [0.04448804259300232, -0.09746567159891129, 0.05546141415834427]
1.206351959910766  ::  5.467817  ::  [0.06334201246500015, -0.09786371886730194, 0.055459730327129364]
1.206351959910766  ::  5.483779  ::  [0.07588699460029602, -0.0981074795126915, 0.055436767637729645]
1.2072640036083742  ::  5.499735  ::  [0.0884789228439331, -0.09840232133865356, 0.05546436831355095]
1.21000845899425  ::  5.51567  ::  [0.10733289271593094, -0.0988021045923233, 0.0554644837975502]
1.2116715033354424  ::  5.531766  ::  [0.11989990621805191, -0.09906697273254395, 0.05546451359987259]
1.2128530193401488  ::  5.5477  ::  [0.13874977827072144, -0.09946929663419724, 0.055460475385189056]
1.2219097434578798  ::  5.563657  ::  [0.157602459192276, -0.09987112134695053, 0.05546221882104874]
1.2219097434578798  ::  5.579643  ::  [0.17016512155532837, -0.10014668107032776, 0.055454883724451065]
1.2195538618027544  ::  5.595572  ::  [0.18903067708015442, -0.10053548961877823, 0.05546719953417778]
1.2204899178841635  ::  5.610532  ::  [0.2078830450773239, -0.1009371280670166, 0.05546528473496437]
1.2232800501601138  ::  5.626491  ::  [0.22045308351516724, -0.1012062206864357, 0.055463798344135284]
1.2232800501601138  ::  5.6425  ::  [0.23930266499519348, -0.10160991549491882, 0.0554644837975502]
1.2255816104669963  ::  5.659457  ::  [0.27072784304618835, -0.10227936506271362, 0.05546686798334122]
1.2245809877535896  ::  5.674415  ::  [0.2832985520362854, -0.10254736244678497, 0.05546776205301285]
1.2218555288313429  ::  5.690447  ::  [0.2832985520362854, -0.10254736244678497, 0.05546776205301285]
1.2218555288313429  ::  5.706404  ::  [0.3021557629108429, -0.10294937342405319, 0.055467892438173294]
1.219587799305193  ::  5.722361  ::  [0.3210093080997467, -0.10335157811641693, 0.05546680837869644]
1.219587799305193  ::  5.738221  ::  [0.3398624062538147, -0.10375409573316574, 0.055464718490839005]
1.2235790843797134  ::  5.753181  ::  [0.35243186354637146, -0.10402348637580872, 0.055463992059230804]
1.224989518443321  ::  5.769216  ::  [0.37128379940986633, -0.10442601889371872, 0.05546427518129349]
1.2256657071711523  ::  5.785098  ::  [0.3838522136211395, -0.10469457507133484, 0.055464424192905426]
1.2256657071711523  ::  5.800056  ::  [0.3964219391345978, -0.1049625426530838, 0.055465832352638245]
1.2255118144714154  ::  5.816013  ::  [0.4027079641819, -0.10509628057479858, 0.05546656996011734]
1.2237680885206523  ::  5.832117  ::  [0.41527944803237915, -0.10536371171474457, 0.05546719580888748]
1.2219542464091908  ::  5.848073  ::  [0.42156532406806946, -0.10549777746200562, 0.055467259138822556]
1.2196749909388163  ::  5.864031  ::  [0.4341338872909546, -0.10576469451189041, 0.05546707659959793]
1.2193081884360455  ::  5.880189  ::  [0.4529905915260315, -0.10616825520992279, 0.05546670779585838]
1.2193081884360455  ::  5.896092  ::  [0.45928215980529785, -0.10630222409963608, 0.055466122925281525]
1.2213537233707585  ::  5.912049  ::  [0.47184351086616516, -0.10657115280628204, 0.05546452850103378]
1.224203299636829  ::  5.927085  ::  [0.4906947910785675, -0.10697371512651443, 0.05546361207962036]
1.2254852407666759  ::  5.942094  ::  [0.5095601081848145, -0.10737666487693787, 0.055463872849941254]
1.224960169974231  ::  5.958438  ::  [0.5409743785858154, -0.1080462783575058, 0.05546687915921211]
1.224960169974231  ::  5.973398  ::  [0.5409743785858154, -0.1080462783575058, 0.05546687915921211]
1.220620972138863  ::  5.989447  ::  [0.5598313808441162, -0.10844782739877701, 0.05546773225069046]
1.220620972138863  ::  6.005396  ::  [0.5724024772644043, -0.10871552675962448, 0.055467210710048676]
1.2192568552955647  ::  6.021381  ::  [0.5912561416625977, -0.10911749303340912, 0.05546583980321884]
1.2204555534949018  ::  6.036471  ::  [0.6038297414779663, -0.10938645899295807, 0.05546463280916214]
1.2213060187682743  ::  6.052433  ::  [0.6163928508758545, -0.1096552163362503, 0.05546393245458603]
1.2213060187682743  ::  6.067364  ::  [0.6226767301559448, -0.10978963971138, 0.05546369403600693]
1.2245659399930744  ::  6.082358  ::  [0.6352441906929016, -0.11005779355764389, 0.055463194847106934]
1.2245659399930744  ::  6.098157  ::  [0.647815465927124, -0.11032599210739136, 0.05546426773071289]
1.2250935721064578  ::  6.114114  ::  [0.6666762828826904, -0.11072790622711182, 0.05546542629599571]
1.221478054157994  ::  6.129526  ::  [0.6855337619781494, -0.11112920194864273, 0.0554669126868248]
1.2191558965618954  ::  6.144811  ::  [0.6980990171432495, -0.11139678955078125, 0.05546777695417404]
1.2187719118644937  ::  6.160755  ::  [0.7169530391693115, -0.11179979145526886, 0.05546592175960541]
1.2187719118644937  ::  6.176712  ::  [0.7295231223106384, -0.11206784844398499, 0.05546538531780243]
1.223123062530909  ::  6.192642  ::  [0.7483723163604736, -0.11247065663337708, 0.05546288192272186]
1.2250166257565895  ::  6.20868  ::  [0.7672300338745117, -0.11287335306406021, 0.05546312406659126]
1.2249752177347462  ::  6.225363  ::  [0.8049367666244507, -0.11367687582969666, 0.05546656250953674]
1.2249752177347462  ::  6.240113  ::  [0.8049367666244507, -0.11367687582969666, 0.05546656250953674]
1.2209777428012905  ::  6.256082  ::  [0.8175092935562134, -0.11394431442022324, 0.055466946214437485]
1.2209777428012905  ::  6.272024  ::  [0.8363660573959351, -0.1143469288945198, 0.055466871708631516]
1.2197558859917987  ::  6.287956  ::  [0.8552192449569702, -0.11474953591823578, 0.05546604469418526]
1.2218088914459164  ::  6.30333  ::  [0.8677961230278015, -0.11501802504062653, 0.05546370893716812]
1.2218088914459164  ::  6.319304  ::  [0.8866472244262695, -0.11542127281427383, 0.055462513118982315]
1.2242946534169779  ::  6.335239  ::  [0.8992059230804443, -0.1156899556517601, 0.05546257644891739]
1.2242946534169779  ::  6.351173  ::  [0.9054943323135376, -0.11582362651824951, 0.055463604629039764]
1.2254404176502476  ::  6.367131  ::  [0.9243529438972473, -0.11622630804777145, 0.05546499416232109]
1.222755406254492  ::  6.383088  ::  [0.9432061910629272, -0.11662696301937103, 0.05546582117676735]
1.222755406254492  ::  6.399048  ::  [0.9557750225067139, -0.11689472943544388, 0.05546719953417778]
1.2202896012424116  ::  6.415003  ::  [0.9746296405792236, -0.11729755252599716, 0.05546650290489197]
1.2196669868108827  ::  6.430963  ::  [0.9872115254402161, -0.11756604164838791, 0.055464573204517365]
1.2198029502640484  ::  6.44592  ::  [0.9997670650482178, -0.11783449351787567, 0.05546382814645767]
1.2227180536574687  ::  6.460883  ::  [1.006056308746338, -0.1179686039686203, 0.055463142693042755]
1.22444107559731  ::  6.476535  ::  [1.02490234375, -0.11837264895439148, 0.05546247586607933]
1.225467524963516  ::  6.492495  ::  [1.056329369544983, -0.11904250830411911, 0.055465228855609894]
1.2242891038882773  ::  6.508011  ::  [1.0751944780349731, -0.11944355070590973, 0.055464886128902435]
1.2226903060139653  ::  6.524965  ::  [1.0877549648284912, -0.11971119791269302, 0.05546683818101883]
1.2201719939226405  ::  6.539947  ::  [1.0877549648284912, -0.11971119791269302, 0.05546683818101883]
1.219459839979961  ::  6.555881  ::  [1.1066110134124756, -0.12011423707008362, 0.055466845631599426]
1.219459839979961  ::  6.571863  ::  [1.1191809177398682, -0.12038229405879974, 0.05546499043703079]
1.221623515842974  ::  6.58782  ::  [1.1380325555801392, -0.12078537046909332, 0.05546340346336365]
1.2240638143673725  ::  6.602761  ::  [1.1506004333496094, -0.12105431407690048, 0.05546291917562485]
1.2240638143673725  ::  6.617939  ::  [1.169452428817749, -0.12145671993494034, 0.05546347051858902]
1.2245893120466405  ::  6.63387  ::  [1.1820231676101685, -0.12172453105449677, 0.05546412244439125]
1.2245893120466405  ::  6.649816  ::  [1.2008781433105469, -0.1221260130405426, 0.05546576529741287]
1.2203085977060408  ::  6.665746  ::  [1.2134511470794678, -0.12239336967468262, 0.0554666742682457]
1.2191456512781405  ::  6.681731  ::  [1.232321858406067, -0.12279544770717621, 0.05546652525663376]
1.2191456512781405  ::  6.697661  ::  [1.2448756694793701, -0.1230638325214386, 0.05546598881483078]
1.220431541111101  ::  6.713661  ::  [1.2574440240859985, -0.12333223968744278, 0.05546378344297409]
1.220431541111101  ::  6.729595  ::  [1.2762969732284546, -0.12373531609773636, 0.055462636053562164]
1.2245508922325592  ::  6.745553  ::  [1.2888755798339844, -0.12400352954864502, 0.05546123906970024]
1.2246884565113114  ::  6.761044  ::  [1.3077250719070435, -0.12440591305494308, 0.05546411871910095]
1.2236843119816139  ::  6.776977  ::  [1.3265738487243652, -0.12480711936950684, 0.05546487867832184]
1.2236843119816139  ::  6.792958  ::  [1.3391468524932861, -0.125074103474617, 0.055466435849666595]
1.2187902679978881  ::  6.808897  ::  [1.3768588304519653, -0.1258782595396042, 0.05546605959534645]
1.218800620003349  ::  6.825853  ::  [1.3957101106643677, -0.1262812614440918, 0.0554632693529129]
1.2201344278822055  ::  6.840811  ::  [1.4082791805267334, -0.12654970586299896, 0.055462755262851715]
1.2229129274922255  ::  6.855771  ::  [1.4082791805267334, -0.12654970586299896, 0.055462755262851715]
1.224377149295547  ::  6.870731  ::  [1.4271321296691895, -0.1269531100988388, 0.05546291917562485]
1.224377149295547  ::  6.886446  ::  [1.4397118091583252, -0.12722066044807434, 0.055461782962083817]
1.2246713810383865  ::  6.902403  ::  [1.4585564136505127, -0.12762156128883362, 0.055465217679739]
1.2207727304044844  ::  6.918361  ::  [1.4711283445358276, -0.12788930535316467, 0.055466245859861374]
1.2186369089066802  ::  6.933885  ::  [1.4899866580963135, -0.1282910704612732, 0.05546661093831062]
1.2186616683424214  ::  6.949488  ::  [1.5088427066802979, -0.12869340181350708, 0.055465131998062134]
1.2192946347794114  ::  6.965445  ::  [1.527703046798706, -0.12909632921218872, 0.05546177551150322]
1.2192946347794114  ::  6.980758  ::  [1.5339789390563965, -0.12923067808151245, 0.05546311289072037]
1.2231774906008577  ::  6.995718  ::  [1.5465569496154785, -0.12949904799461365, 0.05546126887202263]
1.2231774906008577  ::  7.011675  ::  [1.559112787246704, -0.1297668218612671, 0.05546288937330246]
1.2248748993313117  ::  7.027609  ::  [1.5779696702957153, -0.1301686018705368, 0.0554647259414196]
1.2247538769169555  ::  7.043271  ::  [1.5905418395996094, -0.13043665885925293, 0.05546475574374199]
1.220385117169086  ::  7.058527  ::  [1.6094025373458862, -0.13083775341510773, 0.05546574294567108]
1.2190840728539045  ::  7.075482  ::  [1.6471062898635864, -0.13164213299751282, 0.05546475201845169]
1.2190840728539045  ::  7.089468  ::  [1.6471062898635864, -0.13164213299751282, 0.05546475201845169]
1.221500465716208  ::  7.105431  ::  [1.6659579277038574, -0.13204558193683624, 0.055462904274463654]
1.2231556126511725  ::  7.121359  ::  [1.6785250902175903, -0.13231384754180908, 0.055461760610342026]
1.2244956103889644  ::  7.136319  ::  [1.6910967826843262, -0.1325821578502655, 0.05546298623085022]
1.2244956103889644  ::  7.152294  ::  [1.7036631107330322, -0.13284967839717865, 0.05546335130929947]
1.2246835473128455  ::  7.167235  ::  [1.716235876083374, -0.13311757147312164, 0.05546513572335243]
1.2231771704357404  ::  7.183222  ::  [1.7350919246673584, -0.13351887464523315, 0.055466197431087494]
1.2211962021330252  ::  7.199188  ::  [1.7476614713668823, -0.133786141872406, 0.0554666742682457]
1.2186126830794677  ::  7.215135  ::  [1.766517162322998, -0.1341884583234787, 0.05546632409095764]
1.2180868652350827  ::  7.231095  ::  [1.7790861129760742, -0.13445648550987244, 0.055464498698711395]
1.2200234373081928  ::  7.246477  ::  [1.7916539907455444, -0.13472488522529602, 0.055463097989559174]
1.2200234373081928  ::  7.262435  ::  [1.8042227029800415, -0.13499365746974945, 0.05546239763498306]
1.2224328932596205  ::  7.277981  ::  [1.823074221611023, -0.1353960931301117, 0.055462002754211426]
1.224201805532948  ::  7.293231  ::  [1.8356456756591797, -0.1356639415025711, 0.055464524775743484]
1.224201805532948  ::  7.309224  ::  [1.854500651359558, -0.13606488704681396, 0.05546533316373825]
1.22118115437251  ::  7.325181  ::  [1.8733704090118408, -0.13646739721298218, 0.05546584725379944]
1.219271796334374  ::  7.340501  ::  [1.8796449899673462, -0.13660043478012085, 0.05546625703573227]
1.219271796334374  ::  7.356518  ::  [1.8922120332717896, -0.13686786592006683, 0.0554659403860569]
1.217992950133995  ::  7.372475  ::  [1.9047832489013672, -0.13713595271110535, 0.055464427918195724]
1.2193127774693941  ::  7.387691  ::  [1.911065697669983, -0.13726972043514252, 0.05546412244439125]
1.2193127774693941  ::  7.40322  ::  [1.9299172163009644, -0.13767275214195251, 0.05546208471059799]
1.2238711816884371  ::  7.419177  ::  [1.9487712383270264, -0.1380753219127655, 0.055462706834077835]
1.2249449087703044  ::  7.435135  ::  [1.9613449573516846, -0.1383436620235443, 0.05546349287033081]
1.2249449087703044  ::  7.450095  ::  [1.9802002906799316, -0.1387447714805603, 0.055464696139097214]
1.2240686168441328  ::  7.465119  ::  [1.992767572402954, -0.13901259005069733, 0.05546598881483078]
1.2216778371912167  ::  7.481013  ::  [2.011625051498413, -0.13941407203674316, 0.05546727031469345]
1.2191030693175335  ::  7.495972  ::  [2.0304911136627197, -0.139817014336586, 0.055465519428253174]
1.2202624939291433  ::  7.511925  ::  [2.0430493354797363, -0.1400853991508484, 0.055464692413806915]
1.2219104905098204  ::  7.527901  ::  [2.061901569366455, -0.14048844575881958, 0.05546285957098007]
1.2219104905098204  ::  7.543844  ::  [2.0744707584381104, -0.1407565027475357, 0.055462006479501724]
1.2253619771964983  ::  7.559576  ::  [2.0933244228363037, -0.14115862548351288, 0.05546311289072037]
1.2243608208745624  ::  7.574736  ::  [2.1247472763061523, -0.14182822406291962, 0.05546554550528526]
1.2243608208745624  ::  7.589771  ::  [2.1247472763061523, -0.14182822406291962, 0.05546554550528526]
1.219833899558725  ::  7.605247  ::  [2.1436052322387695, -0.14222943782806396, 0.05546671897172928]
1.2183978522857297  ::  7.620214  ::  [2.1561803817749023, -0.14249804615974426, 0.05546622723340988]
1.219728885400236  ::  7.636162  ::  [2.175031900405884, -0.1429005116224289, 0.055464792996644974]
1.220547761048697  ::  7.652141  ::  [2.2001659870147705, -0.1434376835823059, 0.055462442338466644]
1.2224499687325456  ::  7.667106  ::  [2.2001659870147705, -0.1434376835823059, 0.055462442338466644]
1.2224499687325456  ::  7.682616  ::  [2.212733745574951, -0.14370588958263397, 0.055463287979364395]
1.2242395850167946  ::  7.698575  ::  [2.225302219390869, -0.14397381246089935, 0.055463336408138275]
1.2246030791466864  ::  7.714516  ::  [2.2378756999969482, -0.1442422717809677, 0.055464137345552444]
1.2246030791466864  ::  7.730532  ::  [2.250443458557129, -0.14450913667678833, 0.055465687066316605]
1.2199669815258343  ::  7.745506  ::  [2.269301414489746, -0.14491070806980133, 0.05546622723340988]
1.2188603841585866  ::  7.761014  ::  [2.288156747817993, -0.14531272649765015, 0.05546622723340988]
1.2191372202633837  ::  7.775946  ::  [2.313292980194092, -0.14584998786449432, 0.055463433265686035]
1.2197638901197323  ::  7.791902  ::  [2.313292980194092, -0.14584998786449432, 0.055463433265686035]
1.2218827428663173  ::  7.806903  ::  [2.3195762634277344, -0.1459840089082718, 0.05546296760439873]
1.2218827428663173  ::  7.822848  ::  [2.338428497314453, -0.1463865041732788, 0.05546245723962784]
1.2249549406106477  ::  7.838804  ::  [2.3509974479675293, -0.14665520191192627, 0.05546300858259201]
1.2238672329853233  ::  7.854761  ::  [2.369852304458618, -0.14705675840377808, 0.05546416714787483]
1.2220533908738618  ::  7.870718  ::  [2.388709783554077, -0.1474582552909851, 0.05546567589044571]
1.2192565351304472  ::  7.886689  ::  [2.4012794494628906, -0.1477256417274475, 0.05546609312295914]
1.2181995633563878  ::  7.90234  ::  [2.4201366901397705, -0.14812737703323364, 0.055465973913669586]
1.2188699891121069  ::  7.918304  ::  [2.438990354537964, -0.14852957427501678, 0.05546407029032707]
1.2203903465326693  ::  7.934227  ::  [2.4515695571899414, -0.1487983614206314, 0.0554618164896965]
1.2213262958923727  ::  7.950244  ::  [2.4641261100769043, -0.1490665227174759, 0.0554620660841465]
1.2213262958923727  ::  7.966197  ::  [2.4704108238220215, -0.1492009460926056, 0.055461835116147995]
1.2237957294424497  ::  7.981346  ::  [2.489265203475952, -0.14960326254367828, 0.0554635189473629]
1.2246074547366232  ::  7.997294  ::  [2.501847267150879, -0.14987066388130188, 0.05546342581510544]
1.221863746402688  ::  8.012449  ::  [2.5206892490386963, -0.15027230978012085, 0.05546508729457855]
1.219396767451844  ::  8.028406  ::  [2.533261299133301, -0.15053977072238922, 0.055466361343860626]
1.219396767451844  ::  8.043772  ::  [2.552123546600342, -0.15094144642353058, 0.055465757846832275]
1.2179434312625124  ::  8.06  ::  [2.5646870136260986, -0.15120954811573029, 0.05546525865793228]
1.2184678617247224  ::  8.075687  ::  [2.5835394859313965, -0.1516122967004776, 0.05546281486749649]
1.2228991603921797  ::  8.092334  ::  [2.6149606704711914, -0.15228267014026642, 0.05546228960156441]
1.2246662583965089  ::  8.106922  ::  [2.6338112354278564, -0.1526840776205063, 0.0554637648165226]
1.2246662583965089  ::  8.121883  ::  [2.6338112354278564, -0.1526840776205063, 0.0554637648165226]
1.222231082513988  ::  8.13785  ::  [2.64638614654541, -0.15295186638832092, 0.05546516925096512]
1.222231082513988  ::  8.152805  ::  [2.6652421951293945, -0.15335334837436676, 0.05546681955456734]
1.2206105134116965  ::  8.167737  ::  [2.6778218746185303, -0.15362106263637543, 0.05546431988477707]
1.2184984908542817  ::  8.18373  ::  [2.6966662406921387, -0.15402373671531677, 0.05546525865793228]
1.2184984908542817  ::  8.199669  ::  [2.7092347145080566, -0.1542927622795105, 0.0554635226726532]
1.2222767594040622  ::  8.215627  ::  [2.728086471557617, -0.15469519793987274, 0.05546187609434128]
1.2222767594040622  ::  8.231584  ::  [2.740662097930908, -0.1549639105796814, 0.055461980402469635]
1.2240208055199426  ::  8.247541  ::  [2.7532246112823486, -0.15523068606853485, 0.05546344816684723]
1.2229516674714243  ::  8.2635  ::  [2.7720792293548584, -0.15563194453716278, 0.055464956909418106]
1.2229516674714243  ::  8.278637  ::  [2.7846505641937256, -0.15589918196201324, 0.055465176701545715]
1.219505730313447  ::  8.294569  ::  [2.809796094894409, -0.15643447637557983, 0.05546730384230614]
1.219505730313447  ::  8.309718  ::  [2.809796094894409, -0.15643447637557983, 0.05546730384230614]
1.217997859332461  ::  8.325539  ::  [2.822364091873169, -0.15670272707939148, 0.05546533688902855]
1.2191635805247116  ::  8.34266  ::  [2.8537943363189697, -0.15737375617027283, 0.05546080321073532]
1.2219835948782807  ::  8.356219  ::  [2.8537943363189697, -0.15737375617027283, 0.05546080321073532]
1.2233754593650823  ::  8.372222  ::  [2.8726353645324707, -0.15777578949928284, 0.05546180158853531]
1.2233754593650823  ::  8.388205  ::  [2.8852062225341797, -0.15804380178451538, 0.05546354129910469]
1.2235067270631934  ::  8.404158  ::  [2.8977887630462646, -0.15831205248832703, 0.05546341836452484]
1.2235067270631934  ::  8.420119  ::  [2.9103469848632812, -0.15857821702957153, 0.055464908480644226]
1.2213140228962078  ::  8.436075  ::  [2.922919273376465, -0.15884657204151154, 0.05546598881483078]
1.2196184284347522  ::  8.452033  ::  [2.929203987121582, -0.15897902846336365, 0.05546598881483078]
1.2180011677053402  ::  8.467997  ::  [2.941775321960449, -0.1592477411031723, 0.055465951561927795]
1.2180011677053402  ::  8.483922  ::  [2.9606285095214844, -0.15964911878108978, 0.055463965982198715]
1.2180330774953687  ::  8.499899  ::  [2.966926097869873, -0.15978418290615082, 0.055463094264268875]
1.2215606567582689  ::  8.515857  ::  [2.979485511779785, -0.1600523293018341, 0.05546444281935692]
1.2241184558807328  ::  8.531952  ::  [2.9983370304107666, -0.16045542061328888, 0.055463213473558426]
1.2241184558807328  ::  8.547119  ::  [3.01718807220459, -0.16085711121559143, 0.05546361953020096]
1.2236827111560271  ::  8.563082  ::  [3.0297672748565674, -0.1611252874135971, 0.055464006960392]
1.2236827111560271  ::  8.578618  ::  [3.0486202239990234, -0.16152618825435638, 0.05546479672193527]
1.2221544563292368  ::  8.594548  ::  [3.061185836791992, -0.1617942601442337, 0.05546614155173302]
1.218699981434797  ::  8.610512  ::  [3.098895311355591, -0.16259866952896118, 0.05546414107084274]
1.218699981434797  ::  8.62647  ::  [3.098895311355591, -0.16259866952896118, 0.05546414107084274]
1.2202285564267048  ::  8.642428  ::  [3.117748498916626, -0.16300150752067566, 0.055463213473558426]
1.2220153979466035  ::  8.658162  ::  [3.117748498916626, -0.16300150752067566, 0.055463213473558426]
1.224774154041054  ::  8.676166  ::  [3.149167537689209, -0.163672536611557, 0.05546385049819946]
1.2253428740111634  ::  8.690149  ::  [3.149167537689209, -0.163672536611557, 0.05546385049819946]
1.2253428740111634  ::  8.705977  ::  [3.1680281162261963, -0.16407419741153717, 0.05546586960554123]
1.2245106581494796  ::  8.720938  ::  [3.1805927753448486, -0.16434155404567719, 0.05546516552567482]
1.2203718836775692  ::  8.735951  ::  [3.1994504928588867, -0.16474319994449615, 0.055465929210186005]
1.2203718836775692  ::  8.751886  ::  [3.212029457092285, -0.1650121659040451, 0.055465634912252426]
1.2198405163044834  ::  8.767841  ::  [3.2245895862579346, -0.16528025269508362, 0.05546528846025467]
1.2208058141332765  ::  8.782786  ::  [3.2434446811676025, -0.16568396985530853, 0.055464569479227066]
1.2225544492825056  ::  8.797758  ::  [3.2560129165649414, -0.16595305502414703, 0.055463679134845734]
1.2265226824685773  ::  8.81369  ::  [3.2748661041259766, -0.16635490953922272, 0.05546405166387558]
1.225974453065978  ::  8.829689  ::  [3.287435531616211, -0.16662313044071198, 0.05546477437019348]
1.225974453065978  ::  8.845646  ::  [3.306291341781616, -0.16702602803707123, 0.05546729639172554]
1.2218128401490302  ::  8.861651  ::  [3.318861722946167, -0.1672942340373993, 0.05546661466360092]
1.2202302639739973  ::  8.878112  ::  [3.3377180099487305, -0.16769598424434662, 0.055465634912252426]
1.2202302639739973  ::  8.894065  ::  [3.3565754890441895, -0.16809862852096558, 0.05546703562140465]
1.2211575688755323  ::  8.909653  ::  [3.37542724609375, -0.16850222647190094, 0.05546369031071663]
1.223935641598729  ::  8.924983  ::  [3.381711483001709, -0.16863664984703064, 0.05546533316373825]
1.223935641598729  ::  8.939941  ::  [3.3942768573760986, -0.16890545189380646, 0.05546383187174797]
1.2247659364697088  ::  8.955429  ::  [3.4005649089813232, -0.16903997957706451, 0.05546439811587334]
1.2266806305931337  ::  8.971375  ::  [3.4131317138671875, -0.16930870711803436, 0.05546510964632034]
1.2266806305931337  ::  8.987348  ::  [3.4257125854492188, -0.16957683861255646, 0.0554637685418129]
1.2249879176177343  ::  9.00333  ::  [3.444568157196045, -0.16997870802879333, 0.055465031415224075]
1.2233737518177898  ::  9.019296  ::  [3.457130193710327, -0.17024652659893036, 0.05546746775507927]
1.2215277864728882  ::  9.034166  ::  [3.4697041511535645, -0.1705145239830017, 0.05546731501817703]
