1.4535642536170306  ::  0.011872  ::  [-4.525211811065674, -2.3325730580836535e-05, 0.05546627193689346]
1.4535642536170306  ::  0.026869  ::  [-4.525211334228516, -2.3320471882470883e-05, 0.055466428399086]
1.453534798426235  ::  0.041819  ::  [-4.525210857391357, -2.33128375839442e-05, 0.055466365069150925]
1.638375832344353  ::  0.057799  ::  [-4.529744625091553, 0.00018742808606475592, 0.060685187578201294]
1.638375832344353  ::  0.074667  ::  [-4.523049831390381, -0.0001551723835291341, 0.056545794010162354]
1.6713993700945415  ::  0.089628  ::  [-4.489748477935791, -0.0009300636011175811, 0.059181809425354004]
1.6643042976507791  ::  0.105583  ::  [-4.489748477935791, -0.0009300636011175811, 0.059181809425354004]
1.5288161829627636  ::  0.121543  ::  [-4.480815887451172, -0.0010835683206096292, 0.0566762313246727]
1.5288161829627636  ::  0.137498  ::  [-4.4727396965026855, -0.0013363005127757788, 0.05636128410696983]
1.5288161829627636  ::  0.153292  ::  [-4.4727396965026855, -0.0013363005127757788, 0.05636128410696983]
1.5373693940726176  ::  0.168977  ::  [-4.461634159088135, -0.0016313365194946527, 0.0565810427069664]
1.3580961382668237  ::  0.184775  ::  [-4.436802864074707, -0.0022870441898703575, 0.05552772060036659]
1.3612425075966723  ::  0.200863  ::  [-4.420339584350586, -0.002580499043688178, 0.055496301501989365]
1.3612425075966723  ::  0.21682  ::  [-4.402791500091553, -0.002994671231135726, 0.055771779268980026]
1.4435552517186117  ::  0.231834  ::  [-4.387738227844238, -0.0032622392755001783, 0.05546804517507553]
1.4659480269124985  ::  0.246798  ::  [-4.356128215789795, -0.004069037735462189, 0.05546625703573227]
1.4662840935640042  ::  0.263751  ::  [-4.337274074554443, -0.004549495875835419, 0.055467940866947174]
1.466034684937593  ::  0.278172  ::  [-4.337274074554443, -0.004549495875835419, 0.055467940866947174]
1.466034684937593  ::  0.294129  ::  [-4.324703693389893, -0.004870476666837931, 0.05546846240758896]
1.4633605591558272  ::  0.310084  ::  [-4.3058366775512695, -0.005351831205189228, 0.055468685925006866]
1.4622332577776578  ::  0.326043  ::  [-4.299562454223633, -0.005512396339327097, 0.0554690957069397]
1.4603977511599227  ::  0.342001  ::  [-4.286986827850342, -0.005833460949361324, 0.05546777695417404]
1.4603977511599227  ::  0.357957  ::  [-4.280710220336914, -0.005993780214339495, 0.05546756088733673]
1.4611233520375306  ::  0.373915  ::  [-4.268142223358154, -0.00631562527269125, 0.05546689033508301]
1.4626349582782192  ::  0.388875  ::  [-4.26184606552124, -0.006476698908954859, 0.05546576529741287]
1.4636614076444252  ::  0.404831  ::  [-4.249293804168701, -0.006798107177019119, 0.055465489625930786]
1.4636614076444252  ::  0.419791  ::  [-4.243010520935059, -0.006958824582397938, 0.055465057492256165]
1.4664447097312052  ::  0.435449  ::  [-4.230442047119141, -0.007280164398252964, 0.05546567216515541]
1.4658743889355093  ::  0.451404  ::  [-4.211587429046631, -0.007761131040751934, 0.055467233061790466]
1.4638453958651922  ::  0.467294  ::  [-4.199012279510498, -0.008081729523837566, 0.055468007922172546]
1.4620626097701133  ::  0.482973  ::  [-4.18016242980957, -0.008562947623431683, 0.05546937137842178]
1.4620626097701133  ::  0.498958  ::  [-4.167595386505127, -0.0088836420327425, 0.0554693341255188]
1.4610020094580571  ::  0.514888  ::  [-4.14874267578125, -0.009365498088300228, 0.055467866361141205]
1.4614132081904332  ::  0.532842  ::  [-4.123599529266357, -0.01000896841287613, 0.05546538159251213]
1.463246366930641  ::  0.546831  ::  [-4.123599529266357, -0.01000896841287613, 0.05546538159251213]
1.463246366930641  ::  0.562372  ::  [-4.111039638519287, -0.010330096818506718, 0.05546553060412407]
1.4664102386202378  ::  0.577743  ::  [-4.0984697341918945, -0.010651296004652977, 0.05546503886580467]
1.4657033140411415  ::  0.593705  ::  [-4.079618453979492, -0.011132372543215752, 0.055467329919338226]
1.4657033140411415  ::  0.609662  ::  [-4.060762405395508, -0.011613542214035988, 0.0554690957069397]
1.4639801853795944  ::  0.625648  ::  [-4.048191547393799, -0.011934108100831509, 0.0554695650935173]
1.4616426598578631  ::  0.641701  ::  [-4.029338836669922, -0.012415967881679535, 0.05546870082616806]
1.4608797063832317  ::  0.657656  ::  [-4.010484218597412, -0.012898516841232777, 0.05546648055315018]
1.4617811846319675  ::  0.673614  ::  [-3.9979209899902344, -0.013219745829701424, 0.05546577647328377]
1.4640268227650208  ::  0.688991  ::  [-3.979072093963623, -0.01370240282267332, 0.0554652065038681]
1.466449725651377  ::  0.704955  ::  [-3.966503620147705, -0.014023365452885628, 0.05546609312295914]
1.466449725651377  ::  0.720883  ::  [-3.947653293609619, -0.014504333026707172, 0.05546700209379196]
1.4662531442693276  ::  0.736867  ::  [-3.9350783824920654, -0.014825351536273956, 0.055468566715717316]
1.462771241896502  ::  0.752805  ::  [-3.9225120544433594, -0.015145753510296345, 0.055469099432229996]
1.4612394652534209  ::  0.768759  ::  [-3.9099392890930176, -0.015467090532183647, 0.055469218641519547]
1.460278436292859  ::  0.783719  ::  [-3.8973731994628906, -0.015787875279784203, 0.055468425154685974]
1.4610202588697458  ::  0.7992  ::  [-3.8659427165985107, -0.016591137275099754, 0.05546524375677109]
1.4610202588697458  ::  0.815203  ::  [-3.8659427165985107, -0.016591137275099754, 0.05546524375677109]
1.4637291759275963  ::  0.831169  ::  [-3.847094774246216, -0.017074113711714745, 0.05546364188194275]
1.4665369172850005  ::  0.847129  ::  [-3.8345348834991455, -0.017394868656992912, 0.0554661750793457]
1.4662097085350745  ::  0.863085  ::  [-3.8030998706817627, -0.01819722354412079, 0.055467840284109116]
1.4646291600724513  ::  0.880039  ::  [-3.7905421257019043, -0.01851770468056202, 0.05546922609210014]
1.4637256541113055  ::  0.895071  ::  [-3.784257411956787, -0.0186776053160429, 0.05546937137842178]
1.4610911220823848  ::  0.911056  ::  [-3.784257411956787, -0.0186776053160429, 0.05546937137842178]
1.4610911220823848  ::  0.927037  ::  [-3.7654051780700684, -0.01915944367647171, 0.05546852573752403]
1.4617249422930207  ::  0.942907  ::  [-3.7465524673461914, -0.01964106224477291, 0.05546707659959793]
1.4617249422930207  ::  0.957895  ::  [-3.727701187133789, -0.02012348361313343, 0.05546576529741287]
1.4657770587398367  ::  0.973785  ::  [-3.715130567550659, -0.020445022732019424, 0.055464934557676315]
1.4657770587398367  ::  0.989717  ::  [-3.7025697231292725, -0.020766278728842735, 0.05546541139483452]
1.466576190872728  ::  1.005727  ::  [-3.683718204498291, -0.021247537806630135, 0.05546675994992256]
1.4636405969117978  ::  1.021631  ::  [-3.6648592948913574, -0.021728381514549255, 0.055468518286943436]
1.461847352089552  ::  1.037497  ::  [-3.6460025310516357, -0.022210389375686646, 0.0554690808057785]
1.461847352089552  ::  1.053479  ::  [-3.6334376335144043, -0.022531000897288322, 0.05546856299042702]
1.461024527737977  ::  1.069486  ::  [-3.620868682861328, -0.022852730005979538, 0.05546777695417404]
1.4623718892734678  ::  1.085162  ::  [-3.6082916259765625, -0.023174354806542397, 0.055464599281549454]
1.4643938387112032  ::  1.10058  ::  [-3.595736265182495, -0.023496141657233238, 0.055465586483478546]
1.4663801430992076  ::  1.116104  ::  [-3.583167791366577, -0.023817356675863266, 0.05546540021896362]
1.4663801430992076  ::  1.132062  ::  [-3.5643162727355957, -0.024299193173646927, 0.05546628683805466]
1.4667911283881718  ::  1.147022  ::  [-3.5517470836639404, -0.024619964882731438, 0.055467184633016586]
1.4662470611320981  ::  1.162209  ::  [-3.539167642593384, -0.02494148164987564, 0.055467940866947174]
1.4630873515890266  ::  1.179165  ::  [-3.5140292644500732, -0.025582466274499893, 0.05546879395842552]
1.4607596444642275  ::  1.201631  ::  [-3.495185613632202, -0.026064101606607437, 0.05546785891056061]
1.4607596444642275  ::  1.209645  ::  [-3.495185613632202, -0.026064101606607437, 0.05546785891056061]
1.4605394775852003  ::  1.225567  ::  [-3.495185613632202, -0.026064101606607437, 0.05546785891056061]
1.4609751155882003  ::  1.241523  ::  [-3.488898754119873, -0.02622518502175808, 0.05546731501817703]
1.4616394582066898  ::  1.257511  ::  [-3.4763340950012207, -0.026546701788902283, 0.055466391146183014]
1.4616394582066898  ::  1.27314  ::  [-3.470046043395996, -0.026707759127020836, 0.055466178804636]
1.4642588357533897  ::  1.289073  ::  [-3.4574830532073975, -0.027029458433389664, 0.05546533316373825]
1.4657664932909642  ::  1.305032  ::  [-3.4511990547180176, -0.02718980237841606, 0.05546555668115616]
1.4664481248257903  ::  1.3205  ::  [-3.438621997833252, -0.027511578053236008, 0.05546505004167557]
1.4663615735224016  ::  1.336455  ::  [-3.426064968109131, -0.02783205173909664, 0.05546628311276436]
1.4659390622892128  ::  1.352246  ::  [-3.4197683334350586, -0.027992505580186844, 0.05546564608812332]
1.4644687573486617  ::  1.368204  ::  [-3.4072089195251465, -0.028313228860497475, 0.055468302220106125]
1.4644687573486617  ::  1.38416  ::  [-3.3946359157562256, -0.028633704409003258, 0.05546935275197029]
1.4611797010981833  ::  1.400118  ::  [-3.3820643424987793, -0.028954386711120605, 0.0554686039686203]
1.45990096161951  ::  1.416076  ::  [-3.3757846355438232, -0.029114732518792152, 0.05546895042061806]
1.45990096161951  ::  1.432061  ::  [-3.3632140159606934, -0.029435882344841957, 0.05546750873327255]
1.4596720435606088  ::  1.447991  ::  [-3.350649356842041, -0.029757097363471985, 0.05546693131327629]
1.4634578893514998  ::  1.463948  ::  [-3.3192319869995117, -0.030560851097106934, 0.05546556040644646]
1.4652737591753713  ::  1.479939  ::  [-3.30666184425354, -0.030882230028510094, 0.05546560510993004]
1.4660997851781197  ::  1.493929  ::  [-3.30666184425354, -0.030882230028510094, 0.05546560510993004]
1.4660997851781197  ::  1.509886  ::  [-3.287811756134033, -0.03136291354894638, 0.055467478930950165]
1.4654764236946503  ::  1.525845  ::  [-3.2752397060394287, -0.03168396279215813, 0.055468399077653885]
1.4611815153671817  ::  1.541797  ::  [-3.256382942199707, -0.03216434270143509, 0.05546889826655388]
1.4601451408823378  ::  1.556787  ::  [-3.237530469894409, -0.03264591842889786, 0.05546862632036209]
1.4611039286870784  ::  1.572244  ::  [-3.2186808586120605, -0.03312809392809868, 0.05546696484088898]
1.4611039286870784  ::  1.588222  ::  [-3.2061078548431396, -0.033450014889240265, 0.05546555668115616]
1.463929492569348  ::  1.604128  ::  [-3.187265157699585, -0.03393230959773064, 0.055465202778577805]
1.4663885741139642  ::  1.620109  ::  [-3.174696207046509, -0.034253284335136414, 0.05546581372618675]
1.4663885741139642  ::  1.636048  ::  [-3.1558382511138916, -0.03473445028066635, 0.05546749383211136]
1.4658025652275184  ::  1.652008  ::  [-3.143272638320923, -0.03505510836839676, 0.05546848848462105]
1.4632267301367772  ::  1.667963  ::  [-3.124417781829834, -0.03553565591573715, 0.05546922609210014]
1.4605974274714397  ::  1.68392  ::  [-3.1055643558502197, -0.03601702302694321, 0.055468328297138214]
1.4600995707139692  ::  1.699877  ::  [-3.099271297454834, -0.03617798537015915, 0.055467408150434494]
1.4598957322559267  ::  1.715015  ::  [-3.0867133140563965, -0.036499250680208206, 0.055466942489147186]
1.4635590615285807  ::  1.730944  ::  [-3.055295467376709, -0.03730303794145584, 0.05546512454748154]
1.4656942426961501  ::  1.746902  ::  [-3.0364348888397217, -0.03778446465730667, 0.05546579137444496]
1.4657975493073465  ::  1.763857  ::  [-3.017589807510376, -0.03826522082090378, 0.055468276143074036]
1.4644482667811518  ::  1.777818  ::  [-3.017589807510376, -0.03826522082090378, 0.055468276143074036]
1.4644482667811518  ::  1.792806  ::  [-3.0050203800201416, -0.03858587145805359, 0.055468954145908356]
1.4595232735027495  ::  1.808764  ::  [-2.9861652851104736, -0.03906678780913353, 0.05546919256448746]
1.4599094993559725  ::  1.823726  ::  [-2.967312812805176, -0.039547648280858994, 0.055467795580625534]
1.460599668627261  ::  1.839679  ::  [-2.9484617710113525, -0.040030185133218765, 0.05546623095870018]
1.462356628069541  ::  1.855666  ::  [-2.942174196243286, -0.040190357714891434, 0.055465761572122574]
1.464139520886326  ::  1.871595  ::  [-2.9296114444732666, -0.040512021631002426, 0.055465467274188995]
1.464139520886326  ::  1.88688  ::  [-2.9170446395874023, -0.040833357721567154, 0.05546557903289795]
1.46476074793568  ::  1.901886  ::  [-2.898192882537842, -0.0413142666220665, 0.0554664246737957]
1.46476074793568  ::  1.917797  ::  [-2.8793370723724365, -0.04179510846734047, 0.05546855553984642]
1.4602733136509813  ::  1.933204  ::  [-2.866764783859253, -0.04211556166410446, 0.05546905845403671]
1.4602733136509813  ::  1.94918  ::  [-2.847902297973633, -0.04259651526808739, 0.05546896904706955]
1.4525826273672529  ::  1.965233  ::  [-2.829061508178711, -0.04307743161916733, 0.05546706169843674]
1.4540659523559092  ::  1.981191  ::  [-2.8101866245269775, -0.04356638342142105, 0.05545844882726669]
1.4562722101795291  ::  1.997125  ::  [-2.7976369857788086, -0.043877847492694855, 0.05546513944864273]
1.4570158470254142  ::  2.013442  ::  [-2.759920120239258, -0.044834934175014496, 0.05546579137444496]
1.4567983481890316  ::  2.030391  ::  [-2.7536461353302, -0.044994182884693146, 0.055467963218688965]
1.4556484218092365  ::  2.04435  ::  [-2.741076946258545, -0.04531249403953552, 0.0554690808057785]
1.4556484218092365  ::  2.059939  ::  [-2.741076946258545, -0.04531249403953552, 0.0554690808057785]
1.4507903430403593  ::  2.075868  ::  [-2.7222228050231934, -0.04579051211476326, 0.055469170212745667]
1.4507903430403593  ::  2.091829  ::  [-2.7033700942993164, -0.04626899212598801, 0.055467866361141205]
1.450599524630422  ::  2.107782  ::  [-2.6907973289489746, -0.04658888652920723, 0.05546633154153824]
1.4523411161470694  ::  2.12277  ::  [-2.67195200920105, -0.04706767201423645, 0.05546549707651138]
1.4558571694657452  ::  2.137709  ::  [-2.6593854427337646, -0.04738674312829971, 0.05546490103006363]
1.4558571694657452  ::  2.153637  ::  [-2.646815299987793, -0.047705601900815964, 0.05546588450670242]
1.4550097991218403  ::  2.169623  ::  [-2.627962350845337, -0.04818400368094444, 0.05546734482049942]
1.4550097991218403  ::  2.185557  ::  [-2.6091065406799316, -0.04866134375333786, 0.055468592792749405]
1.4504404025671018  ::  2.20151  ::  [-2.5965380668640137, -0.04897957295179367, 0.0554690919816494]
1.4505387999798323  ::  2.217473  ::  [-2.577678680419922, -0.04945819452404976, 0.055468399077653885]
1.4505387999798323  ::  2.233453  ::  [-2.558821201324463, -0.04993752762675285, 0.05546579882502556]
1.4544104500221717  ::  2.249382  ::  [-2.546264171600342, -0.05025629699230194, 0.05546605587005615]
1.4544104500221717  ::  2.265322  ::  [-2.527404308319092, -0.05073552206158638, 0.05546355992555618]
1.4574774184029191  ::  2.281315  ::  [-2.4959940910339355, -0.05153266340494156, 0.05546765774488449]
1.4572026100105318  ::  2.297273  ::  [-2.4897043704986572, -0.05169226974248886, 0.05546785145998001]
1.4572026100105318  ::  2.313232  ::  [-2.4897043704986572, -0.05169226974248886, 0.05546785145998001]
1.4528220041533206  ::  2.329188  ::  [-2.4771387577056885, -0.05201048403978348, 0.05546915531158447]
1.4520592641221006  ::  2.345147  ::  [-2.458284378051758, -0.05248850956559181, 0.05546889081597328]
1.4507345275882355  ::  2.361102  ::  [-2.4331398010253906, -0.05312744528055191, 0.05546671897172928]
1.4519603331008413  ::  2.377087  ::  [-2.4331398010253906, -0.05312744528055191, 0.05546671897172928]
1.4519603331008413  ::  2.393068  ::  [-2.4142963886260986, -0.053606387227773666, 0.05546552687883377]
1.456929509165437  ::  2.409002  ::  [-2.3954460620880127, -0.05408511310815811, 0.055465150624513626]
1.4571905504577785  ::  2.424959  ::  [-2.3765945434570312, -0.054563969373703, 0.05546628683805466]
1.4557116010590592  ::  2.441029  ::  [-2.364025354385376, -0.054882265627384186, 0.05546722561120987]
1.452933208170745  ::  2.456992  ::  [-2.3451690673828125, -0.055360350757837296, 0.05546922981739044]
1.452933208170745  ::  2.471966  ::  [-2.3263139724731445, -0.05583825334906578, 0.05546884983778]
1.4511181921205198  ::  2.487904  ::  [-2.3074593544006348, -0.05631740391254425, 0.0554678738117218]
1.4533144181037962  ::  2.5029  ::  [-2.2886087894439697, -0.0567963682115078, 0.05546599254012108]
1.4561098864650355  ::  2.518859  ::  [-2.276045560836792, -0.05711628496646881, 0.055464986711740494]
1.4561098864650355  ::  2.534839  ::  [-2.2571940422058105, -0.057594843208789825, 0.05546537786722183]
1.4575597008380765  ::  2.550768  ::  [-2.238340377807617, -0.05807323381304741, 0.05546677112579346]
1.4573032485790838  ::  2.566725  ::  [-2.225771188735962, -0.05839214846491814, 0.055468104779720306]
1.4523354598966631  ::  2.581661  ::  [-2.2069144248962402, -0.05887014418840408, 0.05546891316771507]
1.4512037829285565  ::  2.597619  ::  [-2.1880621910095215, -0.05934857577085495, 0.055468179285526276]
1.452428201058987  ::  2.614575  ::  [-2.1503586769104004, -0.06030696630477905, 0.05546533316373825]
1.4549881346155666  ::  2.629535  ::  [-2.1315078735351562, -0.06078627333045006, 0.05546490475535393]
1.4564633487545837  ::  2.644494  ::  [-2.1189417839050293, -0.06110500916838646, 0.05546572804450989]
1.4564633487545837  ::  2.659479  ::  [-2.1189417839050293, -0.06110500916838646, 0.05546572804450989]
1.4561879000319617  ::  2.675443  ::  [-2.1000773906707764, -0.061583664268255234, 0.05546726658940315]
1.4539203839492234  ::  2.690886  ::  [-2.0875179767608643, -0.0619020089507103, 0.05546847730875015]
1.4539203839492234  ::  2.706866  ::  [-2.068662643432617, -0.062380049377679825, 0.0554690957069397]
1.452021484638254  ::  2.722828  ::  [-2.0560920238494873, -0.06269915401935577, 0.055468685925006866]
1.452460964622662  ::  2.738786  ::  [-2.037238121032715, -0.06317764520645142, 0.05546700954437256]
1.452460964622662  ::  2.754766  ::  [-2.0183873176574707, -0.06365732103586197, 0.05546549707651138]
1.4565762603193004  ::  2.770696  ::  [-1.9869725704193115, -0.0644550621509552, 0.055465925484895706]
1.4568730533830787  ::  2.786635  ::  [-1.9869725704193115, -0.0644550621509552, 0.055465925484895706]
1.4553480002074617  ::  2.801769  ::  [-1.9681199789047241, -0.06493335962295532, 0.05546758323907852]
1.4553480002074617  ::  2.817753  ::  [-1.949263095855713, -0.06541115045547485, 0.055469103157520294]
1.4526360949418493  ::  2.833187  ::  [-1.930408239364624, -0.06588901579380035, 0.05546874180436134]
1.450834952713376  ::  2.849145  ::  [-1.9178390502929688, -0.06620848178863525, 0.05546855181455612]
1.450834952713376  ::  2.865101  ::  [-1.898988127708435, -0.06668785214424133, 0.05546658858656883]
1.4541863344400308  ::  2.881062  ::  [-1.8864214420318604, -0.06700722873210907, 0.055465538054704666]
1.4550665750693161  ::  2.897016  ::  [-1.8675721883773804, -0.06748590618371964, 0.055465154349803925]
1.4565885333154653  ::  2.912975  ::  [-1.8675721883773804, -0.06748590618371964, 0.055465154349803925]
1.4572107208601712  ::  2.929931  ::  [-1.8424233198165894, -0.0681244358420372, 0.055466122925281525]
1.4567378369818536  ::  2.946883  ::  [-1.8298660516738892, -0.06844267249107361, 0.055468082427978516]
1.4567378369818536  ::  2.960221  ::  [-1.8298660516738892, -0.06844267249107361, 0.055468082427978516]
1.4526564787876537  ::  2.976178  ::  [-1.8172919750213623, -0.06876126676797867, 0.0554686114192009]
1.4526564787876537  ::  2.991464  ::  [-1.7984402179718018, -0.06923885643482208, 0.05546891689300537]
1.4508997327887851  ::  3.006424  ::  [-1.779586911201477, -0.06971820443868637, 0.055467575788497925]
1.4512874527458892  ::  3.021955  ::  [-1.7607375383377075, -0.07019729912281036, 0.055465612560510635]
1.4553299642391848  ::  3.037935  ::  [-1.748161792755127, -0.0705166906118393, 0.05546460673213005]
1.4553299642391848  ::  3.052867  ::  [-1.7293157577514648, -0.07099543511867523, 0.05546514317393303]
1.4563179937913093  ::  3.068831  ::  [-1.716750979423523, -0.07131373882293701, 0.05546625703573227]
1.4563179937913093  ::  3.084758  ::  [-1.697896122932434, -0.07179154455661774, 0.0554683618247509]
1.4523785754657987  ::  3.100163  ::  [-1.6790423393249512, -0.07226917892694473, 0.05546892434358597]
1.4523785754657987  ::  3.11612  ::  [-1.6664658784866333, -0.07258851826190948, 0.055468615144491196]
1.450665478644595  ::  3.132079  ::  [-1.647615909576416, -0.07306665182113647, 0.05546722561120987]
1.4531745059475167  ::  3.148036  ::  [-1.6162029504776, -0.07386552542448044, 0.05546504631638527]
1.454128064388674  ::  3.163032  ::  [-1.6099152565002441, -0.07402528822422028, 0.055465079843997955]
1.4567553393416017  ::  3.178989  ::  [-1.5910704135894775, -0.07450385391712189, 0.05546525865793228]
1.4567553393416017  ::  3.193948  ::  [-1.5910704135894775, -0.07450385391712189, 0.05546525865793228]
1.456275198387291  ::  3.209933  ::  [-1.5722146034240723, -0.07498200237751007, 0.05546792596578598]
1.4538369275753023  ::  3.225886  ::  [-1.559645652770996, -0.07530053704977036, 0.055468492209911346]
1.4520657741461533  ::  3.241845  ::  [-1.540777325630188, -0.07577896118164062, 0.05546893924474716]
1.4513743242143953  ::  3.257777  ::  [-1.5282201766967773, -0.0760975256562233, 0.055468637496232986]
1.4515264026451338  ::  3.272768  ::  [-1.5156534910202026, -0.07641679048538208, 0.05546737089753151]
1.4515264026451338  ::  3.287824  ::  [-1.5030854940414429, -0.0767366960644722, 0.055466461926698685]
1.4535108927641398  ::  3.30378  ::  [-1.4842350482940674, -0.0772160142660141, 0.0554654635488987]
1.457457354722232  ::  3.319737  ::  [-1.4716652631759644, -0.07753512263298035, 0.055465005338191986]
1.4571323871281276  ::  3.335205  ::  [-1.4528156518936157, -0.07801411300897598, 0.055466197431087494]
1.455557921802734  ::  3.351162  ::  [-1.4339613914489746, -0.07849188894033432, 0.05546838790178299]
1.4537049128252506  ::  3.367119  ::  [-1.4213902950286865, -0.07881081849336624, 0.05546873062849045]
1.4537049128252506  ::  3.383077  ::  [-1.4088209867477417, -0.07912905514240265, 0.05546914041042328]
1.4514401715068626  ::  3.399033  ::  [-1.3962514400482178, -0.07944819331169128, 0.05546831339597702]
1.4514401715068626  ::  3.414992  ::  [-1.3836719989776611, -0.07976805418729782, 0.0554664321243763]
1.4521107039842873  ::  3.430948  ::  [-1.3648338317871094, -0.08024757355451584, 0.0554656907916069]
1.453732980633871  ::  3.446906  ::  [-1.3648338317871094, -0.08024757355451584, 0.0554656907916069]
1.455577878761715  ::  3.463861  ::  [-1.339694857597351, -0.0808866024017334, 0.0554649643599987]
1.4563471288169878  ::  3.47982  ::  [-1.33341646194458, -0.08104546368122101, 0.055465176701545715]
1.4572693110766453  ::  3.494373  ::  [-1.33341646194458, -0.08104546368122101, 0.055465176701545715]
1.4566152137419106  ::  3.510356  ::  [-1.3145629167556763, -0.08152391016483307, 0.05546703562140465]
1.4543403338614733  ::  3.525322  ::  [-1.3019920587539673, -0.08184247463941574, 0.055468518286943436]
1.4526581863349461  ::  3.54029  ::  [-1.2705676555633545, -0.08263929188251495, 0.055468518286943436]
1.4520282081057183  ::  3.555236  ::  [-1.2705676555633545, -0.08263929188251495, 0.055468518286943436]
1.4520282081057183  ::  3.570196  ::  [-1.264284610748291, -0.08279909938573837, 0.05546825751662254]
1.4527299033212313  ::  3.586154  ::  [-1.2454334497451782, -0.08327793329954147, 0.055466361343860626]
1.4535057701222625  ::  3.60177  ::  [-1.2265701293945312, -0.08375751972198486, 0.055464617908000946]
1.4554096853534035  ::  3.617727  ::  [-1.2202978134155273, -0.08391698449850082, 0.05546530336141586]
1.4572812639076926  ::  3.633735  ::  [-1.2077330350875854, -0.08423610776662827, 0.055465005338191986]
1.4568950380544696  ::  3.649653  ::  [-1.188879132270813, -0.08471477031707764, 0.055466167628765106]
1.4568950380544696  ::  3.665565  ::  [-1.170025110244751, -0.08519265055656433, 0.05546823516488075]
1.4553921829936554  ::  3.680958  ::  [-1.157454490661621, -0.08551124483346939, 0.05546840652823448]
1.451124915587984  ::  3.696439  ::  [-1.1197468042373657, -0.08646832406520844, 0.055467233061790466]
1.4521429339394334  ::  3.71189  ::  [-1.100897192955017, -0.08694809675216675, 0.05546533688902855]
1.4539071504577064  ::  3.726832  ::  [-1.100897192955017, -0.08694809675216675, 0.05546533688902855]
1.456601873528688  ::  3.742791  ::  [-1.0883302688598633, -0.08726778626441956, 0.0554652102291584]
1.456601873528688  ::  3.758746  ::  [-1.0694793462753296, -0.08774663507938385, 0.05546555668115616]
1.457144446680881  ::  3.774703  ::  [-1.0569096803665161, -0.08806546777486801, 0.05546686425805092]
1.4545437454326928  ::  3.79066  ::  [-1.0380547046661377, -0.08854358643293381, 0.055468540638685226]
1.4545437454326928  ::  3.80662  ::  [-1.0191950798034668, -0.08902157098054886, 0.05546928197145462]
1.451821808326737  ::  3.822576  ::  [-1.0003461837768555, -0.08950023353099823, 0.05546855926513672]
1.4509781732425346  ::  3.838535  ::  [-0.9877791404724121, -0.08981895446777344, 0.0554671548306942]
1.4509319627439312  ::  3.854492  ::  [-0.9814971685409546, -0.08997852355241776, 0.055466435849666595]
1.4517125253000167  ::  3.870447  ::  [-0.968928873538971, -0.09029849618673325, 0.05546576529741287]
1.4562551347066042  ::  3.886404  ::  [-0.943794310092926, -0.09093736857175827, 0.05546502023935318]
1.4562551347066042  ::  3.902362  ::  [-0.9312258958816528, -0.09125597029924393, 0.0554664209485054]
1.4563488363642803  ::  3.918319  ::  [-0.9123713970184326, -0.09173354506492615, 0.05546785145998001]
1.454408955918291  ::  3.934276  ::  [-0.893509566783905, -0.09221154451370239, 0.05546882003545761]
1.4515568183312815  ::  3.950235  ::  [-0.874663770198822, -0.09268949925899506, 0.05546852946281433]
1.450165914339832  ::  3.966191  ::  [-0.8558003902435303, -0.09316810965538025, 0.05546696111559868]
1.4501467044327914  ::  3.982148  ::  [-0.8495252728462219, -0.0933275893330574, 0.05546688660979271]
1.4503566260280634  ::  3.998106  ::  [-0.8432440757751465, -0.0934869572520256, 0.05546591430902481]
1.4546724518098653  ::  4.014065  ::  [-0.8118231296539307, -0.09428541362285614, 0.055464740842580795]
1.4560242956569989  ::  4.028521  ::  [-0.7992608547210693, -0.09460413455963135, 0.055465541779994965]
1.456405185424933  ::  4.044475  ::  [-0.780404806137085, -0.0950821191072464, 0.055467698723077774]
1.456405185424933  ::  4.059912  ::  [-0.780404806137085, -0.0950821191072464, 0.055467698723077774]
1.4544617831626525  ::  4.075928  ::  [-0.761549711227417, -0.09555985033512115, 0.055469051003456116]
1.4504659090547836  ::  4.090916  ::  [-0.742695689201355, -0.09603771567344666, 0.055468328297138214]
1.4504659090547836  ::  4.105871  ::  [-0.7238422632217407, -0.09651638567447662, 0.05546706169843674]
1.4508201183962721  ::  4.121833  ::  [-0.7112697958946228, -0.09683622419834137, 0.05546565353870392]
1.4547693551187149  ::  4.137786  ::  [-0.6924123764038086, -0.09731525927782059, 0.0554642528295517]
1.4567128641027007  ::  4.15375  ::  [-0.6798590421676636, -0.09763392060995102, 0.05546526983380318]
1.4567128641027007  ::  4.169677  ::  [-0.661005973815918, -0.09811216592788696, 0.05546672269701958]
1.455940732561372  ::  4.185664  ::  [-0.642149806022644, -0.09858982264995575, 0.055468447506427765]
1.4535994717799385  ::  4.201643  ::  [-0.623290479183197, -0.09906766563653946, 0.055468492209911346]
1.4503495823954817  ::  4.217574  ::  [-0.6044349074363708, -0.09954610466957092, 0.05546792969107628]
1.4503495823954817  ::  4.233507  ::  [-0.5855921506881714, -0.10002443194389343, 0.05546616390347481]
1.454036710608525  ::  4.249465  ::  [-0.554174542427063, -0.10082316398620605, 0.05546524003148079]
1.454036710608525  ::  4.265443  ::  [-0.554174542427063, -0.10082316398620605, 0.05546524003148079]
1.4566256724690774  ::  4.281379  ::  [-0.5353228449821472, -0.10130174458026886, 0.05546582490205765]
1.456466657127463  ::  4.297342  ::  [-0.5227513313293457, -0.1016203761100769, 0.05546719208359718]
1.4543574093343983  ::  4.312305  ::  [-0.49761298298835754, -0.10225697606801987, 0.05546898394823074]
1.4525081356166174  ::  4.32935  ::  [-0.4850441515445709, -0.10257554799318314, 0.055468469858169556]
1.4516287487609782  ::  4.344029  ::  [-0.4850441515445709, -0.10257554799318314, 0.055468469858169556]
1.4516287487609782  ::  4.360014  ::  [-0.4787566661834717, -0.10273507982492447, 0.05546867102384567]
1.4515405966320027  ::  4.375438  ::  [-0.45990434288978577, -0.10321349650621414, 0.05546674504876137]
1.4542140820835339  ::  4.391396  ::  [-0.4410483241081238, -0.10369281470775604, 0.0554649755358696]
1.4558775533115493  ::  4.407355  ::  [-0.42220649123191833, -0.10417184233665466, 0.05546461045742035]
1.4558775533115493  ::  4.42331  ::  [-0.40963760018348694, -0.10449062287807465, 0.055465154349803925]
1.4565278086648756  ::  4.439268  ::  [-0.3970569670200348, -0.10481000691652298, 0.05546603351831436]
1.4550081982962537  ::  4.455225  ::  [-0.38450026512145996, -0.10512789338827133, 0.05546791851520538]
1.4550081982962537  ::  4.470184  ::  [-0.3719295263290405, -0.10544630885124207, 0.05546893551945686]
1.4531467583040136  ::  4.485147  ::  [-0.35935863852500916, -0.10576481372117996, 0.0554693229496479]
1.4506299403165697  ::  4.500611  ::  [-0.34049761295318604, -0.10624349117279053, 0.05546775087714195]
1.451232917954235  ::  4.516007  ::  [-0.3279384672641754, -0.10656235367059708, 0.055466990917921066]
1.4529812329383465  ::  4.531506  ::  [-0.3090865910053253, -0.10704124718904495, 0.05546576529741287]
1.4547387259891555  ::  4.547463  ::  [-0.2965087592601776, -0.1073608323931694, 0.05546463653445244]
1.456101455450279  ::  4.56319  ::  [-0.28395476937294006, -0.10767978429794312, 0.05546510964632034]
1.4560857673595289  ::  4.581118  ::  [-0.2525319457054138, -0.10847554355859756, 0.0554676428437233]
1.4548405384964709  ::  4.596079  ::  [-0.23996256291866302, -0.10879421979188919, 0.05546884983778]
1.4520588372352774  ::  4.610065  ::  [-0.23996256291866302, -0.10879421979188919, 0.05546884983778]
1.4520588372352774  ::  4.626027  ::  [-0.2211073786020279, -0.10927215963602066, 0.05546901375055313]
1.4501711437034153  ::  4.640957  ::  [-0.20224237442016602, -0.10975081473588943, 0.05546678602695465]
1.451957024727962  ::  4.656942  ::  [-0.18339744210243225, -0.11022964864969254, 0.05546506494283676]
1.4547831222187606  ::  4.672872  ::  [-0.17083688080310822, -0.11054901033639908, 0.055465199053287506]
1.4547831222187606  ::  4.688854  ::  [-0.1519860327243805, -0.11102741956710815, 0.05546540394425392]
1.456277119377995  ::  4.704813  ::  [-0.13313384354114532, -0.11150538921356201, 0.055466778576374054]
1.4538656357141575  ::  4.720744  ::  [-0.1205633208155632, -0.11182354390621185, 0.05546756088733673]
1.4538656357141575  ::  4.73672  ::  [-0.1017092913389206, -0.11230167746543884, 0.05546873062849045]
1.4511031443600046  ::  4.752681  ::  [-0.08284315466880798, -0.11277937889099121, 0.05546800419688225]
1.4500035906253383  ::  4.768669  ::  [-0.06399744004011154, -0.1132579818367958, 0.05546651780605316]
1.4528225377618496  ::  4.784602  ::  [-0.04514523223042488, -0.11373691260814667, 0.05546525493264198]
1.4553960249750635  ::  4.800529  ::  [-0.03258562833070755, -0.11405593156814575, 0.05546494573354721]
1.4553960249750635  ::  4.816516  ::  [-0.013734345324337482, -0.11453430354595184, 0.05546550080180168]
1.4561861924846693  ::  4.832445  ::  [0.005118784960359335, -0.11501196771860123, 0.05546683445572853]
1.4517752776630162  ::  4.848402  ::  [0.023974191397428513, -0.11548934131860733, 0.055468060076236725]
1.4500096737625678  ::  4.863362  ::  [0.04282931238412857, -0.11596687883138657, 0.0554676316678524]
1.4433633660916165  ::  4.878324  ::  [0.061680786311626434, -0.11644497513771057, 0.05546615272760391]
1.4422282740289252  ::  4.894321  ::  [0.08053247630596161, -0.11691991984844208, 0.05546359717845917]
1.4448392205608682  ::  4.910265  ::  [0.09306104481220245, -0.11719895899295807, 0.055425383150577545]
1.4448392205608682  ::  4.925222  ::  [0.11194546520709991, -0.11771519482135773, 0.05546511337161064]
1.4461019517836744  ::  4.941154  ::  [0.12452034652233124, -0.11803208291530609, 0.05546579509973526]
1.445937493635065  ::  4.956114  ::  [0.13079717755317688, -0.11819010227918625, 0.05546599626541138]
1.445937493635065  ::  4.972101  ::  [0.1433739960193634, -0.11850626021623611, 0.05546637624502182]
1.4505744450295632  ::  4.988048  ::  [0.15593522787094116, -0.11882250010967255, 0.055466923862695694]
1.4457425130786024  ::  5.003689  ::  [0.17479297518730164, -0.11930125951766968, 0.05546651408076286]
1.4463295891821062  ::  5.019616  ::  [0.1936391294002533, -0.1197766363620758, 0.05546552687883377]
1.4463295891821062  ::  5.035623  ::  [0.2124922275543213, -0.12025244534015656, 0.055465053766965866]
1.4511661101664157  ::  5.051581  ::  [0.23134148120880127, -0.1207314282655716, 0.05546414479613304]
1.4518900034967313  ::  5.06754  ::  [0.25019314885139465, -0.12120715528726578, 0.05546524003148079]
1.4518900034967313  ::  5.083502  ::  [0.26904451847076416, -0.12168397754430771, 0.05546606332063675]
1.4502438211850524  ::  5.098965  ::  [0.2879091501235962, -0.12216022610664368, 0.05546782165765762]
1.4457338686204342  ::  5.114924  ::  [0.32560884952545166, -0.12311363220214844, 0.05546564608812332]
1.4457389912623118  ::  5.13088  ::  [0.32560884952545166, -0.12311363220214844, 0.05546564608812332]
1.4468576481823128  ::  5.146838  ::  [0.3381764888763428, -0.12343120574951172, 0.05546519160270691]
1.4495045599291043  ::  5.163248  ::  [0.3695926368236542, -0.12422756105661392, 0.05546410754323006]
1.451096100727423  ::  5.180202  ::  [0.3821619749069214, -0.12454498559236526, 0.0554644837975502]
1.4517417670474009  ::  5.193168  ::  [0.3821619749069214, -0.12454498559236526, 0.0554644837975502]
1.4517417670474009  ::  5.209124  ::  [0.4010205566883087, -0.12502151727676392, 0.05546589195728302]
1.4500490540720012  ::  5.224084  ::  [0.4135849177837372, -0.1253388673067093, 0.055467307567596436]
1.4482372396729495  ::  5.239046  ::  [0.41987428069114685, -0.12549743056297302, 0.055467139929533005]
1.447299476044248  ::  5.255003  ::  [0.4324505031108856, -0.1258152276277542, 0.05546591430902481]
1.4459882931670172  ::  5.269961  ::  [0.43872636556625366, -0.1259736269712448, 0.05546741187572479]
1.4457151923219225  ::  5.285918  ::  [0.45129382610321045, -0.12629157304763794, 0.05546680837869644]
1.4459420826684137  ::  5.301979  ::  [0.4575822651386261, -0.1264505684375763, 0.05546634644269943]
1.4459420826684137  ::  5.317935  ::  [0.4701462388038635, -0.12676948308944702, 0.055465344339609146]
1.4478205981335788  ::  5.333895  ::  [0.48899397253990173, -0.12724684178829193, 0.05546325445175171]
1.4497915345959507  ::  5.349822  ::  [0.501563549041748, -0.12756478786468506, 0.0554627850651741]
1.4512302499115903  ::  5.365807  ::  [0.5141408443450928, -0.12788301706314087, 0.05546269565820694]
1.4507541643820994  ::  5.381292  ::  [0.5455527305603027, -0.1286764144897461, 0.05546709895133972]
1.4507541643820994  ::  5.397024  ::  [0.5455527305603027, -0.1286764144897461, 0.05546709895133972]
1.4464237177266055  ::  5.411984  ::  [0.5769770741462708, -0.12947076559066772, 0.05546648055315018]
1.4453155195337708  ::  5.427942  ::  [0.5958290696144104, -0.12994736433029175, 0.05546504259109497]
1.4460413338547904  ::  5.443928  ::  [0.5958290696144104, -0.12994736433029175, 0.05546504259109497]
1.4474683097827943  ::  5.459885  ::  [0.6083967089653015, -0.1302659511566162, 0.05546386539936066]
1.4494343370467002  ::  5.475837  ::  [0.6209737062454224, -0.130584254860878, 0.055461298674345016]
1.4509557616843205  ::  5.491141  ::  [0.6335303783416748, -0.1309019774198532, 0.055464062839746475]
1.451526295923428  ::  5.507083  ::  [0.6460990905761719, -0.13121981918811798, 0.055464815348386765]
1.451526295923428  ::  5.522028  ::  [0.6586673855781555, -0.13153712451457977, 0.05546531826257706]
1.4502475564447548  ::  5.538012  ::  [0.6775342226028442, -0.13201387226581573, 0.05546574294567108]
1.449558881277347  ::  5.553531  ::  [0.6838082075119019, -0.1321721225976944, 0.055467359721660614]
1.4478271081576315  ::  5.56949  ::  [0.6963763236999512, -0.13248924911022186, 0.05546725168824196]
1.4468452684644422  ::  5.585468  ::  [0.7026649117469788, -0.13264770805835724, 0.05546702817082405]
1.4458927772403427  ::  5.601454  ::  [0.7215267419815063, -0.1331256777048111, 0.05546388402581215]
1.4474055574197948  ::  5.616595  ::  [0.7403640747070312, -0.13360311090946198, 0.05546359345316887]
1.4501139408691164  ::  5.631742  ::  [0.752930760383606, -0.13392095267772675, 0.05546308308839798]
1.4501139408691164  ::  5.6477  ::  [0.7717815637588501, -0.13439765572547913, 0.05546289682388306]
1.4503234355775654  ::  5.663657  ::  [0.7906347513198853, -0.13487431406974792, 0.05546482652425766]
1.4485580451205287  ::  5.679614  ::  [0.8094911575317383, -0.13534986972808838, 0.0554669015109539]
1.4458309853726952  ::  5.69657  ::  [0.8409168720245361, -0.1361432820558548, 0.05546678602695465]
1.4450662176290654  ::  5.713524  ::  [0.859767735004425, -0.1366204470396042, 0.0554644875228405]
1.446453172917401  ::  5.726994  ::  [0.859767735004425, -0.1366204470396042, 0.0554644875228405]
1.448199887075926  ::  5.74295  ::  [0.8786194920539856, -0.1370975226163864, 0.055463261902332306]
1.448199887075926  ::  5.758904  ::  [0.8911840915679932, -0.13741634786128998, 0.05546316131949425]
1.4510588548521053  ::  5.774862  ::  [0.9100338816642761, -0.13789290189743042, 0.0554632730782032]
1.4506211891366956  ::  5.790201  ::  [0.9163289070129395, -0.13805168867111206, 0.055461984127759933]
1.4481724595975403  ::  5.805161  ::  [0.9351792335510254, -0.13852736353874207, 0.05546588450670242]
1.4472123911323302  ::  5.821116  ::  [0.9540383219718933, -0.1390034556388855, 0.05546646565198898]
1.445714872156805  ::  5.83608  ::  [0.9603152275085449, -0.13916216790676117, 0.0554666630923748]
1.4449666462775712  ::  5.852037  ::  [0.9728831052780151, -0.1394796073436737, 0.055466677993535995]
1.4449666462775712  ::  5.867993  ::  [0.9917346239089966, -0.13995656371116638, 0.05546463653445244]
1.445216801955923  ::  5.883948  ::  [0.9980246424674988, -0.1401156634092331, 0.05546356365084648]
1.4462615007338175  ::  5.899914  ::  [1.010584831237793, -0.14043402671813965, 0.05546235293149948]
1.4497792615997858  ::  5.915863  ::  [1.0168673992156982, -0.1405927687883377, 0.05546235665678978]
1.4503984609367297  ::  5.931067  ::  [1.0357195138931274, -0.14106915891170502, 0.05546307563781738]
1.4509030411616644  ::  5.946019  ::  [1.0545730590820312, -0.14154565334320068, 0.05546491965651512]
1.450328985106266  ::  5.962975  ::  [1.0671430826187134, -0.14186237752437592, 0.0554659478366375]
1.4487681801592123  ::  5.977931  ::  [1.0797126293182373, -0.14218056201934814, 0.05546634644269943]
1.4471116458420727  ::  5.99392  ::  [1.0797126293182373, -0.14218056201934814, 0.05546634644269943]
1.4471116458420727  ::  6.009871  ::  [1.092283844947815, -0.1424972265958786, 0.055466510355472565]
1.4449323886100154  ::  6.025833  ::  [1.111135482788086, -0.1429741233587265, 0.055465683341026306]
1.4471068433653125  ::  6.041566  ::  [1.1299864053726196, -0.14345088601112366, 0.05546393245458603]
1.4471068433653125  ::  6.057524  ::  [1.1488358974456787, -0.14392854273319244, 0.05546289309859276]
1.4497519408431057  ::  6.073482  ::  [1.167687177658081, -0.14440478384494781, 0.055463649332523346]
1.4509268401020536  ::  6.089454  ::  [1.186541199684143, -0.14488086104393005, 0.055464670062065125]
1.4481639218610778  ::  6.105409  ::  [1.2053965330123901, -0.1453566998243332, 0.0554666742682457]
1.4457319476297301  ::  6.121468  ::  [1.2368203401565552, -0.14615045487880707, 0.0554661899805069]
1.4457319476297301  ::  6.137129  ::  [1.2368203401565552, -0.14615045487880707, 0.0554661899805069]
1.4464032271590954  ::  6.153087  ::  [1.2556805610656738, -0.14662793278694153, 0.055464357137680054]
1.4483531394454283  ::  6.169046  ::  [1.2745217084884644, -0.14710478484630585, 0.055462796241045]
1.4483531394454283  ::  6.185004  ::  [1.2870869636535645, -0.14742258191108704, 0.055462539196014404]
1.4494292144048226  ::  6.200958  ::  [1.2933716773986816, -0.1475815623998642, 0.055463045835494995]
1.4502544933556305  ::  6.216915  ::  [1.2996591329574585, -0.14774061739444733, 0.05546367168426514]
1.4509088041337765  ::  6.231875  ::  [1.3122248649597168, -0.14805814623832703, 0.05546428635716438]
1.4492493883305808  ::  6.246835  ::  [1.3310928344726562, -0.14853517711162567, 0.05546488240361214]
1.4465634164394734  ::  6.26431  ::  [1.3625047206878662, -0.14932753145694733, 0.05546671897172928]
1.4465634164394734  ::  6.277272  ::  [1.3625047206878662, -0.14932753145694733, 0.05546671897172928]
1.445535686412798  ::  6.293229  ::  [1.381356954574585, -0.14980489015579224, 0.05546443536877632]
1.445535686412798  ::  6.309186  ::  [1.3939242362976074, -0.15012279152870178, 0.055463530123233795]
1.4486425687115074  ::  6.325146  ::  [1.4064900875091553, -0.15044115483760834, 0.05546274036169052]
1.4504075322817211  ::  6.341103  ::  [1.4190623760223389, -0.15075933933258057, 0.05546262860298157]
1.4513490311701251  ::  6.357059  ::  [1.4316246509552002, -0.15107731521129608, 0.05546373128890991]
1.4513490311701251  ::  6.373016  ::  [1.4442014694213867, -0.15139465034008026, 0.055463775992393494]
1.4509440222966845  ::  6.388975  ::  [1.4504776000976562, -0.15155327320098877, 0.05546373128890991]
1.4501734915809423  ::  6.404931  ::  [1.4630526304244995, -0.15187077224254608, 0.05546562746167183]
1.4484298723518851  ::  6.420888  ::  [1.469333529472351, -0.15202941000461578, 0.05546608567237854]
1.4484298723518851  ::  6.43655  ::  [1.4819108247756958, -0.15234702825546265, 0.05546615272760391]
1.445608897502964  ::  6.452506  ::  [1.4944727420806885, -0.15266455709934235, 0.05546583607792854]
1.445608897502964  ::  6.468465  ::  [1.5070409774780273, -0.15298224985599518, 0.055465079843997955]
1.4462835921269144  ::  6.484423  ::  [1.525892972946167, -0.1534600704908371, 0.05546316131949425]
1.447912805687374  ::  6.500379  ::  [1.532175064086914, -0.15361908078193665, 0.05546269193291664]
1.447912805687374  ::  6.516335  ::  [1.544743299484253, -0.15393687784671783, 0.05546266585588455]
1.4499004974575536  ::  6.532292  ::  [1.557309627532959, -0.15425533056259155, 0.05546335130929947]
1.4513916131307318  ::  6.551242  ::  [1.5887374877929688, -0.1550493836402893, 0.05546591803431511]
1.4501377398095057  ::  6.570193  ::  [1.601301908493042, -0.15536656975746155, 0.05546635016798973]
1.4492889820834258  ::  6.582162  ::  [1.6075971126556396, -0.15552519261837006, 0.05546652525663376]
1.4484674383923202  ::  6.595129  ::  [1.613871455192566, -0.15568377077579498, 0.05546587333083153]
1.4463861516861705  ::  6.610224  ::  [1.613871455192566, -0.15568377077579498, 0.05546587333083153]
1.4463861516861705  ::  6.626154  ::  [1.62644624710083, -0.15600161254405975, 0.055465973913669586]
1.4453767777928894  ::  6.642261  ::  [1.6390092372894287, -0.15631969273090363, 0.05546564608812332]
1.447151026151506  ::  6.658191  ::  [1.6578606367111206, -0.15679630637168884, 0.05546373873949051]
1.4498356106604384  ::  6.674178  ::  [1.6767096519470215, -0.157273530960083, 0.05546239763498306]
1.4506381578879148  ::  6.690106  ::  [1.6955620050430298, -0.15775036811828613, 0.05546377971768379]
1.4504997398355164  ::  6.705093  ::  [1.7081305980682373, -0.15806791186332703, 0.05546467751264572]
1.4493930357465628  ::  6.721025  ::  [1.7144145965576172, -0.15822643041610718, 0.05546477064490318]
1.4485459855677754  ::  6.736301  ::  [1.7332699298858643, -0.1587015837430954, 0.05546620488166809]
1.4485459855677754  ::  6.752258  ::  [1.739565372467041, -0.15886026620864868, 0.05546623840928078]
1.4446390106408222  ::  6.767213  ::  [1.7521263360977173, -0.15917831659317017, 0.055466704070568085]
1.4446390106408222  ::  6.783175  ::  [1.7709780931472778, -0.1596541404724121, 0.05546536296606064]
1.4444854381062027  ::  6.799131  ::  [1.7898305654525757, -0.16013100743293762, 0.05546296387910843]
1.4455954505680355  ::  6.815061  ::  [1.8023960590362549, -0.16044950485229492, 0.055462971329689026]
1.4498884379048003  ::  6.831018  ::  [1.821244239807129, -0.1609259396791458, 0.055461812764406204]
1.4493792686465168  ::  6.846977  ::  [1.858954668045044, -0.16187727451324463, 0.05546509101986885]
1.4493792686465168  ::  6.862935  ::  [1.858954668045044, -0.16187727451324463, 0.05546509101986885]
1.4469289382817747  ::  6.878891  ::  [1.8715355396270752, -0.16219443082809448, 0.05546600744128227]
1.446027353311333  ::  6.894929  ::  [1.8778103590011597, -0.1623525619506836, 0.05546671897172928]
1.4441404068314114  ::  6.910885  ::  [1.8840937614440918, -0.1625114381313324, 0.05546649545431137]
1.4438975082290528  ::  6.926842  ::  [1.9029470682144165, -0.16298826038837433, 0.055465295910835266]
1.4438975082290528  ::  6.942826  ::  [1.9092289209365845, -0.163146510720253, 0.05546390637755394]
1.444224076648744  ::  6.958778  ::  [1.9217965602874756, -0.16346432268619537, 0.055463097989559174]
1.4465041858927645  ::  6.974736  ::  [1.9406489133834839, -0.163941890001297, 0.055461861193180084]
1.4490645463361673  ::  6.989696  ::  [1.9595048427581787, -0.1644183248281479, 0.05546373873949051]
1.4501602580894255  ::  7.005719  ::  [1.978354811668396, -0.16489426791667938, 0.05546474829316139]
1.4490977367866653  ::  7.020679  ::  [1.990921139717102, -0.16521069407463074, 0.05546572059392929]
1.446324253096817  ::  7.036241  ::  [2.0097763538360596, -0.16568602621555328, 0.05546613410115242]
1.4437507658836033  ::  7.052198  ::  [2.028630018234253, -0.16616269946098328, 0.05546543747186661]
1.4437507658836033  ::  7.068151  ::  [2.04119873046875, -0.1664797067642212, 0.055464111268520355]
1.447488480185187  ::  7.083147  ::  [2.060047149658203, -0.1669570952653885, 0.055462177842855453]
1.447488480185187  ::  7.099069  ::  [2.0789082050323486, -0.167433500289917, 0.05546025186777115]
1.4502027333283265  ::  7.115996  ::  [2.1103203296661377, -0.16822679340839386, 0.05546453967690468]
1.4487066017349763  ::  7.129957  ::  [2.1103203296661377, -0.16822679340839386, 0.05546453967690468]
1.4471303221405845  ::  7.145914  ::  [2.1291749477386475, -0.16870218515396118, 0.0554661825299263]
1.444883296625356  ::  7.161874  ::  [2.1606028079986572, -0.16949597001075745, 0.055465247482061386]
1.444303157432728  ::  7.177829  ::  [2.179455280303955, -0.16997303068637848, 0.055462710559368134]
1.4454401704861235  ::  7.193786  ::  [2.192017078399658, -0.17029084265232086, 0.05546310171484947]
1.4454401704861235  ::  7.209744  ::  [2.192017078399658, -0.17029084265232086, 0.05546310171484947]
1.4472859223876138  ::  7.225728  ::  [2.2045836448669434, -0.17060884833335876, 0.05546193569898605]
1.448173953701421  ::  7.241687  ::  [2.2108664512634277, -0.1707683950662613, 0.05546214058995247]
1.4501943023135697  ::  7.257624  ::  [2.229717969894409, -0.17124438285827637, 0.055463843047618866]
1.4489253812318283  ::  7.272581  ::  [2.2485733032226562, -0.17172059416770935, 0.05546490475535393]
1.4489253812318283  ::  7.288011  ::  [2.2611453533172607, -0.1720370054244995, 0.055465538054704666]
1.4456070832339658  ::  7.303969  ::  [2.2800002098083496, -0.17251238226890564, 0.05546648055315018]
1.4439884351223786  ::  7.319926  ::  [2.298862934112549, -0.17298930883407593, 0.0554642491042614]
1.446027353311333  ::  7.335884  ::  [2.317701816558838, -0.1734660565853119, 0.055463001132011414]
1.446027353311333  ::  7.351841  ::  [2.3365516662597656, -0.17394252121448517, 0.055461931973695755]
1.446827766104694  ::  7.367798  ::  [2.3428449630737305, -0.17410142719745636, 0.05546136945486069]
1.4486813086907062  ::  7.383832  ::  [2.355403423309326, -0.17441870272159576, 0.055463384836912155]
1.448685791002349  ::  7.398821  ::  [2.3742570877075195, -0.17489397525787354, 0.05546487867832184]
1.448685791002349  ::  7.413803  ::  [2.3868260383605957, -0.17521071434020996, 0.055465079843997955]
1.446175803204075  ::  7.429709  ::  [2.405681848526001, -0.17568686604499817, 0.05546574667096138]
1.4434537593764134  ::  7.445668  ::  [2.443385601043701, -0.1766386479139328, 0.055463068187236786]
1.4445163874008793  ::  7.460651  ::  [2.443385601043701, -0.1766386479139328, 0.055463068187236786]
1.4445163874008793  ::  7.475614  ::  [2.455955743789673, -0.17695747315883636, 0.05546238645911217]
1.4485854725989145  ::  7.491568  ::  [2.474804639816284, -0.1774330735206604, 0.05546129494905472]
1.4485854725989145  ::  7.507561  ::  [2.4873714447021484, -0.17775072157382965, 0.055463097989559174]
1.4490698824214565  ::  7.523518  ::  [2.5062384605407715, -0.17822715640068054, 0.05546364188194275]
1.4470436641154898  ::  7.539497  ::  [2.5250914096832275, -0.17870138585567474, 0.05546536296606064]
1.4444510737169411  ::  7.555431  ::  [2.5439364910125732, -0.17917682230472565, 0.055466778576374054]
1.442733281140683  ::  7.571414  ::  [2.562788963317871, -0.1796521246433258, 0.05546444654464722]
1.443303601936379  ::  7.587369  ::  [2.581639289855957, -0.1801287680864334, 0.0554618276655674]
1.4476347956438134  ::  7.603414  ::  [2.600489377975464, -0.18060539662837982, 0.05546186491847038]
1.448964654819556  ::  7.619371  ::  [2.6130645275115967, -0.1809232234954834, 0.05546276643872261]
1.447791249664489  ::  7.635305  ::  [2.6319103240966797, -0.1813982129096985, 0.055464670062065125]
1.445455111524933  ::  7.651148  ::  [2.669619560241699, -0.18234890699386597, 0.05546711012721062]
1.444511158037296  ::  7.667129  ::  [2.669619560241699, -0.18234890699386597, 0.05546711012721062]
1.444511158037296  ::  7.682883  ::  [2.6759088039398193, -0.18250802159309387, 0.055466316640377045]
1.4426257056612553  ::  7.698831  ::  [2.7073235511779785, -0.1833011358976364, 0.055463045835494995]
1.4445535265544913  ::  7.714905  ::  [2.7073235511779785, -0.1833011358976364, 0.055463045835494995]
1.4467580768308188  ::  7.730862  ::  [2.726172924041748, -0.18377697467803955, 0.055461809039115906]
1.4467580768308188  ::  7.74686  ::  [2.745023488998413, -0.18425360321998596, 0.05546155944466591]
1.4479452490859315  ::  7.762777  ::  [2.763878107070923, -0.18472883105278015, 0.0554642491042614]
1.4471577496189703  ::  7.78073  ::  [2.782733917236328, -0.1852031946182251, 0.05546495318412781]
1.4445774322165863  ::  7.794695  ::  [2.801598072052002, -0.1856786608695984, 0.055466413497924805]
1.4445774322165863  ::  7.809847  ::  [2.801598072052002, -0.1856786608695984, 0.055466413497924805]
1.4418025611445628  ::  7.830763  ::  [2.8330078125, -0.1864718347787857, 0.055463097989559174]
1.4424803506979809  ::  7.840736  ::  [2.8455770015716553, -0.18678884208202362, 0.05546329915523529]
1.4424803506979809  ::  7.856722  ::  [2.8455770015716553, -0.18678884208202362, 0.05546329915523529]
1.4466815573677734  ::  7.872702  ::  [2.8581411838531494, -0.18710602819919586, 0.05546121299266815]
1.4466815573677734  ::  7.88865  ::  [2.8769938945770264, -0.18758228421211243, 0.05546242371201515]
1.447915153564901  ::  7.904594  ::  [2.88957142829895, -0.18789952993392944, 0.05546276643872261]
1.447915153564901  ::  7.920551  ::  [2.908428430557251, -0.18837475776672363, 0.05546404421329498]
1.446057662275775  ::  7.936486  ::  [2.9272775650024414, -0.1888485699892044, 0.055466361343860626]
1.4420570924128517  ::  7.952443  ::  [2.9461252689361572, -0.18932437896728516, 0.05546560510993004]
1.4435085076114793  ::  7.968449  ::  [2.9649767875671387, -0.18980103731155396, 0.05546339601278305]
1.4435085076114793  ::  7.983885  ::  [2.9838271141052246, -0.19027774035930634, 0.05546225234866142]
1.4477466399914722  ::  7.999842  ::  [3.0026779174804688, -0.1907527595758438, 0.055462516844272614]
1.4477466399914722  ::  8.015799  ::  [3.0152578353881836, -0.1910715103149414, 0.05546266958117485]
1.4484640232977353  ::  8.031757  ::  [3.0341007709503174, -0.19154594838619232, 0.05546502396464348]
1.4447941840010285  ::  8.047188  ::  [3.0655272006988525, -0.19233743846416473, 0.05546706169843674]
1.442719620762343  ::  8.062727  ::  [3.0655272006988525, -0.19233743846416473, 0.05546706169843674]
1.442818765227014  ::  8.077823  ::  [3.0843803882598877, -0.1928132176399231, 0.05546477809548378]
1.442818765227014  ::  8.093823  ::  [3.1032323837280273, -0.19328993558883667, 0.05546336993575096]
1.4473647897281863  ::  8.109766  ::  [3.1158032417297363, -0.1936069279909134, 0.055463507771492004]
1.4473647897281863  ::  8.125715  ::  [3.1409366130828857, -0.19424207508563995, 0.055464036762714386]
1.4478717178306482  ::  8.140656  ::  [3.153501510620117, -0.1945590227842331, 0.05546405166387558]
1.445375070245597  ::  8.155646  ::  [3.172356605529785, -0.19503465294837952, 0.055465247482061386]
1.445375070245597  ::  8.171628  ::  [3.191213369369507, -0.1955091655254364, 0.055467236787080765]
1.4422721366500013  ::  8.187589  ::  [3.203782558441162, -0.19582612812519073, 0.05546591058373451]
1.4424528164978894  ::  8.203544  ::  [3.22263503074646, -0.19630225002765656, 0.055464815348386765]
1.4424528164978894  ::  8.219505  ::  [3.2352166175842285, -0.19661951065063477, 0.05546420440077782]
1.4454029246108058  ::  8.235459  ::  [3.2540557384490967, -0.19709594547748566, 0.0554647259414196]
1.448949500337335  ::  8.251418  ::  [3.2666330337524414, -0.19741426408290863, 0.055462852120399475]
1.448949500337335  ::  8.267374  ::  [3.2917582988739014, -0.19804808497428894, 0.055465131998062134]
1.4475594501195317  ::  8.283331  ::  [3.3043301105499268, -0.19836463034152985, 0.05546616390347481]
1.4459226593179615  ::  8.298978  ::  [3.3106236457824707, -0.19852355122566223, 0.05546551197767258]
1.444042863192327  ::  8.315936  ::  [3.3357551097869873, -0.19915609061717987, 0.05546707287430763]
1.4423296596494175  ::  8.340867  ::  [3.354621410369873, -0.19963303208351135, 0.05546388030052185]
1.4423296596494175  ::  8.346851  ::  [3.354621410369873, -0.19963303208351135, 0.05546388030052185]
1.442304900213676  ::  8.362809  ::  [3.354621410369873, -0.19963303208351135, 0.05546388030052185]
1.4429738318655143  ::  8.380761  ::  [3.373469114303589, -0.20010927319526672, 0.05546250566840172]
1.4457478491638915  ::  8.3944  ::  [3.373469114303589, -0.20010927319526672, 0.05546250566840172]
1.4477164377487362  ::  8.409959  ::  [3.3923215866088867, -0.20058631896972656, 0.055462755262851715]
1.4477164377487362  ::  8.424922  ::  [3.404876947402954, -0.2009025365114212, 0.05546446889638901]
1.4480561329382384  ::  8.440845  ::  [3.42372989654541, -0.2013779878616333, 0.05546608194708824]
1.4480561329382384  ::  8.456827  ::  [3.43630313873291, -0.2016938179731369, 0.05546557158231735]
1.4463088851711845  ::  8.47276  ::  [3.448868751525879, -0.20201115310192108, 0.05546632781624794]
1.4445553408234897  ::  8.488724  ::  [3.46144437789917, -0.2023279070854187, 0.0554671548306942]
1.4424260293497382  ::  8.504192  ::  [3.4740092754364014, -0.20264555513858795, 0.05546744167804718]
