1.4618770207237592  ::  0.015471  ::  [-4.524885177612305, -4.056626494275406e-05, 0.0554661825299263]
1.4618770207237592  ::  0.031518  ::  [-4.5248870849609375, -4.057190744788386e-05, 0.05546599254012108]
2.1314194408840703  ::  0.047474  ::  [-4.537570953369141, 0.00017878838116303086, 0.06754499673843384]
2.174563611436925  ::  0.062435  ::  [-4.536715030670166, 0.00010739345452748239, 0.06694234907627106]
2.033855097788904  ::  0.077396  ::  [-4.5104827880859375, -0.0010827429359778762, 0.05551282316446304]
0.9751343684150845  ::  0.093354  ::  [-4.457066059112549, -0.0029113776981830597, 0.06545084714889526]
1.0655311750282628  ::  0.109281  ::  [-4.415764331817627, -0.004583243280649185, 0.05578453093767166]
1.0655311750282628  ::  0.125263  ::  [-4.4100213050842285, -0.004580473527312279, 0.05814759433269501]
1.2648239287347758  ::  0.141329  ::  [-4.40336275100708, -0.004884573630988598, 0.05658373236656189]
1.2734686003464848  ::  0.157341  ::  [-4.361806392669678, -0.005753776989877224, 0.05769186466932297]
1.182556861502911  ::  0.173299  ::  [-4.331608295440674, -0.006398574914783239, 0.056114815175533295]
1.16067976559136  ::  0.189087  ::  [-4.297755241394043, -0.007097591646015644, 0.05564749613404274]
1.1935094967238495  ::  0.205044  ::  [-4.26442289352417, -0.007759349886327982, 0.055714018642902374]
1.1925128227135566  ::  0.221  ::  [-4.231436252593994, -0.00842771865427494, 0.05551227182149887]
1.1830438326463917  ::  0.236956  ::  [-4.2209248542785645, -0.008645305410027504, 0.05550571531057358]
1.1830438326463917  ::  0.252914  ::  [-4.2101922035217285, -0.008894643746316433, 0.05548053979873657]
1.1805720512187876  ::  0.268871  ::  [-4.18920373916626, -0.009327979758381844, 0.05546989664435387]
1.1809720441720564  ::  0.284828  ::  [-4.157783031463623, -0.00997762568295002, 0.05546654760837555]
1.1862483653058913  ::  0.300483  ::  [-4.1368279457092285, -0.010411638766527176, 0.05546601489186287]
1.182796558454096  ::  0.31644  ::  [-4.105411052703857, -0.011059611104428768, 0.0554688461124897]
1.182796558454096  ::  0.331373  ::  [-4.073981285095215, -0.011707386001944542, 0.0554695650935173]
1.1810779121041917  ::  0.346362  ::  [-4.042557716369629, -0.012356488034129143, 0.05546882003545761]
1.1853454996749802  ::  0.362347  ::  [-4.021610260009766, -0.012790441513061523, 0.05546672269701958]
1.1853454996749802  ::  0.378425  ::  [-3.9901833534240723, -0.013439454138278961, 0.05546633526682854]
1.185261082805707  ::  0.394366  ::  [-3.958756923675537, -0.014087243005633354, 0.05547016113996506]
1.1810225235388911  ::  0.410318  ::  [-3.92732834815979, -0.014735298231244087, 0.05546971410512924]
1.1851862708899543  ::  0.426138  ::  [-3.8959085941314697, -0.015385707840323448, 0.05546735227108002]
1.1859626712995144  ::  0.442072  ::  [-3.8644886016845703, -0.016035260632634163, 0.05546668544411659]
1.1859626712995144  ::  0.457518  ::  [-3.8330605030059814, -0.016683485358953476, 0.05546928197145462]
1.1803588212506362  ::  0.473434  ::  [-3.801630973815918, -0.01733243465423584, 0.055470213294029236]
1.1844179813300337  ::  0.488417  ::  [-3.7702078819274902, -0.01798178441822529, 0.05546803027391434]
1.1844179813300337  ::  0.504163  ::  [-3.738787889480591, -0.018632354214787483, 0.055465612560510635]
1.1837632436650645  ::  0.520121  ::  [-3.7178285121917725, -0.01906457729637623, 0.05546784773468971]
1.179754883117619  ::  0.535694  ::  [-3.686398983001709, -0.019711807370185852, 0.05546814948320389]
1.1802613843332577  ::  0.551651  ::  [-3.654968738555908, -0.020360907539725304, 0.055468447506427765]
1.1802613843332577  ::  0.566941  ::  [-3.634032964706421, -0.02079404518008232, 0.05546773225069046]
1.1856346087759422  ::  0.582905  ::  [-3.6235532760620117, -0.021011291071772575, 0.0554661899805069]
1.1856346087759422  ::  0.59886  ::  [-3.5921266078948975, -0.02165989950299263, 0.055466923862695694]
1.1844530927712358  ::  0.614824  ::  [-3.5607094764709473, -0.02230752632021904, 0.05547048896551132]
1.1808763148019705  ::  0.630746  ::  [-3.5292816162109375, -0.022955475375056267, 0.05546955391764641]
1.1839825567704454  ::  0.646535  ::  [-3.4978599548339844, -0.02360605075955391, 0.05546662211418152]
1.1864379030553591  ::  0.662452  ::  [-3.4769089221954346, -0.024038545787334442, 0.05546577647328377]
1.185735780953023  ::  0.678409  ::  [-3.4454824924468994, -0.02468777634203434, 0.05546893924474716]
1.185735780953023  ::  0.694479  ::  [-3.4350087642669678, -0.024903587996959686, 0.05546990782022476]
1.180732987551106  ::  0.710441  ::  [-3.4140548706054688, -0.02533521130681038, 0.05547001585364342]
1.1841354889748301  ::  0.726363  ::  [-3.382626533508301, -0.02598561905324459, 0.05546831339597702]
1.1841354889748301  ::  0.742388  ::  [-3.3512017726898193, -0.026636546477675438, 0.05546589940786362]
1.1849108221673323  ::  0.758347  ::  [-3.3302507400512695, -0.02706919051706791, 0.055464453995227814]
1.1807938189234015  ::  0.774086  ::  [-3.2988290786743164, -0.027716904878616333, 0.05547001212835312]
1.1811000034972883  ::  0.789917  ::  [-3.267401695251465, -0.028365474194288254, 0.055468566715717316]
1.1811000034972883  ::  0.805909  ::  [-3.235982894897461, -0.029015686362981796, 0.05546661838889122]
1.1865979856140314  ::  0.821831  ::  [-3.225503921508789, -0.029232705011963844, 0.05546651780605316]
1.1857869006500923  ::  0.836955  ::  [-3.1940736770629883, -0.029882360249757767, 0.05546654015779495]
1.1857869006500923  ::  0.851943  ::  [-3.1731321811676025, -0.030313637107610703, 0.05546974763274193]
1.1817089575504773  ::  0.867908  ::  [-3.14170241355896, -0.03096196986734867, 0.05547022074460983]
1.1845922578755748  ::  0.88383  ::  [-3.1102685928344727, -0.031611986458301544, 0.05546547472476959]
1.1863867833582897  ::  0.899787  ::  [-3.0788464546203613, -0.03226323053240776, 0.055465344339609146]
1.1837308002665068  ::  0.915772  ::  [-3.0579073429107666, -0.032694898545742035, 0.05546801537275314]
1.1800905228823018  ::  0.931741  ::  [-3.0264761447906494, -0.03334272652864456, 0.05547017604112625]
1.1808779156275573  ::  0.947659  ::  [-2.9950504302978516, -0.033991649746894836, 0.05546879023313522]
1.1852906447182086  ::  0.962964  ::  [-2.97410249710083, -0.03442446142435074, 0.05546700209379196]
1.1859870038484326  ::  0.978989  ::  [-2.942680835723877, -0.03507474437355995, 0.05546703189611435]
1.1818012718259783  ::  0.994983  ::  [-2.911247968673706, -0.03572287783026695, 0.05546914413571358]
1.1818012718259783  ::  1.010936  ::  [-2.8798253536224365, -0.036371536552906036, 0.055469904094934464]
1.181419528284398  ::  1.02689  ::  [-2.8693509101867676, -0.036587152630090714, 0.055469218641519547]
1.181419528284398  ::  1.042353  ::  [-2.8379275798797607, -0.037237685173749924, 0.05546650290489197]
1.1859747308522677  ::  1.058281  ::  [-2.806494951248169, -0.0378875806927681, 0.05546668544411659]
1.1836626050965124  ::  1.074376  ::  [-2.7855541706085205, -0.03831908851861954, 0.055468782782554626]
1.1798840163816144  ::  1.090334  ::  [-2.7646002769470215, -0.038751617074012756, 0.0554703064262867]
1.1798840163816144  ::  1.10629  ::  [-2.7331719398498535, -0.03939992934465408, 0.05546950548887253]
1.1833832076707766  ::  1.122275  ::  [-2.7122247219085693, -0.039833832532167435, 0.055466748774051666]
1.18630962356501  ::  1.138206  ::  [-2.6912806034088135, -0.04026668518781662, 0.05546640604734421]
1.1858810291945916  ::  1.154162  ::  [-2.6598546504974365, -0.040915049612522125, 0.05546802654862404]
1.1858810291945916  ::  1.170154  ::  [-2.649379253387451, -0.04113170504570007, 0.055469170212745667]
1.1800699255930858  ::  1.185702  ::  [-2.6283984184265137, -0.0415639653801918, 0.055470529943704605]
1.1813749186113813  ::  1.201657  ::  [-2.5969789028167725, -0.04221266880631447, 0.05546832084655762]
1.185389575739468  ::  1.21694  ::  [-2.5760326385498047, -0.042646460235118866, 0.055466651916503906]
1.1863216831177632  ::  1.232919  ::  [-2.544609546661377, -0.04329592362046242, 0.05546676740050316]
1.1827812972501692  ::  1.248983  ::  [-2.5236575603485107, -0.043728526681661606, 0.05546831712126732]
1.1800671508287355  ::  1.264905  ::  [-2.492217540740967, -0.04437616840004921, 0.05546976998448372]
1.1800671508287355  ::  1.280862  ::  [-2.460797071456909, -0.04502619057893753, 0.0554678812623024]
1.180599692140585  ::  1.29682  ::  [-2.4503297805786133, -0.0452427864074707, 0.05546703562140465]
1.1862707768641054  ::  1.312777  ::  [-2.4293689727783203, -0.04567660763859749, 0.05546519160270691]
1.1862707768641054  ::  1.327765  ::  [-2.3979525566101074, -0.04632485657930374, 0.05546778440475464]
1.1836725302151503  ::  1.34277  ::  [-2.3665292263031006, -0.04697272926568985, 0.05546952784061432]
1.181115371422921  ::  1.358274  ::  [-2.3351025581359863, -0.04762232303619385, 0.05546824261546135]
1.1855040881297714  ::  1.37426  ::  [-2.314155101776123, -0.048055946826934814, 0.05546649545431137]
1.1855040881297714  ::  1.389961  ::  [-2.2827327251434326, -0.04870560020208359, 0.05546649172902107]
1.1828334841642965  ::  1.405918  ::  [-2.261779546737671, -0.04913736507296562, 0.05546831712126732]
1.1828334841642965  ::  1.42191  ::  [-2.2303380966186523, -0.049786098301410675, 0.055469293147325516]
1.1831030631931003  ::  1.437861  ::  [-2.198927640914917, -0.05043463781476021, 0.055467475205659866]
1.1862654407788162  ::  1.452997  ::  [-2.1675055027008057, -0.0510849691927433, 0.05546577274799347]
1.184974001417155  ::  1.468539  ::  [-2.136080741882324, -0.051733870059251785, 0.05546754598617554]
1.180534271734941  ::  1.483956  ::  [-2.115128755569458, -0.05216561630368233, 0.055469781160354614]
1.180534271734941  ::  1.499914  ::  [-2.08370041847229, -0.0528143011033535, 0.05546935647726059]
1.1796687587010535  ::  1.515901  ::  [-2.0627517700195312, -0.05324660986661911, 0.05546776205301285]
1.1831264352466666  ::  1.531829  ::  [-2.0313234329223633, -0.05389735847711563, 0.055465541779994965]
1.1820845112331222  ::  1.547641  ::  [-1.9999008178710938, -0.05454523488879204, 0.055468492209911346]
1.1793919225962564  ::  1.563598  ::  [-1.968470811843872, -0.05519189313054085, 0.055469803512096405]
1.1804289374113346  ::  1.579708  ::  [-1.947524070739746, -0.055624473839998245, 0.05546884983778]
1.1804289374113346  ::  1.595674  ::  [-1.9161038398742676, -0.056274160742759705, 0.05546672269701958]
1.1843185167002452  ::  1.611666  ::  [-1.8846826553344727, -0.05692348629236221, 0.05546645447611809]
1.181348665071759  ::  1.627623  ::  [-1.8532536029815674, -0.057571057230234146, 0.05546928197145462]
1.181348665071759  ::  1.643642  ::  [-1.8322954177856445, -0.05800238996744156, 0.055468715727329254]
1.1791516920365424  ::  1.659701  ::  [-1.8008720874786377, -0.05865180864930153, 0.05546749383211136]
1.1855737774036468  ::  1.675768  ::  [-1.769454002380371, -0.05930108577013016, 0.05546605587005615]
1.1855737774036468  ::  1.691863  ::  [-1.7380297183990479, -0.05994894355535507, 0.05546819791197777]
1.179405689696302  ::  1.70782  ::  [-1.706600308418274, -0.06059688329696655, 0.05547000467777252]
1.1800379090813513  ::  1.723777  ::  [-1.6856472492218018, -0.06102849915623665, 0.055469296872615814]
1.1800379090813513  ::  1.739734  ::  [-1.6542240381240845, -0.06167822331190109, 0.05546693876385689]
1.1841857548982533  ::  1.755831  ::  [-1.622802495956421, -0.06232690066099167, 0.055466536432504654]
1.1838388026327578  ::  1.771858  ::  [-1.5913704633712769, -0.06297435611486435, 0.05546842887997627]
1.1795305540920664  ::  1.78791  ::  [-1.559935450553894, -0.06362180411815643, 0.05546816810965538]
1.1788884095883794  ::  1.803868  ::  [-1.5285248756408691, -0.06427051872015, 0.05546646565198898]
1.184152671169461  ::  1.819833  ::  [-1.497104287147522, -0.06491923332214355, 0.055465999990701675]
1.181541617915812  ::  1.835754  ::  [-1.4656777381896973, -0.065566286444664, 0.05546860024333]
1.181541617915812  ::  1.851712  ::  [-1.4447218179702759, -0.06599798053503036, 0.05547022819519043]
1.1780861825260203  ::  1.867261  ::  [-1.4132845401763916, -0.06664584577083588, 0.05546732619404793]
1.1840858633816418  ::  1.883246  ::  [-1.3818718194961548, -0.06729525327682495, 0.055466119199991226]
1.1840858633816418  ::  1.899205  ::  [-1.350441813468933, -0.06794373691082001, 0.055465251207351685]
1.1822503567639067  ::  1.914137  ::  [-1.319023847579956, -0.06858982890844345, 0.055470146238803864]
1.180727117857288  ::  1.930112  ::  [-1.3085438013076782, -0.06880562007427216, 0.05547022446990013]
1.1781821253395177  ::  1.945075  ::  [-1.2980729341506958, -0.0690217986702919, 0.055469222366809845]
1.1798155010465028  ::  1.961037  ::  [-1.2771109342575073, -0.06945367157459259, 0.05546683818101883]
1.182869342657439  ::  1.977  ::  [-1.2561618089675903, -0.06988693028688431, 0.055463675409555435]
1.182869342657439  ::  1.992967  ::  [-1.2352252006530762, -0.07031939178705215, 0.05546671897172928]
1.1845406045699765  ::  2.008911  ::  [-1.2142775058746338, -0.07075061649084091, 0.05546736717224121]
1.1803069545016265  ::  2.024846  ::  [-1.2038013935089111, -0.07096659392118454, 0.05546890199184418]
1.1785435917569995  ::  2.040836  ::  [-1.172371506690979, -0.07161330431699753, 0.05546976625919342]
1.1822195141909357  ::  2.056792  ::  [-1.1409462690353394, -0.07226239889860153, 0.0554666668176651]
1.1822195141909357  ::  2.072718  ::  [-1.1095173358917236, -0.07291150838136673, 0.05546554923057556]
1.1827838585711081  ::  2.087661  ::  [-1.088576316833496, -0.07334322482347488, 0.05546722561120987]
1.1827838585711081  ::  2.102664  ::  [-1.057136058807373, -0.07399112731218338, 0.05546765774488449]
1.1784582143923743  ::  2.118622  ::  [-1.0257089138031006, -0.07463832199573517, 0.055466391146183014]
1.1784582143923743  ::  2.134579  ::  [-1.0047696828842163, -0.07507087290287018, 0.055466823279857635]
1.1825428809594536  ::  2.15054  ::  [-0.973349928855896, -0.07571930438280106, 0.05546601116657257]
1.1841835137424317  ::  2.166523  ::  [-0.9419230222702026, -0.07636711001396179, 0.05546902120113373]
1.1789154101799422  ::  2.182451  ::  [-0.9209698438644409, -0.07679861038923264, 0.055469829589128494]
1.1781183057594604  ::  2.197411  ::  [-0.9000190496444702, -0.07722979038953781, 0.05546959117054939]
1.1800549845542765  ::  2.213524  ::  [-0.8790699243545532, -0.07766232639551163, 0.055466920137405396]
1.1800549845542765  ::  2.228483  ::  [-0.8581222295761108, -0.07809510082006454, 0.05546645447611809]
1.1825184416888297  ::  2.244441  ::  [-0.8266997337341309, -0.07874291390180588, 0.05546695739030838]
1.1784835074366447  ::  2.260473  ::  [-0.795271635055542, -0.07939043641090393, 0.05546922981739044]
1.1792881890982367  ::  2.276514  ::  [-0.7638423442840576, -0.08003754168748856, 0.05546863004565239]
1.1836479842228205  ::  2.292461  ::  [-0.7324202656745911, -0.08068667352199554, 0.05546659231185913]
1.184322572125065  ::  2.308415  ::  [-0.7009966373443604, -0.08133534342050552, 0.05546703189611435]
1.1822162058180565  ::  2.324372  ::  [-0.6800355315208435, -0.08176681399345398, 0.05546710640192032]
1.1822162058180565  ::  2.340364  ::  [-0.6590930223464966, -0.08219780027866364, 0.055470265448093414]
1.1792313064290552  ::  2.356286  ::  [-0.6381402611732483, -0.08262940496206284, 0.05546896159648895]
1.1781713464472339  ::  2.372243  ::  [-0.6171892881393433, -0.08306196331977844, 0.055467404425144196]
1.1815303054149993  ::  2.387294  ::  [-0.5857715606689453, -0.083711177110672, 0.055465810000896454]
1.1815314793537628  ::  2.40224  ::  [-0.5543472766876221, -0.08435848355293274, 0.05546758323907852]
1.1799330016445682  ::  2.418197  ::  [-0.5229151248931885, -0.08500614762306213, 0.05546947196125984]
1.178210299869844  ::  2.434153  ::  [-0.5124412775039673, -0.08522149920463562, 0.055469103157520294]
1.178210299869844  ::  2.450146  ::  [-0.49149084091186523, -0.08565329760313034, 0.055467549711465836]
1.1821263461417886  ::  2.465071  ::  [-0.460066020488739, -0.08630356192588806, 0.05546558275818825]
1.184303575661436  ::  2.480033  ::  [-0.4495965838432312, -0.08651930838823318, 0.05546541139483452]
1.18366089754922  ::  2.495989  ::  [-0.42864495515823364, -0.0869515985250473, 0.05546686798334122]
1.18366089754922  ::  2.511981  ::  [-0.4076941907405853, -0.0873827189207077, 0.05546899884939194]
1.1807989415652789  ::  2.527923  ::  [-0.386735737323761, -0.08781365305185318, 0.05546993762254715]
1.1784168063705311  ::  2.54386  ::  [-0.3657909035682678, -0.08824502676725388, 0.055468425154685974]
1.181296478157632  ::  2.559376  ::  [-0.344842791557312, -0.08867830038070679, 0.055466827005147934]
1.1844388987843668  ::  2.575358  ::  [-0.3238948881626129, -0.08911152184009552, 0.05546555668115616]
1.1830648568224307  ::  2.590808  ::  [-0.2715156078338623, -0.09018947929143906, 0.05546964332461357]
1.1830648568224307  ::  2.606742  ::  [-0.2715156078338623, -0.09018947929143906, 0.05546964332461357]
1.1781651565882985  ::  2.622699  ::  [-0.24009013175964355, -0.0908372774720192, 0.05546843633055687]
1.1781651565882985  ::  2.638656  ::  [-0.2191309630870819, -0.09126995503902435, 0.05546551197767258]
1.1844619506728156  ::  2.653808  ::  [-0.18771842122077942, -0.09191948175430298, 0.055465955287218094]
1.1827127819150576  ::  2.669407  ::  [-0.1562928557395935, -0.09256654977798462, 0.05546838045120239]
1.1827127819150576  ::  2.6854  ::  [-0.13534173369407654, -0.09299731999635696, 0.055469054728746414]
1.178602929025414  ::  2.701352  ::  [-0.10391063988208771, -0.09364528954029083, 0.055468667298555374]
1.1782344189753506  ::  2.7173  ::  [-0.09343884885311127, -0.0938616693019867, 0.05546800419688225]
1.1827903685951608  ::  2.733265  ::  [-0.06201481819152832, -0.09451119601726532, 0.055465832352638245]
1.1827903685951608  ::  2.74852  ::  [-0.0515439510345459, -0.09472662210464478, 0.055465392768383026]
1.1846313180198909  ::  2.763445  ::  [-0.030593592673540115, -0.09515883028507233, 0.05546737462282181]
1.1821203697262648  ::  2.779401  ::  [0.0008361907675862312, -0.09580560028553009, 0.05546946078538895]
1.1783259861989113  ::  2.795358  ::  [0.01131129264831543, -0.09602084010839462, 0.05546880513429642]
1.1840287672690486  ::  2.811392  ::  [0.0322616845369339, -0.09645228087902069, 0.05546580255031586]
1.217384956576158  ::  2.827426  ::  [0.06366212666034698, -0.09707754850387573, 0.0554380938410759]
1.217384956576158  ::  2.843416  ::  [0.09512947499752045, -0.097771555185318, 0.05546461045742035]
1.211123807541372  ::  2.859369  ::  [0.12655819952487946, -0.09843827039003372, 0.05546709522604942]
1.211123807541372  ::  2.875397  ::  [0.15795819461345673, -0.09913333505392075, 0.055434033274650574]
1.2120356377955686  ::  2.891326  ::  [0.1894100308418274, -0.0997663289308548, 0.05546499043703079]
1.2168627672697694  ::  2.907283  ::  [0.2208307981491089, -0.1004316508769989, 0.05546470731496811]
1.2168627672697694  ::  2.923269  ::  [0.2417832911014557, -0.10087583214044571, 0.05546654015779495]
1.2132097900025762  ::  2.939226  ::  [0.27321118116378784, -0.10154037177562714, 0.05546820908784866]
1.2108243464349493  ::  2.955191  ::  [0.3046354353427887, -0.10220561176538467, 0.05546535924077034]
1.217097341579077  ::  2.971114  ::  [0.33605679869651794, -0.10287296772003174, 0.05546471104025841]
1.216649110414795  ::  2.98707  ::  [0.3674927353858948, -0.10353881865739822, 0.055463504046201706]
1.2141213000916555  ::  3.003027  ::  [0.3779588043689728, -0.10376059263944626, 0.05546630546450615]
1.210758072255659  ::  3.018986  ::  [0.39891597628593445, -0.10420308262109756, 0.055467113852500916]
1.210758072255659  ::  3.034183  ::  [0.43033862113952637, -0.10487039387226105, 0.055466391146183014]
1.2109593493927626  ::  3.05015  ::  [0.4408094584941864, -0.10509245842695236, 0.05546509474515915]
1.2133435122999203  ::  3.065215  ::  [0.4617573022842407, -0.10553713887929916, 0.05546308681368828]
1.2169775998251902  ::  3.081201  ::  [0.48270702362060547, -0.10598081350326538, 0.05546382814645767]
1.2169775998251902  ::  3.097165  ::  [0.5036675333976746, -0.1064247190952301, 0.05546480044722557]
1.2111406695708855  ::  3.113088  ::  [0.5350878238677979, -0.10709020495414734, 0.05546671897172928]
1.2114816454208572  ::  3.129045  ::  [0.5560412406921387, -0.10753380507230759, 0.05546572059392929]
1.214072741715525  ::  3.145056  ::  [0.5769822001457214, -0.10797765105962753, 0.05546363443136215]
1.2170043869733413  ::  3.161019  ::  [0.5979304909706116, -0.10842234641313553, 0.05546336621046066]
1.2157438969063568  ::  3.176531  ::  [0.6293549537658691, -0.10908835381269455, 0.0554656982421875]
1.2157438969063568  ::  3.192488  ::  [0.6503111124038696, -0.10953077673912048, 0.05546567589044571]
1.2116596572261007  ::  3.208446  ::  [0.6817392706871033, -0.11019647121429443, 0.055467553436756134]
1.2116596572261007  ::  3.223574  ::  [0.7131593823432922, -0.11086368560791016, 0.05546402186155319]
1.2161351386797514  ::  3.238506  ::  [0.7445800304412842, -0.11152947694063187, 0.05546416714787483]
1.213409146148976  ::  3.254609  ::  [0.7760044932365417, -0.11219604313373566, 0.05546536669135094]
1.213409146148976  ::  3.270566  ::  [0.7969611883163452, -0.11263787746429443, 0.055466778576374054]
1.2132081891769895  ::  3.286594  ::  [0.8283841609954834, -0.11330421268939972, 0.055465321987867355]
1.2132081891769895  ::  3.302581  ::  [0.8598036766052246, -0.11397072672843933, 0.05546187609434128]
1.2163930850426252  ::  3.318547  ::  [0.8912285566329956, -0.11463647335767746, 0.05546446144580841]
1.210158829877696  ::  3.334466  ::  [0.9226586818695068, -0.11530162394046783, 0.055466700345277786]
1.2110086548208336  ::  3.349937  ::  [0.9540853500366211, -0.11596725136041641, 0.0554656945168972]
1.215373038978766  ::  3.364925  ::  [0.9750441312789917, -0.11641114205121994, 0.055461518466472626]
1.2160497613151262  ::  3.380854  ::  [1.0064623355865479, -0.11707742512226105, 0.05546097457408905]
1.2132096832808703  ::  3.396664  ::  [1.037880301475525, -0.11774157732725143, 0.05546596646308899]
1.2132096832808703  ::  3.412704  ::  [1.058832049369812, -0.11818520724773407, 0.05546632036566734]
1.2130102204127649  ::  3.427915  ::  [1.0902583599090576, -0.11885082721710205, 0.05546454340219498]
1.2130102204127649  ::  3.443842  ::  [1.1216778755187988, -0.11951813101768494, 0.05546190217137337]
1.2163534912897802  ::  3.458845  ::  [1.1321532726287842, -0.1197398230433464, 0.05546374246478081]
1.2163534912897802  ::  3.474648  ::  [1.163578748703003, -0.12040358781814575, 0.05546402558684349]
1.2124053217843955  ::  3.48978  ::  [1.1740540266036987, -0.12062637507915497, 0.055465005338191986]
1.2124053217843955  ::  3.504775  ::  [1.1950056552886963, -0.12106902152299881, 0.055465035140514374]
1.210042183053277  ::  3.520731  ::  [1.2159596681594849, -0.12151191383600235, 0.055465005338191986]
1.2106285121048401  ::  3.536661  ::  [1.2369109392166138, -0.12195685505867004, 0.05546267330646515]
1.2156047318020176  ::  3.552652  ::  [1.2683289051055908, -0.1226235032081604, 0.05546313896775246]
1.2156047318020176  ::  3.568575  ::  [1.299767255783081, -0.12328808009624481, 0.055464014410972595]
1.2098389849254692  ::  3.584532  ::  [1.3207067251205444, -0.12373054027557373, 0.05546615272760391]
1.212328909043056  ::  3.600494  ::  [1.3521311283111572, -0.12439602613449097, 0.05546431988477707]
1.2151175472151254  ::  3.616448  ::  [1.383553385734558, -0.12506262958049774, 0.05546191334724426]
1.2151175472151254  ::  3.631532  ::  [1.4045017957687378, -0.12550553679466248, 0.05546294152736664]
1.2159135844185491  ::  3.646527  ::  [1.414975643157959, -0.12572753429412842, 0.055463019758462906]
1.2159135844185491  ::  3.662448  ::  [1.4254584312438965, -0.125949889421463, 0.05546378344297409]
1.2095305591957606  ::  3.678434  ::  [1.4464048147201538, -0.12639203667640686, 0.0554656907916069]
1.2095305591957606  ::  3.694364  ::  [1.4778412580490112, -0.1270575076341629, 0.05546418949961662]
1.2098203086269572  ::  3.710349  ::  [1.498779296875, -0.1275015026330948, 0.05546239763498306]
1.2154231981804835  ::  3.726278  ::  [1.5302009582519531, -0.1281675398349762, 0.055462345480918884]
1.2154231981804835  ::  3.742246  ::  [1.551152229309082, -0.12861019372940063, 0.05546436458826065]
1.2127396808886088  ::  3.758192  ::  [1.582578182220459, -0.12927323579788208, 0.05546502023935318]
1.2097893593322806  ::  3.773721  ::  [1.6035305261611938, -0.1297178566455841, 0.055464938282966614]
1.2101464501598254  ::  3.789792  ::  [1.634953498840332, -0.130382239818573, 0.05546196177601814]
1.2145284433992116  ::  3.805857  ::  [1.645425796508789, -0.13060525059700012, 0.055462371557950974]
1.2145284433992116  ::  3.821815  ::  [1.666375994682312, -0.13104785978794098, 0.05546281859278679]
1.215040494143551  ::  3.8378  ::  [1.6977996826171875, -0.1317131668329239, 0.055463843047618866]
1.2107987332255616  ::  3.853758  ::  [1.7292306423187256, -0.13237719237804413, 0.05546591430902481]
1.212573088305884  ::  3.869104  ::  [1.7501769065856934, -0.1328207105398178, 0.05546334385871887]
1.2158548874803694  ::  3.884567  ::  [1.7815982103347778, -0.13348764181137085, 0.05546078830957413]
1.2158548874803694  ::  3.900522  ::  [1.8130236864089966, -0.13415095210075378, 0.05546353757381439]
1.214685110863299  ::  3.916527  ::  [1.8235054016113281, -0.13437312841415405, 0.05546341463923454]
1.2117256112402734  ::  3.932481  ::  [1.8339762687683105, -0.13459493219852448, 0.05546555668115616]
1.2095227685112386  ::  3.948587  ::  [1.8549253940582275, -0.13503767549991608, 0.055464111268520355]
1.2102700338951204  ::  3.96458  ::  [1.8758784532546997, -0.1354813128709793, 0.05546417459845543]
1.2102700338951204  ::  3.980504  ::  [1.8968300819396973, -0.13592620193958282, 0.05546075850725174]
1.2149128549834365  ::  3.9965  ::  [1.9072997570037842, -0.13614918291568756, 0.05546241253614426]
1.2157355726133057  ::  4.012416  ::  [1.9282515048980713, -0.13659170269966125, 0.055462002754211426]
1.2157355726133057  ::  4.028402  ::  [1.9387223720550537, -0.1368134766817093, 0.055462341755628586]
1.2124872840544356  ::  4.044355  ::  [1.9701558351516724, -0.13747788965702057, 0.05546477437019348]
1.2124872840544356  ::  4.060289  ::  [1.980627417564392, -0.13769909739494324, 0.055465035140514374]
1.2095268239360584  ::  4.076245  ::  [2.0015900135040283, -0.13814324140548706, 0.055464006960392]
1.2120455629142064  ::  4.092018  ::  [2.022526741027832, -0.13858677446842194, 0.05546320974826813]
1.2120455629142064  ::  4.107299  ::  [2.043473958969116, -0.13903002440929413, 0.055462487041950226]
1.2148821191321715  ::  4.123229  ::  [2.0644266605377197, -0.13947409391403198, 0.05546211823821068]
1.2131704096931428  ::  4.138189  ::  [2.0748977661132812, -0.1396958976984024, 0.05546294152736664]
1.2131704096931428  ::  4.154172  ::  [2.1063268184661865, -0.14035949110984802, 0.05546605587005615]
1.2101445291691213  ::  4.170146  ::  [2.1272826194763184, -0.14080233871936798, 0.05546491965651512]
1.2093096452647931  ::  4.186096  ::  [2.1377522945404053, -0.14102332293987274, 0.055463384836912155]
1.2113368240661118  ::  4.202046  ::  [2.148226499557495, -0.14124666154384613, 0.055463023483753204]
1.2113368240661118  ::  4.217975  ::  [2.169173240661621, -0.14169052243232727, 0.05546141788363457]
1.2154589499519202  ::  4.233699  ::  [2.200596809387207, -0.1423560082912445, 0.05546266958117485]
1.2140670854651185  ::  4.249657  ::  [2.2320358753204346, -0.1430199146270752, 0.055464114993810654]
1.2099246824552117  ::  4.265638  ::  [2.2634623050689697, -0.14368467032909393, 0.055461104959249496]
1.2140451007937276  ::  4.281607  ::  [2.2948741912841797, -0.1443507820367813, 0.055462293326854706]
1.2140451007937276  ::  4.29763  ::  [2.315821886062622, -0.14479543268680573, 0.05546274781227112]
1.2159222288767175  ::  4.313611  ::  [2.3472580909729004, -0.14545993506908417, 0.0554632805287838]
1.2099262832807982  ::  4.328977  ::  [2.378673553466797, -0.14612416923046112, 0.05546420440077782]
1.2132579214918835  ::  4.344961  ::  [2.410099983215332, -0.1467905193567276, 0.05546305328607559]
1.2156889352278792  ::  4.360921  ::  [2.441521644592285, -0.1474570333957672, 0.055461738258600235]
1.2156889352278792  ::  4.376887  ::  [2.4624829292297363, -0.14790129661560059, 0.05546103045344353]
1.211918670806032  ::  4.391832  ::  [2.483422040939331, -0.14834454655647278, 0.05546482279896736]
1.211918670806032  ::  4.407794  ::  [2.5148491859436035, -0.14900752902030945, 0.05546410009264946]
1.2099021641752916  ::  4.423759  ::  [2.5357983112335205, -0.14945203065872192, 0.05546317249536514]
1.215184141559533  ::  4.439683  ::  [2.5567467212677, -0.14989642798900604, 0.055461663752794266]
1.215184141559533  ::  4.455637  ::  [2.5881688594818115, -0.15056219696998596, 0.05546196922659874]
1.2158806074114628  ::  4.471619  ::  [2.609118938446045, -0.1510053277015686, 0.0554625578224659]
1.2137473472345972  ::  4.487243  ::  [2.6300742626190186, -0.15144716203212738, 0.05546443536877632]
1.2107270162392765  ::  4.503252  ::  [2.6510348320007324, -0.15189093351364136, 0.05546324700117111]
1.2095664176889032  ::  4.519072  ::  [2.6824514865875244, -0.15255692601203918, 0.05546204000711441]
1.2158088904251776  ::  4.534437  ::  [2.7033941745758057, -0.15300074219703674, 0.05546196550130844]
1.2158088904251776  ::  4.549947  ::  [2.734816789627075, -0.15366597473621368, 0.05546187981963158]
1.2098166800889607  ::  4.565568  ::  [2.7662477493286133, -0.15432989597320557, 0.055465515702962875]
1.2098166800889607  ::  4.581504  ::  [2.7976746559143066, -0.1549948751926422, 0.055463653057813644]
1.2144000571871567  ::  4.597318  ::  [2.818631649017334, -0.15543995797634125, 0.055460356175899506]
1.215418075538606  ::  4.612824  ::  [2.8500404357910156, -0.1561049371957779, 0.05546078458428383]
1.215418075538606  ::  4.628608  ::  [2.8709962368011475, -0.15654906630516052, 0.05546284094452858]
1.2121887834433651  ::  4.644039  ::  [2.902423858642578, -0.15721282362937927, 0.055464230477809906]
1.2090799801539514  ::  4.65938  ::  [2.9338533878326416, -0.15787874162197113, 0.055462684482336044]
1.2145710253598185  ::  4.674667  ::  [2.9547953605651855, -0.15832147002220154, 0.05546300858259201]
1.2145710253598185  ::  4.689889  ::  [2.9862160682678223, -0.15898729860782623, 0.05546260625123978]
1.2150408143086684  ::  4.70538  ::  [3.007171869277954, -0.15942996740341187, 0.05546301230788231]
1.2088647224733902  ::  4.720507  ::  [3.0386006832122803, -0.16009314358234406, 0.05546370521187782]
1.2108227456093625  ::  4.73649  ::  [3.070028305053711, -0.16075922548770905, 0.05546199902892113]
1.2108227456093625  ::  4.752302  ::  [3.0909690856933594, -0.16120223701000214, 0.055462323129177094]
1.2146594976539113  ::  4.768146  ::  [3.1223931312561035, -0.16186906397342682, 0.05546417459845543]
1.2105200828517664  ::  4.784227  ::  [3.143343925476074, -0.1623096764087677, 0.05546454340219498]
1.2105200828517664  ::  4.799587  ::  [3.174773693084717, -0.1629742681980133, 0.0554647333920002]
1.209252015543671  ::  4.814837  ::  [3.206197500228882, -0.16363981366157532, 0.05546480417251587]
1.2154417677572893  ::  4.830361  ::  [3.2376294136047363, -0.16430677473545074, 0.05546263977885246]
1.213105416174322  ::  4.846343  ::  [3.2585678100585938, -0.16474828124046326, 0.055463023483753204]
1.213105416174322  ::  4.861564  ::  [3.289999008178711, -0.1654128134250641, 0.0554676279425621]
1.2101411140745364  ::  4.877048  ::  [3.310955762863159, -0.165855273604393, 0.05546455830335617]
1.209367808594444  ::  4.892184  ::  [3.3423681259155273, -0.16652239859104156, 0.05546225234866142]
1.215387766574164  ::  4.908017  ::  [3.3737945556640625, -0.16718824207782745, 0.05546510964632034]
1.215387766574164  ::  4.923657  ::  [3.3947551250457764, -0.16762973368167877, 0.0554647259414196]
1.2092502012746729  ::  4.939614  ::  [3.426168441772461, -0.16829466819763184, 0.055464137345552444]
1.2117125911921682  ::  4.955433  ::  [3.4576010704040527, -0.16895923018455505, 0.05546765774488449]
1.2117125911921682  ::  4.970873  ::  [3.489020824432373, -0.1696246713399887, 0.05546356365084648]
