1.4625652690043438  ::  0.015469  ::  [-4.524876594543457, -4.107280619791709e-05, 0.05546613410115242]
1.4625652690043438  ::  0.031427  ::  [-4.524877548217773, -4.093246752745472e-05, 0.055466070771217346]
1.6108807991187608  ::  0.047386  ::  [-4.524875640869141, -4.096719203516841e-05, 0.05546615272760391]
2.0692461498601484  ::  0.063341  ::  [-4.529709815979004, 0.00014935997023712844, 0.060819514095783234]
1.720598930233436  ::  0.078866  ::  [-4.541699409484863, 0.0006937736761756241, 0.07021050155162811]
1.720598930233436  ::  0.094838  ::  [-4.528334140777588, 0.0001181356783490628, 0.05945552885532379]
1.7159918609165565  ::  0.110794  ::  [-4.473788261413574, -0.001834623864851892, 0.06466996669769287]
1.7064726049259686  ::  0.126754  ::  [-4.426648139953613, -0.003438035026192665, 0.060454368591308594]
1.8472876268363596  ::  0.142713  ::  [-4.409975051879883, -0.0038429521955549717, 0.05834321677684784]
1.8497808593268257  ::  0.158667  ::  [-4.390225410461426, -0.004624940454959869, 0.05611041933298111]
1.8242485449922603  ::  0.174626  ::  [-4.361928462982178, -0.005550577770918608, 0.05780601501464844]
1.7325073650513532  ::  0.190586  ::  [-4.349364280700684, -0.005966785829514265, 0.05636918544769287]
1.733057195279539  ::  0.206539  ::  [-4.331511497497559, -0.0065564922988414764, 0.05610799789428711]
1.7253464453151237  ::  0.222089  ::  [-4.321401119232178, -0.006861553527414799, 0.05617028474807739]
1.6754781669678027  ::  0.237823  ::  [-4.297870635986328, -0.0075723761692643166, 0.05568115413188934]
1.6754781669678027  ::  0.253755  ::  [-4.274289608001709, -0.008217452093958855, 0.0555378794670105]
1.6669102282625505  ::  0.269747  ::  [-4.264432907104492, -0.008506889455020428, 0.055666372179985046]
1.6720817486813082  ::  0.284695  ::  [-4.242086887359619, -0.009129866026341915, 0.055548835545778275]
1.6720817486813082  ::  0.299661  ::  [-4.22116231918335, -0.009743133559823036, 0.05546994507312775]
1.669204211328323  ::  0.315622  ::  [-4.20021915435791, -0.010353893041610718, 0.05547038093209267]
1.6679280331705884  ::  0.331552  ::  [-4.189732551574707, -0.01065979152917862, 0.055468760430812836]
1.6673415973973194  ::  0.34751  ::  [-4.1688008308410645, -0.011270836926996708, 0.05546783283352852]
1.672266804119133  ::  0.363468  ::  [-4.137386322021484, -0.0121878981590271, 0.05546688288450241]
1.673376389694143  ::  0.37867  ::  [-4.126915454864502, -0.012493142858147621, 0.05546679347753525]
1.673376389694143  ::  0.394662  ::  [-4.1059699058532715, -0.013103540055453777, 0.055468909442424774]
1.6699450734098578  ::  0.409492  ::  [-4.074548721313477, -0.01401841826736927, 0.055469878017902374]
1.6686653734358323  ::  0.425289  ::  [-4.0431294441223145, -0.014934885315597057, 0.05546785518527031]
1.6727603920083722  ::  0.441246  ::  [-4.0221848487854, -0.015546615235507488, 0.05546719208359718]
1.6727603920083722  ::  0.457204  ::  [-3.990770101547241, -0.01646365411579609, 0.05546725168824196]
1.669422457216646  ::  0.473161  ::  [-3.9593474864959717, -0.01737845316529274, 0.05546971410512924]
1.6675191823157396  ::  0.489139  ::  [-3.938399314880371, -0.017988089472055435, 0.05547036603093147]
1.6675191823157396  ::  0.505103  ::  [-3.906982183456421, -0.01890532299876213, 0.05546758323907852]
1.6709022603890116  ::  0.521033  ::  [-3.87556791305542, -0.01982259564101696, 0.05546635761857033]
1.6739485247588373  ::  0.536019  ::  [-3.8441503047943115, -0.020738832652568817, 0.055468928068876266]
1.6709626648744837  ::  0.550976  ::  [-3.8127286434173584, -0.021653808653354645, 0.055470213294029236]
1.6686203368759926  ::  0.566917  ::  [-3.791780471801758, -0.022265199571847916, 0.05546877160668373]
1.669486383518409  ::  0.581854  ::  [-3.7603676319122314, -0.023183118551969528, 0.05546623468399048]
1.673434446302088  ::  0.597812  ::  [-3.718475818634033, -0.02440568059682846, 0.055467765778303146]
1.673434446302088  ::  0.612772  ::  [-3.6975269317626953, -0.02501603588461876, 0.05547036975622177]
1.6691512773622552  ::  0.628847  ::  [-3.6661064624786377, -0.02593224309384823, 0.05546920746564865]
1.6724496184011368  ::  0.643806  ::  [-3.6346912384033203, -0.02684948965907097, 0.05546655133366585]
1.6735933549219966  ::  0.659741  ::  [-3.603273630142212, -0.02776676043868065, 0.05546695366501808]
1.669181693048403  ::  0.675292  ::  [-3.571851968765259, -0.028682436794042587, 0.05546916648745537]
1.6675463963507138  ::  0.691248  ::  [-3.54042911529541, -0.029597744345664978, 0.055470459163188934]
1.6675463963507138  ::  0.707204  ::  [-3.5194849967956543, -0.030208909884095192, 0.05546818673610687]
1.6713500646664705  ::  0.722916  ::  [-3.498541831970215, -0.03082062304019928, 0.05546704679727554]
1.6736037069274574  ::  0.738048  ::  [-3.477595090866089, -0.031432319432497025, 0.05546639487147331]
1.6699587337881978  ::  0.753978  ::  [-3.4461793899536133, -0.03234795108437538, 0.05546903982758522]
1.6699587337881978  ::  0.769935  ::  [-3.41473650932312, -0.03326413407921791, 0.055469851940870285]
1.6710141047366704  ::  0.785921  ::  [-3.3833165168762207, -0.03418029472231865, 0.05546822398900986]
1.6746827700946136  ::  0.801855  ::  [-3.351895570755005, -0.035098642110824585, 0.055466342717409134]
1.6746827700946136  ::  0.81723  ::  [-3.3204846382141113, -0.03601505607366562, 0.05546853691339493]
1.6716309561960874  ::  0.833218  ::  [-3.289062023162842, -0.03693113476037979, 0.05547018721699715]
1.6717529391057955  ::  0.849172  ::  [-3.257643222808838, -0.037847310304641724, 0.05546816438436508]
1.674042439859925  ::  0.865128  ::  [-3.2157533168792725, -0.039070941507816315, 0.055466119199991226]
1.674042439859925  ::  0.881086  ::  [-3.184338331222534, -0.039987292140722275, 0.055468760430812836]
1.6706540257013638  ::  0.896019  ::  [-3.15290904045105, -0.04090259596705437, 0.055469244718551636]
1.6691220356148713  ::  0.911316  ::  [-3.142441987991333, -0.04120784252882004, 0.05547013878822327]
1.6706989555394978  ::  0.927241  ::  [-3.111013174057007, -0.042125411331653595, 0.05546722561120987]
1.6721421531667804  ::  0.943204  ::  [-3.090083122253418, -0.04273686185479164, 0.05546575412154198]
1.6721421531667804  ::  0.958383  ::  [-3.0796072483062744, -0.04304227605462074, 0.05546623095870018]
1.6713589225680503  ::  0.973948  ::  [-3.0481817722320557, -0.04395907744765282, 0.05546850711107254]
1.6677869470755453  ::  0.989906  ::  [-3.0272438526153564, -0.04456799477338791, 0.05546989291906357]
1.6677869470755453  ::  1.005298  ::  [-2.9958229064941406, -0.045484792441129684, 0.055468928068876266]
1.6685130815616822  ::  1.0203  ::  [-2.9748787879943848, -0.04609644040465355, 0.05546708405017853]
1.6728915529847777  ::  1.03635  ::  [-2.9434638023376465, -0.04701380804181099, 0.05546673387289047]
1.6722352144942219  ::  1.051317  ::  [-2.922518730163574, -0.04762425646185875, 0.0554683580994606]
1.6692997272549972  ::  1.067278  ::  [-2.9015657901763916, -0.048234350979328156, 0.05546993389725685]
1.6676917513139882  ::  1.08324  ::  [-2.8806209564208984, -0.048844821751117706, 0.05546997860074043]
1.6691034660380653  ::  1.099189  ::  [-2.8596725463867188, -0.049456637352705, 0.05546839162707329]
1.6691034660380653  ::  1.115148  ::  [-2.838724136352539, -0.05006890743970871, 0.05546636879444122]
1.673779264133468  ::  1.131103  ::  [-2.8177881240844727, -0.050680022686719894, 0.055466972291469574]
1.673779264133468  ::  1.14604  ::  [-2.7863712310791016, -0.051595550030469894, 0.05546884983778]
1.6699134837849463  ::  1.161895  ::  [-2.765422821044922, -0.052206311374902725, 0.055469878017902374]
1.6699134837849463  ::  1.177862  ::  [-2.754936933517456, -0.05251140147447586, 0.055467553436756134]
1.6674374334891109  ::  1.193847  ::  [-2.7235260009765625, -0.0534280426800251, 0.05546719580888748]
1.6694335562740472  ::  1.209776  ::  [-2.7025866508483887, -0.054039355367422104, 0.055466584861278534]
1.6733408513661177  ::  1.225739  ::  [-2.671170711517334, -0.054956648498773575, 0.05546730011701584]
1.672156987483884  ::  1.241697  ::  [-2.639749765396118, -0.055871810764074326, 0.05546966940164566]
1.670113373539875  ::  1.257654  ::  [-2.5978565216064453, -0.05709276348352432, 0.05546807870268822]
1.670113373539875  ::  1.273611  ::  [-2.5664405822753906, -0.05801015719771385, 0.055466268211603165]
1.673813841966141  ::  1.288745  ::  [-2.535024881362915, -0.05892716720700264, 0.05546719208359718]
1.668548833333119  ::  1.30448  ::  [-2.5140743255615234, -0.05953723192214966, 0.05546945333480835]
1.668076589785036  ::  1.320424  ::  [-2.4826486110687256, -0.060453321784734726, 0.05546913295984268]
1.6707241418620622  ::  1.336395  ::  [-2.4512319564819336, -0.06137067824602127, 0.05546671897172928]
1.6734296438253278  ::  1.352386  ::  [-2.4302868843078613, -0.06198227405548096, 0.05546560138463974]
1.6734296438253278  ::  1.368505  ::  [-2.4093501567840576, -0.06259278953075409, 0.05546765774488449]
1.6683707148061697  ::  1.384465  ::  [-2.3779289722442627, -0.06350810825824738, 0.055469583719968796]
1.6678616522695922  ::  1.400422  ::  [-2.3465094566345215, -0.0644238069653511, 0.05546945706009865]
1.6701321565600926  ::  1.415377  ::  [-2.325554609298706, -0.06503588706254959, 0.05546455830335617]
1.6701321565600926  ::  1.431335  ::  [-2.304621458053589, -0.06564798206090927, 0.055466100573539734]
1.6740027393853742  ::  1.446299  ::  [-2.2836759090423584, -0.06625895202159882, 0.05546675994992256]
1.6740027393853742  ::  1.462256  ::  [-2.2627294063568115, -0.06686906516551971, 0.055468443781137466]
1.6721602958567632  ::  1.478213  ::  [-2.2417800426483154, -0.06747986376285553, 0.05546985939145088]
1.6696172243296972  ::  1.494144  ::  [-2.178938388824463, -0.06931384652853012, 0.055466536432504654]
1.6712338447288746  ::  1.509126  ::  [-2.178938388824463, -0.06931384652853012, 0.055466536432504654]
1.673834332533651  ::  1.525091  ::  [-2.1684741973876953, -0.06962007284164429, 0.05546603351831436]
1.673834332533651  ::  1.54032  ::  [-2.1475284099578857, -0.07023049890995026, 0.055466730147600174]
1.6742890737219858  ::  1.555972  ::  [-2.126569986343384, -0.0708417221903801, 0.05546855553984642]
1.6678587707835362  ::  1.571643  ::  [-2.105633497238159, -0.07145165652036667, 0.05546965450048447]
1.6687342089360613  ::  1.586995  ::  [-2.074214220046997, -0.07236821204423904, 0.05546795204281807]
1.6732713755356539  ::  1.601983  ::  [-2.05326247215271, -0.07298034429550171, 0.0554654635488987]
1.6732713755356539  ::  1.616956  ::  [-2.0218505859375, -0.07389776408672333, 0.055465713143348694]
1.673834332533651  ::  1.6329  ::  [-1.9904301166534424, -0.07481348514556885, 0.0554683618247509]
1.6680996416734848  ::  1.648857  ::  [-1.969486951828003, -0.07542401552200317, 0.055469997227191925]
1.6710269113413643  ::  1.664208  ::  [-1.9380685091018677, -0.07634046673774719, 0.05546748265624046]
1.6710269113413643  ::  1.680191  ::  [-1.9066531658172607, -0.0772586241364479, 0.05546610802412033]
1.673733800686805  ::  1.695146  ::  [-1.885708212852478, -0.07786991447210312, 0.055467262864112854]
1.6733966668182414  ::  1.711103  ::  [-1.864761233329773, -0.07848039269447327, 0.05546892434358597]
1.6733966668182414  ::  1.72608  ::  [-1.8542883396148682, -0.07878590375185013, 0.055469296872615814]
1.6705976766407113  ::  1.741997  ::  [-1.8333375453948975, -0.0793960765004158, 0.055469341576099396]
1.6688495751000112  ::  1.757981  ::  [-1.8228659629821777, -0.07970162481069565, 0.0554688386619091]
1.6731032888490482  ::  1.77391  ::  [-1.7914483547210693, -0.08061963319778442, 0.055466439574956894]
1.6731032888490482  ::  1.789895  ::  [-1.760033369064331, -0.08153648674488068, 0.0554661750793457]
1.6737866279311668  ::  1.805854  ::  [-1.7286040782928467, -0.0824534073472023, 0.055468298494815826]
1.6682789341391977  ::  1.821813  ::  [-1.6971818208694458, -0.08336834609508514, 0.055469077080488205]
1.6682789341391977  ::  1.83774  ::  [-1.6657748222351074, -0.08428574353456497, 0.055466849356889725]
1.6721182475046854  ::  1.853697  ::  [-1.6343610286712646, -0.08520384132862091, 0.05546577274799347]
1.6739785135581617  ::  1.869313  ::  [-1.602929949760437, -0.08612029254436493, 0.05546820908784866]
1.6687179872367826  ::  1.885298  ::  [-1.571506142616272, -0.08703503012657166, 0.0554690919816494]
1.669910282133773  ::  1.901256  ::  [-1.5296258926391602, -0.08825818449258804, 0.05546615272760391]
1.669910282133773  ::  1.917213  ::  [-1.5191556215286255, -0.08856427669525146, 0.05546651408076286]
1.6740339021234625  ::  1.932548  ::  [-1.4982120990753174, -0.08917617797851562, 0.055466167628765106]
1.6700545698799896  ::  1.948503  ::  [-1.4667912721633911, -0.09009170532226562, 0.05546923726797104]
1.6700545698799896  ::  1.963462  ::  [-1.435369849205017, -0.09100785851478577, 0.05546976253390312]
1.6683062548958778  ::  1.97842  ::  [-1.403951644897461, -0.09192486107349396, 0.05546756461262703]
1.6720651000952063  ::  1.993355  ::  [-1.372538447380066, -0.09284283220767975, 0.05546596273779869]
1.6744421126480764  ::  2.009335  ::  [-1.351592779159546, -0.09345320612192154, 0.05546729639172554]
1.67266583657705  ::  2.025269  ::  [-1.32016921043396, -0.09436973929405212, 0.05546995997428894]
1.668222691800251  ::  2.041227  ::  [-1.2887369394302368, -0.09528575837612152, 0.05546777695417404]
1.668222691800251  ::  2.056186  ::  [-1.278276801109314, -0.09559222310781479, 0.05546753853559494]
1.6730008360114978  ::  2.072037  ::  [-1.267806887626648, -0.095897376537323, 0.055466555058956146]
1.6747410401459704  ::  2.08797  ::  [-1.2154457569122314, -0.09742653369903564, 0.05546712502837181]
1.6721466354784231  ::  2.103819  ::  [-1.1840120553970337, -0.09834207594394684, 0.05546938255429268]
1.6721466354784231  ::  2.119804  ::  [-1.1840120553970337, -0.09834207594394684, 0.05546938255429268]
1.6708666153392806  ::  2.135789  ::  [-1.1525988578796387, -0.09925936162471771, 0.0554676353931427]
1.6708666153392806  ::  2.151747  ::  [-1.121185302734375, -0.10017742216587067, 0.0554659403860569]
1.6740822470561814  ::  2.167707  ::  [-1.1002452373504639, -0.10078894346952438, 0.05546671152114868]
1.6740822470561814  ::  2.18242  ::  [-1.0688128471374512, -0.10170531272888184, 0.05546657368540764]
1.6712158087605975  ::  2.19738  ::  [-1.0478752851486206, -0.10231544822454453, 0.05546947196125984]
1.66993717600363  ::  2.213338  ::  [-1.0269221067428589, -0.10292708873748779, 0.05546820908784866]
1.6727586844610798  ::  2.229295  ::  [-0.9955008625984192, -0.10384505987167358, 0.055465348064899445]
1.6743531067454547  ::  2.245253  ::  [-0.97456955909729, -0.10445650666952133, 0.055466607213020325]
1.6721581614226477  ::  2.260213  ::  [-0.9431518912315369, -0.10537296533584595, 0.05546831339597702]
1.669272513220023  ::  2.27617  ::  [-0.9222034215927124, -0.10598324239253998, 0.05546962097287178]
1.6691023988210074  ::  2.291129  ::  [-0.9012531042098999, -0.10659393668174744, 0.05546899139881134]
1.6691023988210074  ::  2.307087  ::  [-0.8698385953903198, -0.10751212388277054, 0.05546656996011734]
1.672109603046517  ::  2.323098  ::  [-0.8488951921463013, -0.1081233024597168, 0.05546582490205765]
1.6742272818543384  ::  2.339021  ::  [-0.8069977760314941, -0.10934606939554214, 0.05546840652823448]
1.6715435511190522  ::  2.35398  ::  [-0.8069977760314941, -0.10934606939554214, 0.05546840652823448]
1.6700119879193827  ::  2.369938  ::  [-0.7755793333053589, -0.11026143282651901, 0.055469851940870285]
1.6700119879193827  ::  2.384897  ::  [-0.7755793333053589, -0.11026143282651901, 0.055469851940870285]
1.6683620703480015  ::  2.399858  ::  [-0.7755793333053589, -0.11026143282651901, 0.055469851940870285]
1.668669962469181  ::  2.415815  ::  [-0.7546355724334717, -0.11087252199649811, 0.05546804517507553]
1.6710057804436196  ::  2.439751  ::  [-0.723211407661438, -0.11179117858409882, 0.05546583607792854]
1.6710057804436196  ::  2.446731  ::  [-0.723211407661438, -0.11179117858409882, 0.05546583607792854]
1.673837747628236  ::  2.461696  ::  [-0.723211407661438, -0.11179117858409882, 0.05546583607792854]
1.6745121220870691  ::  2.477655  ::  [-0.6813290119171143, -0.1130131185054779, 0.055468879640102386]
1.6736923926649618  ::  2.493612  ::  [-0.6813290119171143, -0.1130131185054779, 0.055468879640102386]
1.67079553868323  ::  2.509569  ::  [-0.6708545684814453, -0.11331875622272491, 0.05546946078538895]
1.67079553868323  ::  2.525527  ::  [-0.6499080061912537, -0.11392876505851746, 0.05546904727816582]
1.6684211941730045  ::  2.540488  ::  [-0.6184841394424438, -0.11484671384096146, 0.05546727031469345]
1.6689620597779047  ::  2.557442  ::  [-0.6080174446105957, -0.11515174806118011, 0.05546649545431137]
1.6702088894665494  ::  2.570409  ::  [-0.5975466966629028, -0.1154586672782898, 0.05546583980321884]
1.671725298183998  ::  2.586365  ::  [-0.5870717763900757, -0.11576377600431442, 0.05546550452709198]
1.6732009392098381  ::  2.601324  ::  [-0.5766035914421082, -0.11606986820697784, 0.05546543747186661]
1.6742724251358838  ::  2.616284  ::  [-0.5661191940307617, -0.11637531220912933, 0.055464647710323334]
1.6743496916508698  ::  2.631244  ::  [-0.5661191940307617, -0.11637531220912933, 0.055464647710323334]
1.6732858896876401  ::  2.646204  ::  [-0.5451815724372864, -0.11698602885007858, 0.05546920746564865]
1.6702526453659199  ::  2.66216  ::  [-0.5347031354904175, -0.11729180812835693, 0.055469270795583725]
1.6689196912607096  ::  2.67734  ::  [-0.5137594938278198, -0.11790229380130768, 0.0554695725440979]
1.6689196912607096  ::  2.693297  ::  [-0.5032751560211182, -0.11820793151855469, 0.05546713247895241]
1.6722615747555498  ::  2.708268  ::  [-0.4823421239852905, -0.11881924420595169, 0.05546680465340614]
1.674392487054888  ::  2.723513  ::  [-0.45092904567718506, -0.11973714828491211, 0.055465217679739]
1.6725274185246515  ::  2.739497  ::  [-0.42998188734054565, -0.1203477531671524, 0.055467166006565094]
1.6694549006152035  ::  2.754431  ::  [-0.3985591232776642, -0.12126389890909195, 0.055469952523708344]
1.6685916287371374  ::  2.77047  ::  [-0.37761324644088745, -0.12187407910823822, 0.05546906217932701]
1.6713446218594756  ::  2.786434  ::  [-0.3461960554122925, -0.12279251962900162, 0.05546659603714943]
1.6739194964548647  ::  2.801416  ::  [-0.3252529501914978, -0.12340405583381653, 0.05546516925096512]
1.6744061474332281  ::  2.816372  ::  [-0.3043094277381897, -0.12401482462882996, 0.05546650290489197]
1.6744061474332281  ::  2.832304  ::  [-0.2938354015350342, -0.12432066351175308, 0.055468060076236725]
1.6716631861512332  ::  2.848261  ::  [-0.28336164355278015, -0.1246258020401001, 0.05546887591481209]
1.6681489471015558  ::  2.864224  ::  [-0.2624127268791199, -0.1252361387014389, 0.05546969920396805]
1.6681489471015558  ::  2.880181  ::  [-0.23099279403686523, -0.12615279853343964, 0.055468495935201645]
1.673437327788144  ::  2.895141  ::  [-0.21004869043827057, -0.12676440179347992, 0.05546627938747406]
1.673437327788144  ::  2.910101  ::  [-0.17862606048583984, -0.12768210470676422, 0.05546551197767258]
1.6711404632363158  ::  2.925229  ::  [-0.14720962941646576, -0.12859825789928436, 0.05546896532177925]
1.6711404632363158  ::  2.941163  ::  [-0.1262650489807129, -0.12920859456062317, 0.05546916648745537]
1.6696980126609737  ::  2.956556  ::  [-0.09484537690877914, -0.13012543320655823, 0.05546779930591583]
1.6696980126609737  ::  2.971515  ::  [-0.07389073818922043, -0.13073807954788208, 0.05546402931213379]
1.6743819216060156  ::  2.987469  ::  [-0.04248750954866409, -0.13165494799613953, 0.05546657368540764]
1.670440582289801  ::  3.002458  ::  [-0.021539928391575813, -0.1322651207447052, 0.055468056350946426]
1.6682615385011554  ::  3.018387  ::  [0.009886345826089382, -0.13318149745464325, 0.05546891316771507]
1.6703348210793716  ::  3.034453  ::  [0.030827999114990234, -0.13379248976707458, 0.055467553436756134]
1.658870882166034  ::  3.050387  ::  [0.06224120408296585, -0.13470937311649323, 0.05546426400542259]
1.658870882166034  ::  3.065367  ::  [0.09367892891168594, -0.1356230229139328, 0.05546535179018974]
1.6441191676626874  ::  3.081305  ::  [0.11439616233110428, -0.13614842295646667, 0.05542873591184616]
1.6441191676626874  ::  3.096264  ::  [0.13558456301689148, -0.13682690262794495, 0.05546773597598076]
1.6497026338657612  ::  3.112222  ::  [0.15654243528842926, -0.13742998242378235, 0.05546615645289421]
1.6540622155469336  ::  3.127182  ::  [0.18794329464435577, -0.13833960890769958, 0.05545730143785477]
1.656128561214274  ::  3.143139  ::  [0.20888227224349976, -0.13893850147724152, 0.05546412616968155]
1.655142132487736  ::  3.15912  ::  [0.22983112931251526, -0.1395421177148819, 0.05546586588025093]
1.650861524868842  ::  3.174058  ::  [0.25078970193862915, -0.14014694094657898, 0.055466823279857635]
1.649897614422224  ::  3.189018  ::  [0.30315452814102173, -0.14165647327899933, 0.05546269193291664]
1.6517038792925751  ::  3.20498  ::  [0.32408660650253296, -0.14226219058036804, 0.05546370893716812]
1.6547076684234998  ::  3.220931  ::  [0.3450314700603485, -0.1428666114807129, 0.055464427918195724]
1.6561165016615207  ::  3.236889  ::  [0.3450314700603485, -0.1428666114807129, 0.055464427918195724]
1.654633817003099  ::  3.251849  ::  [0.3869277834892273, -0.14407476782798767, 0.055466845631599426]
1.6503696445268954  ::  3.267805  ::  [0.3869277834892273, -0.14407476782798767, 0.055466845631599426]
1.6503696445268954  ::  3.282794  ::  [0.41834956407546997, -0.14498016238212585, 0.055466361343860626]
1.6522800697820892  ::  3.298723  ::  [0.43929269909858704, -0.1455863118171692, 0.05546587333083153]
1.6522800697820892  ::  3.314708  ::  [0.4602424204349518, -0.14619116485118866, 0.05546365678310394]
1.6552502415756927  ::  3.330666  ::  [0.481179803609848, -0.1467953473329544, 0.055464621633291245]
1.6511020755936734  ::  3.345608  ::  [0.5126005411148071, -0.14770139753818512, 0.05546746775507927]
1.6511020755936734  ::  3.361578  ::  [0.544021725654602, -0.1486072689294815, 0.05546702444553375]
1.65157549308052  ::  3.377535  ::  [0.5649706125259399, -0.14921258389949799, 0.055465877056121826]
1.6558279261690876  ::  3.393497  ::  [0.5859217643737793, -0.1498185396194458, 0.05546175688505173]
1.6558279261690876  ::  3.40945  ::  [0.617327094078064, -0.1507250964641571, 0.05546454340219498]
1.6533322390793883  ::  3.425412  ::  [0.63828045129776, -0.15132836997509003, 0.05546679347753525]
1.6498163992041244  ::  3.441341  ::  [0.6592217683792114, -0.1519319713115692, 0.05546632036566734]
1.6498163992041244  ::  3.457298  ::  [0.6906436681747437, -0.15283842384815216, 0.05546511337161064]
1.6520743103333424  ::  3.473284  ::  [0.7220576405525208, -0.15374715626239777, 0.05546281859278679]
1.6554247315646453  ::  3.489214  ::  [0.7430022954940796, -0.15435107052326202, 0.05546312779188156]
1.6510561852601875  ::  3.505199  ::  [0.7744231224060059, -0.15525874495506287, 0.0554659478366375]
1.6510561852601875  ::  3.52113  ::  [0.8058476448059082, -0.15616385638713837, 0.05546586215496063]
1.6540993547005454  ::  3.537085  ::  [0.8372626304626465, -0.15707021951675415, 0.05546439439058304]
1.6540993547005454  ::  3.552069  ::  [0.8686765432357788, -0.15797723829746246, 0.055462222546339035]
1.653185496733939  ::  3.567005  ::  [0.8896284699440002, -0.15858227014541626, 0.05546296760439873]
1.6516162607721285  ::  3.582962  ::  [0.9315202236175537, -0.15979015827178955, 0.05546634644269943]
1.6493504522366826  ::  3.59892  ::  [0.9315202236175537, -0.15979015827178955, 0.05546634644269943]
1.6493504522366826  ::  3.6149  ::  [0.9629427194595337, -0.16069579124450684, 0.05546363443136215]
1.655366354791583  ::  3.629866  ::  [0.9838802814483643, -0.161301851272583, 0.055461984127759933]
1.6549445906103346  ::  3.644797  ::  [1.0152966976165771, -0.16220690310001373, 0.05546257644891739]
1.652433962481826  ::  3.660779  ::  [1.0362468957901, -0.16281121969223022, 0.055465541779994965]
1.6498605819903178  ::  3.676741  ::  [1.0572013854980469, -0.1634148806333542, 0.055467139929533005]
1.6497022069789382  ::  3.691673  ::  [1.0990850925445557, -0.16462397575378418, 0.055462948977947235]
1.65221326199427  ::  3.70763  ::  [1.0990850925445557, -0.16462397575378418, 0.055462948977947235]
1.6550847162100255  ::  3.723588  ::  [1.1200363636016846, -0.16522915661334991, 0.055461373180150986]
1.655604557638887  ::  3.738547  ::  [1.14097261428833, -0.1658334732055664, 0.05546330660581589]
1.65476028222445  ::  3.755098  ::  [1.1723957061767578, -0.16673944890499115, 0.05546644330024719]
1.65476028222445  ::  3.769464  ::  [1.1723957061767578, -0.16673944890499115, 0.05546644330024719]
1.6494232364400254  ::  3.785421  ::  [1.2142868041992188, -0.16794610023498535, 0.055465031415224075]
1.6492782016418686  ::  3.801379  ::  [1.2142868041992188, -0.16794610023498535, 0.055465031415224075]
1.6511514877434503  ::  3.817335  ::  [1.2247604131698608, -0.16824957728385925, 0.05546370521187782]
1.654068832292692  ::  3.832296  ::  [1.2457035779953003, -0.16885408759117126, 0.055461905896663666]
1.654068832292692  ::  3.847262  ::  [1.2666479349136353, -0.16945986449718475, 0.0554635263979435]
1.6538892196618618  ::  3.862222  ::  [1.2876001596450806, -0.17006251215934753, 0.05546443909406662]
1.6508133933795346  ::  3.877182  ::  [1.308542251586914, -0.17066672444343567, 0.055465541779994965]
1.6488925093971742  ::  3.892141  ::  [1.3294929265975952, -0.1712704300880432, 0.055465925484895706]
1.6499189587633802  ::  3.908128  ::  [1.3504363298416138, -0.1718750298023224, 0.05546390637755394]
1.652936514994351  ::  3.92306  ::  [1.3923231363296509, -0.1730838418006897, 0.05546245351433754]
1.6542910268841289  ::  3.93802  ::  [1.3923231363296509, -0.1730838418006897, 0.05546245351433754]
1.6550148134927387  ::  3.953977  ::  [1.402797818183899, -0.1733863800764084, 0.055462952703237534]
1.65291047489814  ::  3.969934  ::  [1.4237428903579712, -0.17399011552333832, 0.05546436086297035]
1.65291047489814  ::  3.984893  ::  [1.4446913003921509, -0.17459233105182648, 0.05546622350811958]
1.6495554646334887  ::  4.000851  ::  [1.4970571994781494, -0.1761036515235901, 0.05546344071626663]
1.6522226535043787  ::  4.015811  ::  [1.4970571994781494, -0.1761036515235901, 0.05546344071626663]
1.6546851501435798  ::  4.03077  ::  [1.5179979801177979, -0.17670868337154388, 0.055461980402469635]
1.6546851501435798  ::  4.04678  ::  [1.538944125175476, -0.1773129254579544, 0.05546298623085022]
1.6549241000428245  ::  4.061713  ::  [1.5598913431167603, -0.17791680991649628, 0.05546464025974274]
1.6524833746316028  ::  4.077646  ::  [1.5808424949645996, -0.178519144654274, 0.055465761572122574]
1.6504177760162029  ::  4.093081  ::  [1.6332054138183594, -0.18003103137016296, 0.0554613396525383]
1.6533823982811058  ::  4.109018  ::  [1.6332054138183594, -0.18003103137016296, 0.0554613396525383]
1.6556432976180857  ::  4.124584  ::  [1.6541478633880615, -0.18063627183437347, 0.05546334385871887]
1.6522852991456725  ::  4.140113  ::  [1.685565710067749, -0.18154267966747284, 0.05546444281935692]
1.649645644474874  ::  4.156068  ::  [1.7169883251190186, -0.18244707584381104, 0.05546553432941437]
1.6491965595369458  ::  4.172003  ::  [1.737937092781067, -0.18305115401744843, 0.05546482652425766]
1.6509959942181267  ::  4.188109  ::  [1.7693595886230469, -0.183959499001503, 0.05546233057975769]
1.6551274048923381  ::  4.203918  ::  [1.7693595886230469, -0.183959499001503, 0.05546233057975769]
1.6551274048923381  ::  4.219881  ::  [1.8007704019546509, -0.18486522138118744, 0.05546208843588829]
1.6514964122965359  ::  4.235838  ::  [1.8321866989135742, -0.18577151000499725, 0.05546543374657631]
1.6514964122965359  ::  4.251798  ::  [1.8531367778778076, -0.18637463450431824, 0.05546554923057556]
1.6515694099432905  ::  4.266755  ::  [1.8845539093017578, -0.18728241324424744, 0.05546391382813454]
1.6515694099432905  ::  4.282697  ::  [1.9055049419403076, -0.1878867745399475, 0.055460795760154724]
1.6554264391119378  ::  4.298656  ::  [1.936916470527649, -0.18879424035549164, 0.05546295642852783]
1.6541980722783933  ::  4.313614  ::  [1.9683356285095215, -0.18969962000846863, 0.05546512082219124]
1.65006367339642  ::  4.329571  ::  [1.9997577667236328, -0.19060474634170532, 0.05546431615948677]
1.6523497590559644  ::  4.344531  ::  [2.020702600479126, -0.19121034443378448, 0.05546353757381439]
1.6549755399050112  ::  4.360492  ::  [2.0416500568389893, -0.1918158084154129, 0.055462710559368134]
1.6553151283728078  ::  4.376446  ::  [2.062588930130005, -0.19242028892040253, 0.05546288192272186]
1.6553151283728078  ::  4.391407  ::  [2.0835344791412354, -0.1930234730243683, 0.055464006960392]
1.6516435815288086  ::  4.407364  ::  [2.1149561405181885, -0.19392943382263184, 0.05546487867832184]
1.6498662382407243  ::  4.422326  ::  [2.135903835296631, -0.19453254342079163, 0.05546338111162186]
1.6528901977740416  ::  4.438282  ::  [2.156851053237915, -0.19513754546642303, 0.05546308308839798]
1.6543351029486166  ::  4.454239  ::  [2.188277006149292, -0.19604602456092834, 0.05546218901872635]
1.6543351029486166  ::  4.469792  ::  [2.188277006149292, -0.19604602456092834, 0.05546218901872635]
1.6541676565922456  ::  4.485747  ::  [2.209209442138672, -0.19664905965328217, 0.05546357482671738]
1.6541676565922456  ::  4.501027  ::  [2.2301650047302246, -0.1972530484199524, 0.055463869124650955]
1.650257053127296  ::  4.516984  ::  [2.2615785598754883, -0.19815821945667267, 0.05546369403600693]
1.654654841179138  ::  4.531945  ::  [2.292996644973755, -0.1990669071674347, 0.05546189099550247]
1.654654841179138  ::  4.5469  ::  [2.3244173526763916, -0.19997231662273407, 0.05546146631240845]
1.651627786716353  ::  4.561865  ::  [2.34535813331604, -0.2005769908428192, 0.05546299368143082]
1.651627786716353  ::  4.577846  ::  [2.376784086227417, -0.20148102939128876, 0.05546607822179794]
1.6491453331181707  ::  4.592777  ::  [2.408203125, -0.20238831639289856, 0.05546405166387558]
1.654881411360512  ::  4.60774  ::  [2.429145336151123, -0.2029944211244583, 0.055461544543504715]
1.6549239933211188  ::  4.6234  ::  [2.460561752319336, -0.20389948785305023, 0.05546233430504799]
1.6510235284182184  ::  4.639358  ::  [2.48150634765625, -0.2045041024684906, 0.05546334385871887]
1.6491624085910956  ::  4.655316  ::  [2.5129332542419434, -0.20540840923786163, 0.055466946214437485]
1.6516383521652251  ::  4.671307  ::  [2.533879041671753, -0.2060135304927826, 0.05546387657523155]
1.6555286785060763  ::  4.68723  ::  [2.565293312072754, -0.2069205939769745, 0.05546210706233978]
1.6555286785060763  ::  4.702226  ::  [2.5967085361480713, -0.2078278809785843, 0.05546291917562485]
1.6555096820424473  ::  4.718148  ::  [2.60718035697937, -0.2081296443939209, 0.055462948977947235]
1.6523365255644475  ::  4.733185  ::  [2.628131628036499, -0.2087334543466568, 0.055465444922447205]
1.6500653809437125  ::  4.749134  ::  [2.6386075019836426, -0.209034726023674, 0.05546652898192406]
1.6500653809437125  ::  4.765092  ::  [2.659552574157715, -0.20963911712169647, 0.05546391010284424]
1.6500653809437125  ::  4.781176  ::  [2.659552574157715, -0.20963911712169647, 0.05546391010284424]
1.6554158736630655  ::  4.796109  ::  [2.690969467163086, -0.21054720878601074, 0.05546232685446739]
1.6556565311096025  ::  4.811096  ::  [2.7223830223083496, -0.21145394444465637, 0.05546099692583084]
1.6556565311096025  ::  4.827026  ::  [2.743330240249634, -0.21205684542655945, 0.055463336408138275]
1.651759588022993  ::  4.843008  ::  [2.7747673988342285, -0.2129630446434021, 0.0554664246737957]
1.649672965231554  ::  4.858995  ::  [2.795701503753662, -0.21356767416000366, 0.05546458438038826]
1.6534302096052957  ::  4.874953  ::  [2.8166444301605225, -0.21417389810085297, 0.05546111986041069]
1.655817467441921  ::  4.89091  ::  [2.8375885486602783, -0.21477876603603363, 0.05546216294169426]
1.655817467441921  ::  4.906414  ::  [2.869009494781494, -0.215684175491333, 0.05546211451292038]
1.6491196131870773  ::  4.921668  ::  [2.900428056716919, -0.216589093208313, 0.055465567857027054]
1.651923619284779  ::  4.93833  ::  [2.963261127471924, -0.2184029519557953, 0.05546088144183159]
1.651923619284779  ::  4.952294  ::  [2.963261127471924, -0.2184029519557953, 0.05546088144183159]
1.6549461914359214  ::  4.968249  ::  [2.984208822250366, -0.21900850534439087, 0.0554627925157547]
1.6549461914359214  ::  4.98344  ::  [3.0051538944244385, -0.21961131691932678, 0.055463142693042755]
1.6540378829980154  ::  4.998366  ::  [3.015631675720215, -0.2199128121137619, 0.05546397715806961]
1.6497415872883716  ::  5.013518  ::  [3.047053337097168, -0.22081932425498962, 0.05546420067548752]
1.6487608148122401  ::  5.029441  ::  [3.067995309829712, -0.22142258286476135, 0.05546294152736664]
1.6507933296988477  ::  5.044444  ::  [3.088939666748047, -0.22202745079994202, 0.055462274700403214]
1.6547790652446674  ::  5.060401  ::  [3.1203534603118896, -0.22293448448181152, 0.055462103337049484]
1.6492918620202086  ::  5.076328  ::  [3.1517770290374756, -0.22383886575698853, 0.0554637610912323]
1.6488005152867908  ::  5.091332  ::  [3.183197021484375, -0.2247440367937088, 0.05546347424387932]
1.6499412635998887  ::  5.107307  ::  [3.193671226501465, -0.22504806518554688, 0.05546434596180916]
1.6530578575738244  ::  5.122268  ::  [3.2146155834198, -0.22565168142318726, 0.05546331778168678]
1.6549507804692698  ::  5.13802  ::  [3.2669901847839355, -0.22716322541236877, 0.055465854704380035]
1.6524478363035775  ::  5.153884  ::  [3.2879250049591064, -0.22776563465595245, 0.05546560883522034]
1.6524478363035775  ::  5.169862  ::  [3.2879250049591064, -0.22776563465595245, 0.05546560883522034]
1.6483677587698469  ::  5.184801  ::  [3.3193466663360596, -0.22867022454738617, 0.055464573204517365]
1.6501313349578854  ::  5.19978  ::  [3.350766897201538, -0.2295781821012497, 0.05546221137046814]
1.6531702355300122  ::  5.215746  ::  [3.371703624725342, -0.2301819622516632, 0.05546180158853531]
1.6542409744041175  ::  5.230702  ::  [3.403125286102295, -0.23108766973018646, 0.055464889854192734]
1.6482914527502133  ::  5.24569  ::  [3.4345498085021973, -0.23199206590652466, 0.05546692758798599]
1.6509251310054878  ::  5.261619  ::  [3.4554965496063232, -0.2325958013534546, 0.0554654523730278]
1.6522451717842985  ::  5.277444  ::  [3.4869112968444824, -0.23350386321544647, 0.055463917553424835]
