1.462519378670858  ::  0.015983  ::  [-4.524864196777344, -4.133706897846423e-05, 0.055466361343860626]
1.462519378670858  ::  0.032063  ::  [-4.524865627288818, -4.1330371459480375e-05, 0.05546635389328003]
1.4625653757260497  ::  0.047996  ::  [-4.524868011474609, -4.132778849452734e-05, 0.05546600744128227]
1.6997154134027104  ::  0.06398  ::  [-4.542233467102051, 0.0004848180105909705, 0.07018077373504639]
1.3959458449958608  ::  0.079935  ::  [-4.528892993927002, -1.4995770470704883e-05, 0.05943271517753601]
1.4314588799768133  ::  0.095887  ::  [-4.4921417236328125, -0.0011222574394196272, 0.061570607125759125]
1.3718026203837468  ::  0.111849  ::  [-4.441800594329834, -0.0024203485809266567, 0.06418122351169586]
1.3718026203837468  ::  0.127783  ::  [-4.416064262390137, -0.0030673486180603504, 0.05579596385359764]
1.6300443889391125  ::  0.143741  ::  [-4.403915882110596, -0.0034502441994845867, 0.05659354478120804]
1.4823194567444902  ::  0.159735  ::  [-4.362268924713135, -0.004619307350367308, 0.05761081725358963]
1.4744199160825473  ::  0.174902  ::  [-4.331716537475586, -0.0054858168587088585, 0.05604645237326622]
1.4360525023587642  ::  0.189862  ::  [-4.297172546386719, -0.0063836537301540375, 0.05565204098820686]
1.4360525023587642  ::  0.205848  ::  [-4.265213489532471, -0.007162122987210751, 0.055596232414245605]
1.4458318391463416  ::  0.221805  ::  [-4.232818126678467, -0.007965872064232826, 0.05546858534216881]
1.4416593406154041  ::  0.237763  ::  [-4.2013773918151855, -0.008756871335208416, 0.05547035112977028]
1.4396853092235646  ::  0.253729  ::  [-4.180431365966797, -0.009284211322665215, 0.0554683618247509]
1.4417674497033608  ::  0.268936  ::  [-4.149013519287109, -0.01007645670324564, 0.05546661093831062]
1.4439463867703006  ::  0.28411  ::  [-4.117585182189941, -0.010868714191019535, 0.05546680837869644]
1.4439463867703006  ::  0.299815  ::  [-4.086155891418457, -0.01165881846100092, 0.05547015368938446]
1.4409386489362621  ::  0.315605  ::  [-4.065216541290283, -0.012185739353299141, 0.05546979606151581]
1.4399983239866216  ::  0.331562  ::  [-4.033796310424805, -0.012978029437363148, 0.05546765774488449]
1.4453000448864326  ::  0.347519  ::  [-4.002379417419434, -0.013770105317234993, 0.05546615645289421]
1.4428102274905514  ::  0.363477  ::  [-3.970956563949585, -0.014560331590473652, 0.05546903237700462]
1.4428102274905514  ::  0.378905  ::  [-3.9500036239624023, -0.01508740521967411, 0.055469829589128494]
1.439339424175127  ::  0.394911  ::  [-3.9185733795166016, -0.01587866060435772, 0.05546871945261955]
1.4400356765836453  ::  0.410868  ::  [-3.8976378440856934, -0.01640622317790985, 0.05546712502837181]
1.4448921545269358  ::  0.426937  ::  [-3.866206169128418, -0.017198996618390083, 0.05546442046761513]
1.440641322263955  ::  0.442875  ::  [-3.8347954750061035, -0.01798924244940281, 0.055469315499067307]
1.439241773814337  ::  0.458834  ::  [-3.803370714187622, -0.018778637051582336, 0.05546925961971283]
1.4416088612485696  ::  0.474033  ::  [-3.7719483375549316, -0.019570548087358475, 0.055467694997787476]
1.445042952297205  ::  0.490018  ::  [-3.71958065032959, -0.020890269428491592, 0.05546695739030838]
1.445042952297205  ::  0.505605  ::  [-3.71958065032959, -0.020890269428491592, 0.05546695739030838]
1.4427916579137454  ::  0.521564  ::  [-3.709110736846924, -0.021153375506401062, 0.05546841770410538]
1.4427916579137454  ::  0.537518  ::  [-3.688152551651001, -0.02168000303208828, 0.055469535291194916]
1.4412779172389414  ::  0.552478  ::  [-3.656733274459839, -0.022470813244581223, 0.05546944960951805]
1.4412779172389414  ::  0.568449  ::  [-3.6253111362457275, -0.023263592272996902, 0.055466458201408386]
1.4452234187016815  ::  0.583391  ::  [-3.593895196914673, -0.024054888635873795, 0.05546705797314644]
1.4452234187016815  ::  0.599354  ::  [-3.5729470252990723, -0.024581652134656906, 0.055469486862421036]
1.4410632998886148  ::  0.615311  ::  [-3.5415213108062744, -0.02537204697728157, 0.05547051131725311]
1.4396787991995121  ::  0.631259  ::  [-3.5101001262664795, -0.026163917034864426, 0.05546822398900986]
1.4436169368645533  ::  0.647225  ::  [-3.478684425354004, -0.02695615030825138, 0.05546637251973152]
1.4457741027035138  ::  0.663182  ::  [-3.447249412536621, -0.027747338637709618, 0.05546783283352852]
1.4394364342056825  ::  0.679111  ::  [-3.415834903717041, -0.028537586331367493, 0.05547064170241356]
1.4424354208598469  ::  0.695093  ::  [-3.384413480758667, -0.029329996556043625, 0.05546789616346359]
1.4456373921984078  ::  0.711054  ::  [-3.352994441986084, -0.030121993273496628, 0.05546610802412033]
1.4427354155747985  ::  0.727011  ::  [-3.321568727493286, -0.030912961810827255, 0.05546777695417404]
1.4391383604814347  ::  0.742944  ::  [-3.29013729095459, -0.03170296922326088, 0.05546886473894119]
1.4391383604814347  ::  0.758899  ::  [-3.2587108612060547, -0.032494232058525085, 0.05546822398900986]
1.4431048861202138  ::  0.774885  ::  [-3.237778663635254, -0.03302215412259102, 0.05546716973185539]
1.4431048861202138  ::  0.790813  ::  [-3.2168328762054443, -0.033550359308719635, 0.055467065423727036]
1.4454801911257917  ::  0.8058  ::  [-3.1958839893341064, -0.03407828509807587, 0.05546710640192032]
1.4439805377161508  ::  0.820761  ::  [-3.1644511222839355, -0.03486814722418785, 0.05546744912862778]
1.441144301663303  ::  0.836718  ::  [-3.1330270767211914, -0.03565968573093414, 0.05546675994992256]
1.4453141321515957  ::  0.852689  ::  [-3.101616859436035, -0.03645126149058342, 0.055466845631599426]
1.4453141321515957  ::  0.868633  ::  [-3.070199489593506, -0.03724300116300583, 0.05546704679727554]
1.445968869816565  ::  0.884589  ::  [-3.059715747833252, -0.03750746697187424, 0.05546566843986511]
1.4435183260084112  ::  0.900547  ::  [-3.028298854827881, -0.03829684108495712, 0.05547013506293297]
1.4418442893315235  ::  0.916476  ::  [-2.9968748092651367, -0.039088308811187744, 0.05546869337558746]
1.4457907512896155  ::  0.931468  ::  [-2.965458869934082, -0.039881378412246704, 0.055465515702962875]
1.4457907512896155  ::  0.947414  ::  [-2.934037446975708, -0.04067332297563553, 0.05546744912862778]
1.4457001445614073  ::  0.962407  ::  [-2.913081645965576, -0.041200190782547, 0.05546935647726059]
1.441264897190836  ::  0.97807  ::  [-2.881662130355835, -0.041991040110588074, 0.055469952523708344]
1.442325924389715  ::  0.994001  ::  [-2.8292951583862305, -0.043311022222042084, 0.05546639859676361]
1.442325924389715  ::  1.009958  ::  [-2.8292951583862305, -0.043311022222042084, 0.05546639859676361]
1.4457954470446701  ::  1.025915  ::  [-2.787400007247925, -0.04436594620347023, 0.0554683543741703]
1.4457954470446701  ::  1.041872  ::  [-2.787400007247925, -0.04436594620347023, 0.0554683543741703]
1.442060294064025  ::  1.056831  ::  [-2.776923894882202, -0.044628895819187164, 0.05546964704990387]
1.4396765580436905  ::  1.071819  ::  [-2.7559728622436523, -0.04515589773654938, 0.055470094084739685]
1.4396765580436905  ::  1.087789  ::  [-2.7245380878448486, -0.04594855755567551, 0.055467259138822556]
1.4415043806986094  ::  1.103736  ::  [-2.7036070823669434, -0.046476587653160095, 0.055466584861278534]
1.4455175437228152  ::  1.119723  ::  [-2.6721866130828857, -0.047268763184547424, 0.055467262864112854]
1.4412476082744994  ::  1.135682  ::  [-2.640761375427246, -0.048058558255434036, 0.055470168590545654]
1.4394199990629921  ::  1.151632  ::  [-2.6198108196258545, -0.048585228621959686, 0.05546987056732178]
1.4404798523231077  ::  1.166597  ::  [-2.598848819732666, -0.04911384731531143, 0.0554666593670845]
1.4404798523231077  ::  1.181557  ::  [-2.577918767929077, -0.04964180663228035, 0.055466003715991974]
1.444814994733656  ::  1.197546  ::  [-2.515073299407959, -0.051223523914813995, 0.05546952039003372]
1.444814994733656  ::  1.213515  ::  [-2.515073299407959, -0.051223523914813995, 0.05546952039003372]
1.439706119956192  ::  1.229461  ::  [-2.4836478233337402, -0.0520145557820797, 0.055469293147325516]
1.439706119956192  ::  1.245417  ::  [-2.4522287845611572, -0.05280618369579315, 0.055466871708631516]
1.4442558797170668  ::  1.26137  ::  [-2.4208083152770996, -0.053599145263433456, 0.05546635761857033]
1.4456554281666847  ::  1.277347  ::  [-2.389383554458618, -0.05439002811908722, 0.055468592792749405]
1.4418419414539962  ::  1.293003  ::  [-2.357959747314453, -0.05517999827861786, 0.055470120161771774]
1.4400512579526894  ::  1.308959  ::  [-2.3265390396118164, -0.05597219988703728, 0.055466827005147934]
1.4438781916003063  ::  1.324917  ::  [-2.295121192932129, -0.05676434189081192, 0.055466264486312866]
1.442839255794524  ::  1.340877  ::  [-2.263700485229492, -0.057555947452783585, 0.055467892438173294]
1.4397365356423397  ::  1.356804  ::  [-2.2322723865509033, -0.05834677442908287, 0.05547017604112625]
1.4397365356423397  ::  1.371965  ::  [-2.200850486755371, -0.059138186275959015, 0.0554678812623024]
1.4428842923543637  ::  1.386897  ::  [-2.169433116912842, -0.05993057042360306, 0.05546614155173302]
1.4455862725013384  ::  1.402884  ::  [-2.1484830379486084, -0.06045893579721451, 0.05546648055315018]
1.445020007130462  ::  1.418818  ::  [-2.1170616149902344, -0.061249129474163055, 0.05546978488564491]
1.440662239718288  ::  1.434799  ::  [-2.0856354236602783, -0.06204012781381607, 0.05546988919377327]
1.4451896946426546  ::  1.450758  ::  [-2.0542168617248535, -0.06283281743526459, 0.05546683818101883]
1.4451896946426546  ::  1.466705  ::  [-2.022799015045166, -0.06362500786781311, 0.055466048419475555]
1.4445350636993912  ::  1.481958  ::  [-1.9913733005523682, -0.06441545486450195, 0.05546926334500313]
1.4445350636993912  ::  1.496937  ::  [-1.9809010028839111, -0.06467960774898529, 0.055469755083322525]
1.4414893329380944  ::  1.512875  ::  [-1.949474573135376, -0.06547058373689651, 0.05546916276216507]
1.444783191665333  ::  1.528384  ::  [-1.9180572032928467, -0.06626372039318085, 0.05546608567237854]
1.4465827330682197  ::  1.544308  ::  [-1.8971127271652222, -0.06679175049066544, 0.05546586588025093]
1.4429400010847815  ::  1.560294  ::  [-1.8656893968582153, -0.06758292764425278, 0.05546898767352104]
1.4408723747569718  ::  1.576246  ::  [-1.8342642784118652, -0.06837417930364609, 0.05546986311674118]
1.4427583607415415  ::  1.592201  ::  [-1.8133139610290527, -0.06890195608139038, 0.05546819046139717]
1.4465813456860446  ::  1.607164  ::  [-1.7504767179489136, -0.07048704475164413, 0.05546673759818077]
1.4453288597469935  ::  1.623144  ::  [-1.7504767179489136, -0.07048704475164413, 0.05546673759818077]
1.441251236812496  ::  1.638107  ::  [-1.7190511226654053, -0.07127785682678223, 0.05546976998448372]
1.4419053341472303  ::  1.654069  ::  [-1.6876270771026611, -0.07206977903842926, 0.05546874552965164]
1.4419053341472303  ::  1.670022  ::  [-1.6561976671218872, -0.0728631392121315, 0.055466413497924805]
1.4461150785534855  ::  1.685333  ::  [-1.624790072441101, -0.07365543395280838, 0.05546628683805466]
1.4430640117068996  ::  1.700295  ::  [-1.5933648347854614, -0.07444638758897781, 0.05546986311674118]
1.4404593617555976  ::  1.715256  ::  [-1.5724148750305176, -0.0749732106924057, 0.055469825863838196]
1.4404593617555976  ::  1.730723  ::  [-1.5409934520721436, -0.07576639950275421, 0.055467553436756134]
1.442307461534615  ::  1.746677  ::  [-1.5200443267822266, -0.07629445195198059, 0.05546582490205765]
1.4463066440153631  ::  1.761997  ::  [-1.4886263608932495, -0.07708743959665298, 0.055466871708631516]
1.4410341648629366  ::  1.777955  ::  [-1.4572018384933472, -0.0778772234916687, 0.05546962469816208]
1.4410341648629366  ::  1.793528  ::  [-1.4257783889770508, -0.07866889238357544, 0.05546868219971657]
1.441427434348741  ::  1.809485  ::  [-1.3943595886230469, -0.07946132868528366, 0.055466290563344955]
1.4443494746530372  ::  1.824868  ::  [-1.3734145164489746, -0.07999046891927719, 0.055465493351221085]
1.4433175824798363  ::  1.840827  ::  [-1.3105578422546387, -0.08157267421483994, 0.055469151586294174]
1.4418985039580605  ::  1.856782  ::  [-1.3105578422546387, -0.08157267421483994, 0.055469151586294174]
1.4405334266194099  ::  1.872763  ::  [-1.3000891208648682, -0.0818367749452591, 0.055469635874032974]
1.4405334266194099  ::  1.888734  ::  [-1.279132604598999, -0.08236498385667801, 0.05546760931611061]
1.4422847298112835  ::  1.90476  ::  [-1.2581982612609863, -0.08289323002099991, 0.05546600744128227]
1.4453908650580525  ::  1.919704  ::  [-1.2372527122497559, -0.08342213183641434, 0.05546611174941063]
1.446767254897516  ::  1.935659  ::  [-1.2267792224884033, -0.08368610590696335, 0.05546722188591957]
1.446767254897516  ::  1.951622  ::  [-1.2058238983154297, -0.08421362936496735, 0.05546783655881882]
1.4407764319434742  ::  1.966583  ::  [-1.1744016408920288, -0.08500456064939499, 0.055469729006290436]
1.4407764319434742  ::  1.98257  ::  [-1.1429799795150757, -0.08579668402671814, 0.05546724423766136]
1.4429575034445297  ::  1.997531  ::  [-1.1220391988754272, -0.08632591366767883, 0.055465295910835266]
1.4459666286607435  ::  2.013499  ::  [-1.1010916233062744, -0.08685432374477386, 0.05546557158231735]
1.4437784068054007  ::  2.028446  ::  [-1.0801409482955933, -0.08738186210393906, 0.05546741932630539]
1.4408416389057068  ::  2.043788  ::  [-1.048714280128479, -0.08817237615585327, 0.055469758808612823]
1.4408416389057068  ::  2.059151  ::  [-1.0172935724258423, -0.08896501362323761, 0.05546746402978897]
1.4436085058497965  ::  2.075113  ::  [-0.9858751893043518, -0.08975795656442642, 0.05546601489186287]
1.4446082747895572  ::  2.091074  ::  [-0.9230289459228516, -0.09134109318256378, 0.05546998232603073]
1.441770331189417  ::  2.106531  ::  [-0.9230289459228516, -0.09134109318256378, 0.05546998232603073]
1.441735113026509  ::  2.122489  ::  [-0.9020792841911316, -0.09186846017837524, 0.05546903237700462]
1.441735113026509  ::  2.137876  ::  [-0.870660662651062, -0.09266243875026703, 0.05546637624502182]
1.4467276611446709  ::  2.153834  ::  [-0.8392437696456909, -0.09345464408397675, 0.055465973913669586]
1.4467276611446709  ::  2.16979  ::  [-0.8078188896179199, -0.09424620866775513, 0.055469296872615814]
1.4413369343422384  ::  2.186746  ::  [-0.765913724899292, -0.09530160576105118, 0.05546891316771507]
1.4413369343422384  ::  2.201215  ::  [-0.765913724899292, -0.09530160576105118, 0.05546891316771507]
1.4420833459524738  ::  2.217174  ::  [-0.765913724899292, -0.09530160576105118, 0.05546891316771507]
1.4420833459524738  ::  2.232133  ::  [-0.7344993352890015, -0.09609436243772507, 0.05546607822179794]
1.4464652324701543  ::  2.247092  ::  [-0.724027156829834, -0.09635866433382034, 0.055465903133153915]
1.447040249020905  ::  2.262592  ::  [-0.703081488609314, -0.09688739478588104, 0.05546591058373451]
1.447040249020905  ::  2.278639  ::  [-0.6821326017379761, -0.09741488099098206, 0.055467404425144196]
1.4408998022353576  ::  2.294585  ::  [-0.6507036685943604, -0.09820586442947388, 0.05546973645687103]
1.4408998022353576  ::  2.310542  ::  [-0.6192831993103027, -0.09899821877479553, 0.055466994643211365]
1.444170395630736  ::  2.326499  ::  [-0.5878661870956421, -0.09979198127985, 0.0554656907916069]
1.4441675141446797  ::  2.342533  ::  [-0.5564336180686951, -0.10058369487524033, 0.055466439574956894]
1.4441675141446797  ::  2.358504  ::  [-0.5250187516212463, -0.10137415677309036, 0.05547013506293297]
1.4408316070653633  ::  2.374428  ::  [-0.49359485507011414, -0.10216669738292694, 0.05546806380152702]
1.4470868864063313  ::  2.390386  ::  [-0.46217581629753113, -0.10295967012643814, 0.055466171354055405]
1.4470868864063313  ::  2.406377  ::  [-0.43075674772262573, -0.10375188291072845, 0.0554673932492733]
1.4411507049656498  ::  2.421302  ::  [-0.4098074436187744, -0.10427910834550858, 0.05546945706009865]
1.4413545434236923  ::  2.43726  ::  [-0.3679066598415375, -0.10533460974693298, 0.05546800047159195]
1.4455243739119852  ::  2.453241  ::  [-0.3469558656215668, -0.1058630645275116, 0.0554664246737957]
1.4455243739119852  ::  2.468201  ::  [-0.31554359197616577, -0.10665623843669891, 0.05546600744128227]
1.4459334382102453  ::  2.483312  ::  [-0.2945905029773712, -0.10718374699354172, 0.05546729266643524]
1.4459334382102453  ::  2.499075  ::  [-0.2736447751522064, -0.10771183669567108, 0.05546928942203522]
1.4410212515365368  ::  2.514915  ::  [-0.25269269943237305, -0.10823892056941986, 0.055470116436481476]
1.4410212515365368  ::  2.530869  ::  [-0.22126933932304382, -0.10903150588274002, 0.05546734482049942]
1.444732392133381  ::  2.546806  ::  [-0.18985256552696228, -0.10982527583837509, 0.0554654635488987]
1.447281440075971  ::  2.562762  ::  [-0.1793821007013321, -0.11008873581886292, 0.055466312915086746]
1.443826111407885  ::  2.578831  ::  [-0.15843121707439423, -0.11061640083789825, 0.0554669052362442]
1.4409014030609444  ::  2.594755  ::  [-0.12700659036636353, -0.11140737682580948, 0.05546990782022476]
1.4409014030609444  ::  2.610739  ::  [-0.09558314830064774, -0.11219966411590576, 0.055467162281274796]
1.4423941195597094  ::  2.626672  ::  [-0.07463876157999039, -0.11272881180047989, 0.055466510355472565]
1.4466341729304064  ::  2.642648  ::  [-0.04322175309062004, -0.11352119594812393, 0.05546601116657257]
1.4461453875179273  ::  2.657991  ::  [-0.022271377965807915, -0.1140487939119339, 0.055467959493398666]
1.4418334037175338  ::  2.673797  ::  [0.01963008940219879, -0.11510330438613892, 0.05546850711107254]
1.4418334037175338  ::  2.689711  ::  [0.01963008940219879, -0.11510330438613892, 0.05546850711107254]
1.4474151623733151  ::  2.705693  ::  [0.05104658752679825, -0.11589540541172028, 0.05546437203884125]
1.4474151623733151  ::  2.721316  ::  [0.08246101438999176, -0.11667689681053162, 0.05544959753751755]
1.4375459659094698  ::  2.737295  ::  [0.1033092513680458, -0.11717495322227478, 0.05545548349618912]
1.4405661901830848  ::  2.753218  ::  [0.12446273863315582, -0.11773794144392014, 0.05546707659959793]
1.4375143762845586  ::  2.769175  ::  [0.1454155445098877, -0.11826398968696594, 0.05546635389328003]
1.4326630209831455  ::  2.785132  ::  [0.17683613300323486, -0.11906281113624573, 0.05545853450894356]
1.429500856840841  ::  2.801091  ::  [0.20826071500778198, -0.11983821541070938, 0.05546402186155319]
1.4292901881936284  ::  2.816252  ::  [0.22920911014080048, -0.12036073207855225, 0.055465541779994965]
1.4292901881936284  ::  2.831226  ::  [0.26063796877861023, -0.12114287912845612, 0.0554681234061718]
1.4260859756992461  ::  2.846924  ::  [0.2815830707550049, -0.1216665506362915, 0.0554664209485054]
1.4260859756992461  ::  2.862917  ::  [0.3130094110965729, -0.12245109677314758, 0.055464666336774826]
1.428899693472174  ::  2.878213  ::  [0.33394885063171387, -0.1229730099439621, 0.05546342954039574]
1.431413629973562  ::  2.894259  ::  [0.35489779710769653, -0.12349623441696167, 0.05546532943844795]
1.4303095939272528  ::  2.910217  ::  [0.3863237500190735, -0.12427773326635361, 0.055467866361141205]
1.4261465936281301  ::  2.926174  ::  [0.4177490472793579, -0.12506167590618134, 0.05546733736991882]
1.42674818388362  ::  2.942132  ::  [0.4491673409938812, -0.12584632635116577, 0.05546450987458229]
1.431300291522022  ::  2.957091  ::  [0.4805862009525299, -0.12663061916828156, 0.055464595556259155]
1.431300291522022  ::  2.972087  ::  [0.5120118856430054, -0.12741385400295258, 0.05546703189611435]
1.4270312098473525  ::  2.987633  ::  [0.5434355735778809, -0.12819693982601166, 0.05546686053276062]
1.4291152713178525  ::  3.003093  ::  [0.5748565793037415, -0.1289823204278946, 0.0554649755358696]
1.4291152713178525  ::  3.018045  ::  [0.595801830291748, -0.12950552999973297, 0.05546336993575096]
1.4308595308771446  ::  3.033195  ::  [0.6272220611572266, -0.13028720021247864, 0.05546487495303154]
1.4308595308771446  ::  3.048469  ::  [0.6481726765632629, -0.13080939650535583, 0.05546583980321884]
1.4264335682949765  ::  3.064462  ::  [0.6795980930328369, -0.1315935105085373, 0.05546669661998749]
1.4258397687240083  ::  3.080383  ::  [0.7005488276481628, -0.1321161836385727, 0.05546479672193527]
1.4319186370853199  ::  3.096095  ::  [0.721489429473877, -0.13263960182666779, 0.05546355992555618]
1.4314082938882728  ::  3.111055  ::  [0.7529102563858032, -0.13342338800430298, 0.055463917553424835]
1.4314082938882728  ::  3.127156  ::  [0.773861289024353, -0.13394634425640106, 0.05546646565198898]
1.4272173325022353  ::  3.142117  ::  [0.7843348979949951, -0.13420672714710236, 0.05546560138463974]
1.4262519279517363  ::  3.157535  ::  [0.8052921295166016, -0.13472899794578552, 0.05546628683805466]
1.4303088468753125  ::  3.173492  ::  [0.8367151618003845, -0.13551323115825653, 0.05546167492866516]
1.4303088468753125  ::  3.189477  ::  [0.8681296110153198, -0.1362970620393753, 0.05546266585588455]
1.428023188102591  ::  3.205435  ::  [0.8995532989501953, -0.13708138465881348, 0.05546530708670616]
1.428023188102591  ::  3.22034  ::  [0.9309826493263245, -0.1378634124994278, 0.05546658858656883]
1.4276651367796944  ::  3.235476  ::  [0.9623951315879822, -0.1386478692293167, 0.055463485419750214]
1.4316443623014614  ::  3.25104  ::  [0.983342170715332, -0.13917137682437897, 0.05546258017420769]
1.4316443623014614  ::  3.266963  ::  [1.0147647857666016, -0.13995569944381714, 0.05546332150697708]
1.4272652505481311  ::  3.282949  ::  [1.0357118844985962, -0.14047680795192719, 0.05546565726399422]
1.4272652505481311  ::  3.298088  ::  [1.0671372413635254, -0.14126022160053253, 0.05546513572335243]
1.4261332534149074  ::  3.31405  ::  [1.0985591411590576, -0.14204534888267517, 0.0554632693529129]
1.4319273882651937  ::  3.329602  ::  [1.1299772262573242, -0.14282959699630737, 0.05546285957098007]
1.4319273882651937  ::  3.344652  ::  [1.161405324935913, -0.14361265301704407, 0.055464208126068115]
1.4295705461147163  ::  3.360751  ::  [1.182350516319275, -0.1441342979669571, 0.05546599626541138]
1.4274326969045024  ::  3.375711  ::  [1.2137742042541504, -0.14491774141788483, 0.05546442046761513]
1.4274326969045024  ::  3.390907  ::  [1.2451934814453125, -0.14570368826389313, 0.0554627925157547]
1.4314627219582214  ::  3.406863  ::  [1.2766118049621582, -0.1464863121509552, 0.05546298623085022]
1.4314627219582214  ::  3.421851  ::  [1.297562599182129, -0.14700856804847717, 0.055464744567871094]
1.430342250769222  ::  3.437815  ::  [1.3080395460128784, -0.147269606590271, 0.055465854704380035]
1.4259216242723427  ::  3.453738  ::  [1.3394733667373657, -0.1480521410703659, 0.05546397343277931]
1.426365906733511  ::  3.469695  ::  [1.3708840608596802, -0.14883817732334137, 0.05546270310878754]
1.427786372637462  ::  3.485653  ::  [1.3813555240631104, -0.1490984857082367, 0.055463217198848724]
1.4312973033142602  ::  3.50161  ::  [1.412776231765747, -0.14988231658935547, 0.05546238273382187]
1.429232345029095  ::  3.517602  ::  [1.4442095756530762, -0.15066386759281158, 0.05546610429883003]
1.425210964433544  ::  3.532801  ::  [1.4756261110305786, -0.15144668519496918, 0.055463626980781555]
1.4307735131822847  ::  3.548859  ::  [1.5175178050994873, -0.15249310433864594, 0.05546329915523529]
1.4307735131822847  ::  3.564605  ::  [1.5384689569473267, -0.15301595628261566, 0.05546369403600693]
1.4267012263330763  ::  3.580535  ::  [1.5594123601913452, -0.15353673696517944, 0.05546462535858154]
1.4267012263330763  ::  3.596519  ::  [1.5908385515213013, -0.1543186902999878, 0.05546505004167557]
1.429101397496101  ::  3.612636  ::  [1.6222658157348633, -0.1551036387681961, 0.05546269565820694]
1.429101397496101  ::  3.628732  ::  [1.6536791324615479, -0.15588809549808502, 0.05546348914504051]
1.4313670993098413  ::  3.6444  ::  [1.6850993633270264, -0.15667107701301575, 0.05546397715806961]
1.4280042983606678  ::  3.660509  ::  [1.7165274620056152, -0.15745261311531067, 0.05546639487147331]
1.4253973005318386  ::  3.675467  ::  [1.737483024597168, -0.1579754650592804, 0.055464111268520355]
1.4315340120576834  ::  3.690399  ::  [1.7793678045272827, -0.15902143716812134, 0.05546260625123978]
1.4315340120576834  ::  3.706391  ::  [1.8107872009277344, -0.15980441868305206, 0.05546360835433006]
1.430357405251443  ::  3.722349  ::  [1.8317396640777588, -0.16032646596431732, 0.05546465888619423]
1.4253644302464579  ::  3.738307  ::  [1.8736374378204346, -0.16137008368968964, 0.05546391010284424]
1.427508042428784  ::  3.754265  ::  [1.905056118965149, -0.1621561348438263, 0.055462609976530075]
1.4314319861069564  ::  3.770215  ::  [1.936474323272705, -0.16293884813785553, 0.05546221882104874]
1.4297702224262334  ::  3.786178  ::  [1.9679028987884521, -0.16372208297252655, 0.05546603351831436]
1.4256069019619932  ::  3.801725  ::  [1.9993250370025635, -0.16450439393520355, 0.055463723838329315]
1.4268367628994187  ::  3.817024  ::  [2.0307457447052, -0.16528938710689545, 0.055461809039115906]
1.4310596340754849  ::  3.832981  ::  [2.0621657371520996, -0.16607359051704407, 0.05546196550130844]
1.4267393259820402  ::  3.847949  ::  [2.0935919284820557, -0.16685673594474792, 0.05546489730477333]
1.4267393259820402  ::  3.863871  ::  [2.12501859664917, -0.16764011979103088, 0.055465079843997955]
1.425669013994758  ::  3.879828  ::  [2.145967960357666, -0.16816239058971405, 0.05546210706233978]
1.4291896563467823  ::  3.895786  ::  [2.177380084991455, -0.1689465194940567, 0.0554613396525383]
1.431974772702561  ::  3.911743  ::  [2.2088027000427246, -0.16972996294498444, 0.055463217198848724]
1.4253135239928  ::  3.927736  ::  [2.240229606628418, -0.17051337659358978, 0.055465467274188995]
1.4253135239928  ::  3.943687  ::  [2.2821242809295654, -0.17155849933624268, 0.05546286702156067]
1.4276907499890819  ::  3.95964  ::  [2.303072690963745, -0.17208123207092285, 0.055462367832660675]
1.4277396285303297  ::  3.974766  ::  [2.344973564147949, -0.17312562465667725, 0.05546288937330246]
1.4250199325801953  ::  3.989567  ::  [2.3763909339904785, -0.1739082783460617, 0.05546446517109871]
1.4283858284588364  ::  4.004744  ::  [2.4078164100646973, -0.17469251155853271, 0.05546398460865021]
1.4283858284588364  ::  4.020694  ::  [2.439234495162964, -0.17547675967216492, 0.055461686104536057]
1.4310663575429492  ::  4.035707  ::  [2.4601798057556152, -0.17599822580814362, 0.055461473762989044]
1.430117067970023  ::  4.050923  ::  [2.4916069507598877, -0.17678169906139374, 0.055465515702962875]
1.4256701879335216  ::  4.065848  ::  [2.523029327392578, -0.17756450176239014, 0.055463410913944244]
1.4259848035221654  ::  4.081032  ::  [2.5544517040252686, -0.17834912240505219, 0.05546260625123978]
1.4314095745487423  ::  4.096691  ::  [2.575399398803711, -0.17887085676193237, 0.05546092242002487]
1.4314095745487423  ::  4.111935  ::  [2.6068179607391357, -0.17965321242809296, 0.05546311289072037]
1.4295839930496448  ::  4.126928  ::  [2.6277694702148438, -0.18017569184303284, 0.055465441197156906]
1.4255524738920446  ::  4.142851  ::  [2.6591930389404297, -0.18095910549163818, 0.055463019758462906]
1.42676867445113  ::  4.157811  ::  [2.680140256881714, -0.18148206174373627, 0.055462513118982315]
1.42676867445113  ::  4.173768  ::  [2.690614700317383, -0.18174400925636292, 0.05546148121356964]
1.4300114134812996  ::  4.189017  ::  [2.711559534072876, -0.18226638436317444, 0.05546259135007858]
1.43171042303734  ::  4.205052  ::  [2.7325050830841064, -0.18278954923152924, 0.05546190217137337]
1.4290713019750707  ::  4.22098  ::  [2.763932943344116, -0.1835707575082779, 0.055466119199991226]
1.4253113895586844  ::  4.236968  ::  [2.7953572273254395, -0.1843540221452713, 0.055463433265686035]
1.4253645369681636  ::  4.252929  ::  [2.805828094482422, -0.18461598455905914, 0.05546289682388306]
1.4275951273407017  ::  4.268882  ::  [2.826773166656494, -0.18514080345630646, 0.055461812764406204]
1.4316343304611179  ::  4.284836  ::  [2.8686816692352295, -0.18618428707122803, 0.05546233430504799]
1.4252006124280834  ::  4.30084  ::  [2.900096893310547, -0.18696747720241547, 0.05546613782644272]
1.426647225149951  ::  4.316163  ::  [2.9315185546875, -0.1877497136592865, 0.0554632693529129]
1.4281959705442513  ::  4.332108  ::  [2.952465057373047, -0.1882743239402771, 0.05546275153756142]
1.4281959705442513  ::  4.347044  ::  [2.9629359245300293, -0.18853506445884705, 0.055461909621953964]
1.4315421229073229  ::  4.363023  ::  [2.994370460510254, -0.1893184632062912, 0.055461686104536057]
1.4291822925490834  ::  4.377983  ::  [3.025784492492676, -0.19010038673877716, 0.05546533316373825]
1.425629526963619  ::  4.393962  ::  [3.057209014892578, -0.19088520109653473, 0.05546366050839424]
1.4276906432673762  ::  4.409898  ::  [3.0886268615722656, -0.19166964292526245, 0.05546161159873009]
1.4317582343615303  ::  4.425854  ::  [3.109574317932129, -0.1921922117471695, 0.055462367832660675]
1.4317582343615303  ::  4.441841  ::  [3.130521774291992, -0.19271481037139893, 0.05546324700117111]
1.4254448984126171  ::  4.456772  ::  [3.1619482040405273, -0.19349731504917145, 0.0554647333920002]
1.4287750425198213  ::  4.472729  ::  [3.193370819091797, -0.19428107142448425, 0.05546371638774872]
1.4287750425198213  ::  4.488722  ::  [3.2247915267944336, -0.19506590068340302, 0.05546236410737038]
1.428336202865648  ::  4.504686  ::  [3.2562146186828613, -0.1958497017621994, 0.05546526610851288]
1.427126619052321  ::  4.520642  ::  [3.298121929168701, -0.19689352810382843, 0.05546581745147705]
1.4259624986856572  ::  4.536685  ::  [3.3085899353027344, -0.197153702378273, 0.05546656250953674]
1.4259624986856572  ::  4.552412  ::  [3.3295400142669678, -0.1976771354675293, 0.055462561547756195]
1.4292295702647446  ::  4.56837  ::  [3.360957384109497, -0.19846267998218536, 0.05546342581510544]
1.432111376485961  ::  4.584327  ::  [3.392375946044922, -0.1992453783750534, 0.05546553060412407]
1.4292871999858665  ::  4.600255  ::  [3.4238030910491943, -0.2000294178724289, 0.05546748638153076]
1.4259883253384562  ::  4.615402  ::  [3.455231189727783, -0.20081302523612976, 0.05546610802412033]
1.4271800866269175  ::  4.630346  ::  [3.4761714935302734, -0.20133641362190247, 0.05546361207962036]
