1.461868376265591  ::  0.015957  ::  [-4.524909496307373, -3.951240796595812e-05, 0.05546635016798973]
1.4620786180259804  ::  0.032015  ::  [-4.524909973144531, -3.947749064536765e-05, 0.05546615272760391]
1.908157418945867  ::  0.047999  ::  [-4.524911403656006, -3.9479349652538076e-05, 0.05546604096889496]
1.5819082038766246  ::  0.063954  ::  [-4.541441440582275, 0.0007167382864281535, 0.0702197402715683]
1.5819082038766246  ::  0.079912  ::  [-4.528048515319824, 0.00016925518866628408, 0.059443399310112]
1.6976344468616777  ::  0.095884  ::  [-4.510250568389893, -0.0005077897803857923, 0.0555126890540123]
1.6976344468616777  ::  0.111828  ::  [-4.473506450653076, -0.0016556602204218507, 0.06470117717981339]
1.1606106099260138  ::  0.127757  ::  [-4.426375865936279, -0.0031645013950765133, 0.06041215360164642]
1.1446783399133127  ::  0.143691  ::  [-4.402807235717773, -0.003791505005210638, 0.05658378079533577]
1.1446783399133127  ::  0.159679  ::  [-4.3612260818481445, -0.004645864479243755, 0.05768923461437225]
1.0584776173280495  ::  0.175631  ::  [-4.340084075927734, -0.005116998217999935, 0.05586571246385574]
1.0584776173280495  ::  0.191562  ::  [-4.309659004211426, -0.005678840912878513, 0.056050874292850494]
1.0293358681822495  ::  0.207546  ::  [-4.284661769866943, -0.006115373689681292, 0.05620227009057999]
1.014919153113351  ::  0.223499  ::  [-4.263976097106934, -0.006410180125385523, 0.05565718188881874]
1.014919153113351  ::  0.239461  ::  [-4.231395244598389, -0.0070384182035923, 0.055520109832286835]
0.9913450753581693  ::  0.255392  ::  [-4.178674697875977, -0.007976749911904335, 0.0554683543741703]
0.9941578326357452  ::  0.271365  ::  [-4.178674697875977, -0.007976749911904335, 0.0554683543741703]
0.9958741311081224  ::  0.287325  ::  [-4.147251129150391, -0.008523019030690193, 0.05546596646308899]
0.9982942592301284  ::  0.30328  ::  [-4.136778831481934, -0.008706429041922092, 0.0554661825299263]
0.9965202243149234  ::  0.31924  ::  [-4.115816116333008, -0.009069684892892838, 0.0554671511054039]
0.9965202243149234  ::  0.334629  ::  [-4.0843963623046875, -0.00961422547698021, 0.055470071732997894]
0.9921916986501336  ::  0.350589  ::  [-4.063440799713135, -0.009977657347917557, 0.05547015368938446]
0.9935091781080055  ::  0.366649  ::  [-4.052967071533203, -0.010159721598029137, 0.05546927452087402]
0.9973150875795835  ::  0.382608  ::  [-4.021542072296143, -0.01070763822644949, 0.05546685308218002]
0.9977399466902995  ::  0.398564  ::  [-3.990119457244873, -0.011253592558205128, 0.0554659441113472]
0.9977399466902995  ::  0.414521  ::  [-3.969165563583374, -0.011616664007306099, 0.05546937137842178]
0.9938294499470557  ::  0.430555  ::  [-3.958688735961914, -0.011797656305134296, 0.055469851940870285]
0.9938294499470557  ::  0.446519  ::  [-3.937723159790039, -0.012160977348685265, 0.055469315499067307]
0.9919478395524229  ::  0.462476  ::  [-3.916783571243286, -0.01252522598952055, 0.05546934902667999]
0.9981468765544442  ::  0.477885  ::  [-3.8853604793548584, -0.013072331435978413, 0.055466726422309875]
0.9981468765544442  ::  0.493843  ::  [-3.853936195373535, -0.01361934281885624, 0.05546719580888748]
0.992765754705532  ::  0.509218  ::  [-3.8225033283233643, -0.01416313648223877, 0.05547047406435013]
0.992765754705532  ::  0.525049  ::  [-3.7910735607147217, -0.01470920629799366, 0.05546922609210014]
0.9982815593471404  ::  0.541006  ::  [-3.759641170501709, -0.015256213024258614, 0.055466584861278534]
0.9982815593471404  ::  0.556969  ::  [-3.717747211456299, -0.015984438359737396, 0.055468346923589706]
0.9960510756963081  ::  0.5724  ::  [-3.686309576034546, -0.016529066488146782, 0.055470291525125504]
0.9926243484453715  ::  0.588357  ::  [-3.65488600730896, -0.01707467995584011, 0.05546959489583969]
0.9926243484453715  ::  0.604316  ::  [-3.6339380741119385, -0.017439886927604675, 0.055466823279857635]
0.9968799831851126  ::  0.619577  ::  [-3.6025123596191406, -0.01798613928258419, 0.055466387420892715]
0.9972187178792629  ::  0.635527  ::  [-3.571084976196289, -0.018531503155827522, 0.055469758808612823]
0.9972187178792629  ::  0.650491  ::  [-3.5606086254119873, -0.01871279627084732, 0.05546947941184044]
0.9942645543415266  ::  0.666449  ::  [-3.539654493331909, -0.019076619297266006, 0.0554705485701561]
0.9963827667578768  ::  0.682408  ::  [-3.5082197189331055, -0.019623154774308205, 0.055465348064899445]
0.9984167757483655  ::  0.697923  ::  [-3.4768078327178955, -0.0201706700026989, 0.055466435849666595]
0.9978321542440947  ::  0.713857  ::  [-3.4558496475219727, -0.02053447812795639, 0.055468060076236725]
0.9978321542440947  ::  0.728842  ::  [-3.4349002838134766, -0.020897746086120605, 0.055470146238803864]
0.9928036409110843  ::  0.744172  ::  [-3.4034698009490967, -0.021442517638206482, 0.05547003075480461]
0.9928036409110843  ::  0.760134  ::  [-3.3720455169677734, -0.021989505738019943, 0.055467117577791214]
0.9967534112420557  ::  0.776092  ::  [-3.340623378753662, -0.022537073120474815, 0.05546627938747406]
0.998134283393162  ::  0.792039  ::  [-3.3091938495635986, -0.02308177761733532, 0.05546935647726059]
0.9923420695335796  ::  0.807169  ::  [-3.277761459350586, -0.023626981303095818, 0.055470600724220276]
0.9961930155649974  ::  0.823128  ::  [-3.2463245391845703, -0.024174310266971588, 0.05546681955456734]
0.9961930155649974  ::  0.838618  ::  [-3.2149033546447754, -0.024721156805753708, 0.05546611547470093]
0.9984968170277015  ::  0.854598  ::  [-3.2044389247894287, -0.02490297332406044, 0.055467091500759125]
0.9984968170277015  ::  0.870558  ::  [-3.183476209640503, -0.02526622638106346, 0.055467892438173294]
0.995086204754338  ::  0.886515  ::  [-3.1520564556121826, -0.02581164799630642, 0.05547022819519043]
0.9922175253029326  ::  0.90247  ::  [-3.1206295490264893, -0.02635706588625908, 0.055467911064624786]
0.9949843922470225  ::  0.918428  ::  [-3.089205265045166, -0.02690437063574791, 0.055466361343860626]
0.995301569156605  ::  0.934387  ::  [-3.0577797889709473, -0.027450013905763626, 0.055467911064624786]
0.995301569156605  ::  0.950319  ::  [-3.0263397693634033, -0.0279952734708786, 0.05546923354268074]
0.991852110182337  ::  0.9663  ::  [-2.9949193000793457, -0.028540369123220444, 0.05546858161687851]
0.9918902098313009  ::  0.982261  ::  [-2.9844398498535156, -0.028722891584038734, 0.05546792596578598]
0.9977488045918794  ::  0.998216  ::  [-2.9634957313537598, -0.02908792719244957, 0.05546639487147331]
0.9977488045918794  ::  1.014225  ::  [-2.9320695400238037, -0.0296331737190485, 0.05546760559082031]
0.9975810380703909  ::  1.030184  ::  [-2.911116361618042, -0.029996510595083237, 0.05546918511390686]
0.9932041674728821  ::  1.046114  ::  [-2.8796839714050293, -0.030541500076651573, 0.05547016113996506]
0.9927599917334198  ::  1.062076  ::  [-2.837780237197876, -0.03127080947160721, 0.05546584725379944]
0.9956796841601886  ::  1.078035  ::  [-2.81683611869812, -0.03163500502705574, 0.05546649545431137]
0.9974621500901504  ::  1.09399  ::  [-2.7853991985321045, -0.032179515808820724, 0.05546820908784866]
0.9954599441679847  ::  1.109948  ::  [-2.7644550800323486, -0.03254256397485733, 0.055469729006290436]
0.9927263743960986  ::  1.126042  ::  [-2.7435014247894287, -0.032906245440244675, 0.0554695799946785]
0.9964696382263829  ::  1.142145  ::  [-2.7120771408081055, -0.03345247730612755, 0.05546701326966286]
0.9974107102279638  ::  1.15736  ::  [-2.6806411743164062, -0.033999353647232056, 0.05546572431921959]
0.9932419469567287  ::  1.173317  ::  [-2.649217128753662, -0.03454405814409256, 0.0554690882563591]
0.9913706885675568  ::  1.189327  ::  [-2.617793321609497, -0.03508853167295456, 0.05546947941184044]
0.9913706885675568  ::  1.204755  ::  [-2.5968432426452637, -0.0354529432952404, 0.05546801909804344]
0.9973203169431668  ::  1.220582  ::  [-2.5654189586639404, -0.03599932789802551, 0.055465951561927795]
0.9934398089992476  ::  1.236205  ::  [-2.5339901447296143, -0.036544907838106155, 0.05546789616346359]
0.9934398089992476  ::  1.252162  ::  [-2.4920852184295654, -0.03727018088102341, 0.05546990782022476]
0.9926112216755604  ::  1.268103  ::  [-2.4711310863494873, -0.03763395920395851, 0.055468734353780746]
0.9966782791611857  ::  1.284058  ::  [-2.4397048950195312, -0.038180526345968246, 0.05546637997031212]
0.9967256635985526  ::  1.300018  ::  [-2.4082846641540527, -0.03872641921043396, 0.055466849356889725]
0.9967256635985526  ::  1.315564  ::  [-2.3873300552368164, -0.03908900171518326, 0.055468663573265076]
0.9908248070424848  ::  1.331524  ::  [-2.3558926582336426, -0.03963295370340347, 0.055468812584877014]
0.9908248070424848  ::  1.347477  ::  [-2.3244707584381104, -0.04017893970012665, 0.05546688660979271]
0.9970777385059256  ::  1.36343  ::  [-2.2930426597595215, -0.04072557017207146, 0.055465783923864365]
0.9970777385059256  ::  1.379391  ::  [-2.261619806289673, -0.04127006232738495, 0.055468566715717316]
0.9912070841925938  ::  1.395391  ::  [-2.2301881313323975, -0.04181407392024994, 0.05547022074460983]
0.9912070841925938  ::  1.411349  ::  [-2.1882896423339844, -0.04254193603992462, 0.055466435849666595]
0.9953139488744757  ::  1.427329  ::  [-2.1568658351898193, -0.04308834671974182, 0.05546630546450615]
0.9968849991052843  ::  1.443291  ::  [-2.1254262924194336, -0.04363267868757248, 0.05546833574771881]
0.9908892669527767  ::  1.459127  ::  [-2.094006299972534, -0.04417702928185463, 0.05546999350190163]
0.9931056633384459  ::  1.475155  ::  [-2.0625805854797363, -0.04472227022051811, 0.05546770244836807]
0.9960500084792503  ::  1.491113  ::  [-2.0416178703308105, -0.04508708417415619, 0.05546552687883377]
0.9960500084792503  ::  1.507069  ::  [-2.0206806659698486, -0.045450933277606964, 0.055466800928115845]
0.9971426253030408  ::  1.523048  ::  [-1.9997261762619019, -0.04581381008028984, 0.055468253791332245]
0.9924462299184222  ::  1.538692  ::  [-1.9787755012512207, -0.04617646709084511, 0.05546946823596954]
0.9914320535483812  ::  1.554648  ::  [-1.9473456144332886, -0.04672183841466904, 0.05546896532177925]
0.9925442004443297  ::  1.570025  ::  [-1.9473456144332886, -0.04672183841466904, 0.05546896532177925]
0.9941099145898493  ::  1.585983  ::  [-1.9159204959869385, -0.04726807028055191, 0.055466510355472565]
0.9970250179832696  ::  1.601963  ::  [-1.8844972848892212, -0.0478145107626915, 0.055466555058956146]
0.9970250179832696  ::  1.617841  ::  [-1.8844972848892212, -0.0478145107626915, 0.055466555058956146]
0.9967955663158394  ::  1.633005  ::  [-1.8530666828155518, -0.04835914075374603, 0.05546947568655014]
0.9915162569742427  ::  1.648723  ::  [-1.8216367959976196, -0.048904191702604294, 0.05546930804848671]
0.9947916528463812  ::  1.664478  ::  [-1.8006794452667236, -0.04926758259534836, 0.055467166006565094]
0.9947916528463812  ::  1.680323  ::  [-1.7692592144012451, -0.04981476068496704, 0.05546598508954048]
0.997646458476035  ::  1.696283  ::  [-1.7378309965133667, -0.05035976320505142, 0.05546807497739792]
0.9972858458321995  ::  1.712264  ::  [-1.7273585796356201, -0.050541676580905914, 0.055469006299972534]
0.993157316644044  ::  1.727516  ::  [-1.6959166526794434, -0.05108638107776642, 0.05546921491622925]
0.99147559600434  ::  1.743614  ::  [-1.664497971534729, -0.051632560789585114, 0.055466555058956146]
0.9953714718738919  ::  1.758767  ::  [-1.6330690383911133, -0.05217881500720978, 0.05546434596180916]
0.9971934248349927  ::  1.774724  ::  [-1.6016530990600586, -0.05272296071052551, 0.055468447506427765]
0.9934415165465401  ::  1.789719  ::  [-1.5702205896377563, -0.0532674714922905, 0.05546967312693596]
0.9916670547445119  ::  1.805813  ::  [-1.528311848640442, -0.05399563908576965, 0.05546698719263077]
0.9944892035321966  ::  1.821742  ::  [-1.5073708295822144, -0.05435994639992714, 0.055466219782829285]
0.9970048475808769  ::  1.837737  ::  [-1.4654557704925537, -0.055087167769670486, 0.05546677112579346]
0.9858955448958512  ::  1.853685  ::  [-1.4340283870697021, -0.05562626197934151, 0.05547012388706207]
0.9847125347872638  ::  1.869642  ::  [-1.4235539436340332, -0.05580715462565422, 0.0554695799946785]
0.9893662414895696  ::  1.885572  ::  [-1.3921294212341309, -0.056350208818912506, 0.05546649172902107]
0.9893662414895696  ::  1.901559  ::  [-1.3607054948806763, -0.05689194053411484, 0.05546684190630913]
0.9895778706321343  ::  1.916489  ::  [-1.3292689323425293, -0.057432614266872406, 0.05546844005584717]
0.9838982481721513  ::  1.931449  ::  [-1.2978407144546509, -0.05797269567847252, 0.05546927452087402]
0.9868475025114217  ::  1.947405  ::  [-1.2768943309783936, -0.05833449214696884, 0.05546741187572479]
0.9868475025114217  ::  1.962741  ::  [-1.2454719543457031, -0.05887717753648758, 0.05546616390347481]
0.9899123364580533  ::  1.9787  ::  [-1.2140460014343262, -0.059418272227048874, 0.05546705052256584]
0.987150592155841  ::  1.994642  ::  [-1.182612419128418, -0.05995777249336243, 0.05546987056732178]
0.9834865158312465  ::  2.010609  ::  [-1.1511833667755127, -0.06049904227256775, 0.05546847730875015]
0.9854950183340534  ::  2.026625  ::  [-1.1197620630264282, -0.06104221194982529, 0.055465780198574066]
0.9893061571692147  ::  2.04155  ::  [-1.08833646774292, -0.06158309429883957, 0.0554666705429554]
0.9877515420810964  ::  2.057282  ::  [-1.0569047927856445, -0.062122464179992676, 0.055469661951065063]
0.9844783873647793  ::  2.073244  ::  [-1.0254746675491333, -0.06266364455223083, 0.05546911433339119]
0.9885858923768958  ::  2.089209  ::  [-0.9940434694290161, -0.06320608407258987, 0.05546610802412033]
0.9885858923768958  ::  2.10513  ::  [-0.9626240730285645, -0.06374722719192505, 0.05546673759818077]
0.9866059912912383  ::  2.121115  ::  [-0.9207198619842529, -0.06446725130081177, 0.055469810962677]
0.9835530034539484  ::  2.13708  ::  [-0.8997658491134644, -0.06482712179422379, 0.05546966940164566]
0.9832785152266784  ::  2.153032  ::  [-0.8683422803878784, -0.06536883115768433, 0.05546605587005615]
0.9860963951461318  ::  2.16896  ::  [-0.8473930358886719, -0.06573044508695602, 0.05546565726399422]
0.9876431128280224  ::  2.184947  ::  [-0.8369187116622925, -0.06591002643108368, 0.05546613782644272]
0.9857300195301841  ::  2.200308  ::  [-0.8159637451171875, -0.06627053022384644, 0.05546821653842926]
0.9825425623436096  ::  2.216265  ::  [-0.7845351696014404, -0.06680990755558014, 0.055469315499067307]
0.9853402718606703  ::  2.231463  ::  [-0.7531051635742188, -0.06735125184059143, 0.05546816810965538]
0.9853402718606703  ::  2.246395  ::  [-0.7216808795928955, -0.06789339333772659, 0.05546538159251213]
0.9890212102147783  ::  2.262498  ::  [-0.6902584433555603, -0.06843414902687073, 0.05546722561120987]
0.9830494904460715  ::  2.278526  ::  [-0.6588253974914551, -0.0689728856086731, 0.05546984821557999]
0.9830494904460715  ::  2.294656  ::  [-0.6273965239524841, -0.06951405107975006, 0.05546772852540016]
0.9847061314849169  ::  2.310618  ::  [-0.5959737300872803, -0.07005611807107925, 0.05546534061431885]
0.9863621321935276  ::  2.326548  ::  [-0.5540715456008911, -0.07077710330486298, 0.055467937141656876]
0.9846986609655122  ::  2.342124  ::  [-0.5226387977600098, -0.07131753861904144, 0.05546966940164566]
0.9846986609655122  ::  2.357534  ::  [-0.5121637582778931, -0.07149721682071686, 0.05547017231583595]
0.9852952353008305  ::  2.373492  ::  [-0.4912106990814209, -0.07185864448547363, 0.05546804517507553]
0.9889838576177548  ::  2.389577  ::  [-0.4597893953323364, -0.07239985466003418, 0.05546543002128601]
0.9889838576177548  ::  2.405536  ::  [-0.4283612072467804, -0.07294128090143204, 0.0554676279425621]
0.9871900791869801  ::  2.421492  ::  [-0.39693254232406616, -0.0734812393784523, 0.05546931177377701]
0.9831398837308684  ::  2.436475  ::  [-0.3655013144016266, -0.07402156293392181, 0.05546881631016731]
0.9845834015232683  ::  2.452188  ::  [-0.3340778350830078, -0.07456322759389877, 0.055465713143348694]
0.9886900527617384  ::  2.467673  ::  [-0.30265459418296814, -0.0751054584980011, 0.055466700345277786]
0.9889427697610289  ::  2.483654  ::  [-0.28169551491737366, -0.0754653811454773, 0.05546848475933075]
0.9848899062622726  ::  2.499377  ::  [-0.2502706050872803, -0.07600510120391846, 0.05546943470835686]
0.9831152310168328  ::  2.514592  ::  [-0.21883416175842285, -0.07654643058776855, 0.055465880781412125]
0.9852713296387354  ::  2.529552  ::  [-0.19789516925811768, -0.07690774649381638, 0.055466122925281525]
0.988564761479151  ::  2.545118  ::  [-0.16646991670131683, -0.07744897902011871, 0.05546737089753151]
0.988564761479151  ::  2.56107  ::  [-0.1455172896385193, -0.07780911028385162, 0.05546834319829941]
0.9827984809940735  ::  2.577031  ::  [-0.12456344068050385, -0.07816906273365021, 0.05546936020255089]
0.985757873895393  ::  2.592277  ::  [-0.09313520789146423, -0.07870982587337494, 0.055467844009399414]
0.985757873895393  ::  2.60721  ::  [-0.06171248480677605, -0.07925114035606384, 0.05546516925096512]
0.9884769295152929  ::  2.622934  ::  [-0.04075836390256882, -0.0796128585934639, 0.05546657368540764]
0.984952658625272  ::  2.63889  ::  [-0.009327905252575874, -0.08015178889036179, 0.055467765778303146]
0.984952658625272  ::  2.654736  ::  [0.011621654033660889, -0.08051080256700516, 0.05546822398900986]
0.9782503220587855  ::  2.670726  ::  [0.043061185628175735, -0.08105547726154327, 0.05547071993350983]
0.9868371505059609  ::  2.685865  ::  [0.07447110116481781, -0.08159073442220688, 0.05546092242002487]
0.9868371505059609  ::  2.701822  ::  [0.10590021312236786, -0.08213508129119873, 0.05546636879444122]
0.9974384578714669  ::  2.716782  ::  [0.12682633101940155, -0.08253569900989532, 0.055424194782972336]
0.9974384578714669  ::  2.732562  ::  [0.15826889872550964, -0.08304731547832489, 0.05546209588646889]
1.0024668644827714  ::  2.748715  ::  [0.18969666957855225, -0.08359213918447495, 0.05546475201845169]
1.003028647542005  ::  2.764195  ::  [0.2211204320192337, -0.08414186537265778, 0.055464331060647964]
1.003028647542005  ::  2.780152  ::  [0.24208244681358337, -0.08450624346733093, 0.05546576529741287]
0.9968685639625939  ::  2.796128  ::  [0.27351078391075134, -0.0850527286529541, 0.055468033999204636]
1.0003276278903823  ::  2.812067  ::  [0.3049391806125641, -0.08560445159673691, 0.05546504631638527]
1.0003276278903823  ::  2.828043  ::  [0.33635830879211426, -0.08615244925022125, 0.05546421930193901]
1.0017495878982143  ::  2.843746  ::  [0.34682852029800415, -0.08633530139923096, 0.055464308708906174]
1.0026952489331438  ::  2.859703  ::  [0.3782581686973572, -0.08688327670097351, 0.055466435849666595]
1.0001083147850014  ::  2.875689  ::  [0.39921295642852783, -0.08724875748157501, 0.05546727031469345]
0.9968096535810026  ::  2.891791  ::  [0.43064039945602417, -0.08779804408550262, 0.05546577274799347]
1.003105273726756  ::  2.907305  ::  [0.46206340193748474, -0.08834709227085114, 0.05546441674232483]
1.0011259062496276  ::  2.922794  ::  [0.5249214768409729, -0.08944319188594818, 0.05546673759818077]
0.9981395127567453  ::  2.938751  ::  [0.5249214768409729, -0.08944319188594818, 0.05546673759818077]
0.9981395127567453  ::  2.953663  ::  [0.545872151851654, -0.08980867266654968, 0.055466897785663605]
0.9975726070556342  ::  2.969595  ::  [0.5772985816001892, -0.09035758674144745, 0.055464304983615875]
1.0017271763400002  ::  2.985553  ::  [0.6087194681167603, -0.09090656787157059, 0.055462393909692764]
1.0030386793823485  ::  3.00151  ::  [0.6401505470275879, -0.09145569056272507, 0.05546724796295166]
0.9971732544326  ::  3.016501  ::  [0.671593189239502, -0.09200352430343628, 0.05546676740050316]
0.9971732544326  ::  3.031465  ::  [0.7030103206634521, -0.09255176782608032, 0.055464476346969604]
0.9993242304126251  ::  3.047239  ::  [0.7239670753479004, -0.09291858971118927, 0.055462248623371124]
1.0009281509288146  ::  3.063133  ::  [0.734429657459259, -0.09310226887464523, 0.05546202138066292]
1.0032817914281187  ::  3.078346  ::  [0.7658678293228149, -0.09365002810955048, 0.055465180426836014]
0.9971343010099898  ::  3.094297  ::  [0.797293484210968, -0.09419737011194229, 0.0554664321243763]
0.9971343010099898  ::  3.10926  ::  [0.8287248611450195, -0.09474651515483856, 0.05546469986438751]
1.0029569305557198  ::  3.125341  ::  [0.8496633172035217, -0.09511224925518036, 0.05546186864376068]
1.0029569305557198  ::  3.141298  ::  [0.8810907006263733, -0.09566289186477661, 0.05546418949961662]
1.002488528989045  ::  3.157392  ::  [0.9125301837921143, -0.09620941430330276, 0.05546453967690468]
0.9981698217211872  ::  3.173349  ::  [0.9439513683319092, -0.096758171916008, 0.05546647310256958]
1.0022357052680488  ::  3.189308  ::  [0.9753842949867249, -0.09730909764766693, 0.05546147748827934]
1.0022357052680488  ::  3.205265  ::  [1.0068063735961914, -0.09785899519920349, 0.05546260252594948]
1.0033802955625548  ::  3.221376  ::  [1.0277503728866577, -0.09822367876768112, 0.05546551197767258]
0.9986361955754521  ::  3.237005  ::  [1.0487052202224731, -0.09858865290880203, 0.05546664446592331]
0.9986361955754521  ::  3.252942  ::  [1.0696574449539185, -0.0989539846777916, 0.05546541139483452]
0.997547314011364  ::  3.268921  ::  [1.1010843515396118, -0.09950362145900726, 0.055463794618844986]
1.0001598613688938  ::  3.284882  ::  [1.1220322847366333, -0.09986995160579681, 0.05546318367123604]
1.0027554399752046  ::  3.30084  ::  [1.1429839134216309, -0.10023555159568787, 0.0554618164896965]
1.0027554399752046  ::  3.316838  ::  [1.1744163036346436, -0.10078476369380951, 0.055466290563344955]
0.9981823081607636  ::  3.332534  ::  [1.2058489322662354, -0.10133212059736252, 0.05546586588025093]
0.9979588329088572  ::  3.347555  ::  [1.2372735738754272, -0.1018809899687767, 0.055463530123233795]
1.0006703112876465  ::  3.36354  ::  [1.2582149505615234, -0.10224699974060059, 0.055462803691625595]
1.0038223368679016  ::  3.378497  ::  [1.28964364528656, -0.10279607027769089, 0.05546415597200394]
1.002249365646389  ::  3.394465  ::  [1.310604453086853, -0.10316120833158493, 0.055464453995227814]
0.9975230881841516  ::  3.410496  ::  [1.3315500020980835, -0.10352646559476852, 0.05546560138463974]
1.0000691479189796  ::  3.426417  ::  [1.3525015115737915, -0.10389375686645508, 0.055464230477809906]
1.0000691479189796  ::  3.442375  ::  [1.3839244842529297, -0.10444299131631851, 0.05546221882104874]
1.0037099589117138  ::  3.458332  ::  [1.4048738479614258, -0.10480947047472, 0.05546269193291664]
1.0037099589117138  ::  3.474311  ::  [1.4258323907852173, -0.10517530888319016, 0.05546378716826439]
0.9977880781796069  ::  3.490247  ::  [1.4572608470916748, -0.10572313517332077, 0.05546649172902107]
0.9980133677005116  ::  3.505382  ::  [1.4782235622406006, -0.10608921200037003, 0.05546445772051811]
1.0021541698848317  ::  3.520764  ::  [1.4991601705551147, -0.10645566880702972, 0.05546357482671738]
1.0021541698848317  ::  3.536722  ::  [1.5305824279785156, -0.10700482130050659, 0.05546237528324127]
1.003607399352458  ::  3.552679  ::  [1.551532506942749, -0.10737162828445435, 0.055463116616010666]
0.9972037768404535  ::  3.568636  ::  [1.5829721689224243, -0.1079179048538208, 0.055465277284383774]
0.9996350040198607  ::  3.584594  ::  [1.6143964529037476, -0.10846725106239319, 0.05546337738633156]
1.0033615125423374  ::  3.599558  ::  [1.6458278894424438, -0.10901769995689392, 0.05546272546052933]
1.0033615125423374  ::  3.615511  ::  [1.6772420406341553, -0.10956673324108124, 0.05546369031071663]
0.9971762426403619  ::  3.630498  ::  [1.7086732387542725, -0.11011344939470291, 0.0554657056927681]
0.9985547669139408  ::  3.646428  ::  [1.7401018142700195, -0.11066246777772903, 0.055464744567871094]
1.0030740042669621  ::  3.662385  ::  [1.7715280055999756, -0.11121213436126709, 0.055463723838329315]
1.0030740042669621  ::  3.678343  ::  [1.8029577732086182, -0.1117626428604126, 0.055461861193180084]
0.9978301265316848  ::  3.693303  ::  [1.8343806266784668, -0.11230916529893875, 0.055464718490839005]
0.997716254471616  ::  3.708263  ::  [1.8658101558685303, -0.11285679042339325, 0.055465325713157654]
0.997716254471616  ::  3.72422  ::  [1.8972374200820923, -0.11340615153312683, 0.05546385794878006]
1.0006366939503253  ::  3.740177  ::  [1.918189287185669, -0.11377277970314026, 0.055461812764406204]
0.9998550641771821  ::  3.755349  ::  [1.9496108293533325, -0.11432089656591415, 0.055464230477809906]
0.9969347314201785  ::  3.771397  ::  [1.9810491800308228, -0.11486736685037613, 0.05546453595161438]
0.9999038359967242  ::  3.786348  ::  [2.0124828815460205, -0.11541727930307388, 0.05546267330646515]
1.0032689848234249  ::  3.802307  ::  [2.0438947677612305, -0.11596760153770447, 0.05546223372220993]
1.0032689848234249  ::  3.818264  ::  [2.0753188133239746, -0.11651533842086792, 0.05546267703175545]
0.998134283393162  ::  3.83422  ::  [2.1067543029785156, -0.11706280708312988, 0.05546482279896736]
0.9977777261741462  ::  3.850178  ::  [2.1277031898498535, -0.11742960661649704, 0.05546523258090019]
0.9977777261741462  ::  3.866136  ::  [2.1591286659240723, -0.11797840893268585, 0.05546269565820694]
1.0017921698588212  ::  3.882093  ::  [2.1905529499053955, -0.11852733045816422, 0.0554618313908577]
0.9999475918960946  ::  3.89805  ::  [2.211505889892578, -0.1188921332359314, 0.055463310331106186]
0.9967153115930918  ::  3.914008  ::  [2.2743635177612305, -0.11998943984508514, 0.05546426773071289]
0.9995226260636728  ::  3.929964  ::  [2.2743635177612305, -0.11998943984508514, 0.05546426773071289]
1.0030709093374945  ::  3.944925  ::  [2.3057851791381836, -0.12053870409727097, 0.05546164512634277]
1.0023619570459883  ::  3.959885  ::  [2.337212324142456, -0.1210862547159195, 0.05546201765537262]
0.9981306548551654  ::  3.975842  ::  [2.358163833618164, -0.12145116925239563, 0.05546403303742409]
0.9972106070296235  ::  3.991799  ::  [2.389608383178711, -0.12199917435646057, 0.05546433478593826]
0.9972106070296235  ::  4.007784  ::  [2.4210205078125, -0.12254923582077026, 0.05546347051858902]
1.0014076515528907  ::  4.023733  ::  [2.4524435997009277, -0.12309879809617996, 0.055462002754211426]
1.0027208621425314  ::  4.039677  ::  [2.4838719367980957, -0.12364695221185684, 0.055464260280132294]
0.9969936418017699  ::  4.054922  ::  [2.5153026580810547, -0.12419462203979492, 0.05546439439058304]
0.9992155877161396  ::  4.070249  ::  [2.546729564666748, -0.12474337220191956, 0.05546323210000992]
1.0021055047869956  ::  4.086207  ::  [2.567680835723877, -0.12510932981967926, 0.0554608553647995]
1.0031324877617305  ::  4.102165  ::  [2.5886387825012207, -0.1254751980304718, 0.05545949935913086]
1.0011087240549967  ::  4.118211  ::  [2.630535840988159, -0.12620531022548676, 0.05546540766954422]
0.9981374850443354  ::  4.134188  ::  [2.630535840988159, -0.12620531022548676, 0.05546540766954422]
0.9981374850443354  ::  4.150153  ::  [2.6514999866485596, -0.12657038867473602, 0.05546316131949425]
0.9985783524109186  ::  4.166108  ::  [2.6933884620666504, -0.12730295956134796, 0.05546198785305023]
1.002355233578524  ::  4.182068  ::  [2.7248125076293945, -0.12785321474075317, 0.055461276322603226]
1.002355233578524  ::  4.198036  ::  [2.7562437057495117, -0.12840038537979126, 0.05546429008245468]
0.9978747362047015  ::  4.213994  ::  [2.787675380706787, -0.12894892692565918, 0.05546289682388306]
0.9976710044683647  ::  4.229937  ::  [2.819108009338379, -0.12949874997138977, 0.05545972287654877]
1.0018309098380198  ::  4.245897  ::  [2.8505332469940186, -0.13004808127880096, 0.0554608479142189]
1.0013307052030223  ::  4.261851  ::  [2.8924314975738525, -0.1307775378227234, 0.05546455830335617]
0.9973571359316614  ::  4.277811  ::  [2.9238574504852295, -0.13132531940937042, 0.05546488240361214]
0.9984094119506666  ::  4.293766  ::  [2.9552831649780273, -0.13187570869922638, 0.055462948977947235]
1.0020907771915977  ::  4.309726  ::  [2.9867048263549805, -0.13242508471012115, 0.05546138435602188]
0.9980331112160812  ::  4.325694  ::  [3.0181357860565186, -0.13297274708747864, 0.05546518415212631]
0.9980331112160812  ::  4.34164  ::  [3.0495681762695312, -0.13351945579051971, 0.05546510964632034]
0.9982867887107236  ::  4.357596  ::  [3.0809919834136963, -0.1340712159872055, 0.05546274036169052]
1.003509642269962  ::  4.373553  ::  [3.1229026317596436, -0.13480423390865326, 0.05546148493885994]
0.9977925604912498  ::  4.38952  ::  [3.1543312072753906, -0.13535065948963165, 0.05546397343277931]
0.9977925604912498  ::  4.404457  ::  [3.185753345489502, -0.1358979046344757, 0.055464908480644226]
0.9983751542831107  ::  4.419416  ::  [3.217176914215088, -0.13644815981388092, 0.055462561547756195]
0.9996266797268097  ::  4.434965  ::  [3.227649211883545, -0.13663123548030853, 0.05546104907989502]
1.0026235319468586  ::  4.450308  ::  [3.2486014366149902, -0.13699659705162048, 0.0554637536406517]
0.9977706825415645  ::  4.466265  ::  [3.2905080318450928, -0.13772806525230408, 0.055466532707214355]
0.9977706825415645  ::  4.482218  ::  [3.3219356536865234, -0.13827821612358093, 0.05546388030052185]
1.0038268191795445  ::  4.498176  ::  [3.353360176086426, -0.13882750272750854, 0.05546281114220619]
1.0038268191795445  ::  4.514108  ::  [3.384791374206543, -0.1393774151802063, 0.05546296760439873]
1.0026866044749754  ::  4.530064  ::  [3.416219711303711, -0.13992425799369812, 0.055467404425144196]
1.0011018938658267  ::  4.54602  ::  [3.426692485809326, -0.1401074081659317, 0.05546622723340988]
0.9981836955429387  ::  4.561249  ::  [3.4476449489593506, -0.14047323167324066, 0.05546659231185913]
0.9985973488745477  ::  4.576209  ::  [3.4790687561035156, -0.14102353155612946, 0.05546364560723305]
