1.4562931276338622  ::  0.015959  ::  [-4.525009632110596, -2.9389837436610833e-05, 0.05546623840928078]
1.4562931276338622  ::  0.031915  ::  [-4.52501106262207, -2.9465791158145294e-05, 0.05546623468399048]
1.3257018316939226  ::  0.047872  ::  [-4.529882907867432, 0.00012486382911447436, 0.06081517040729523]
1.0732182327739948  ::  0.063829  ::  [-4.542126655578613, 0.0009884012397378683, 0.07019586861133575]
1.0732182327739948  ::  0.079034  ::  [-4.52877140045166, 0.0005553997470997274, 0.05944602191448212]
1.2167847537028431  ::  0.094433  ::  [-4.49200963973999, -0.0003630195278674364, 0.061562635004520416]
1.056589923796187  ::  0.110119  ::  [-4.441674709320068, -0.001416512532159686, 0.06416566669940948]
0.5440857722897813  ::  0.126044  ::  [-4.375967025756836, -0.0025465197395533323, 0.055812884122133255]
0.5440857722897813  ::  0.142037  ::  [-4.375967025756836, -0.0025465197395533323, 0.055812884122133255]
0.4428548982707876  ::  0.158038  ::  [-4.362331390380859, -0.0026722431648522615, 0.057675234973430634]
0.4428548982707876  ::  0.173965  ::  [-4.349878311157227, -0.002791124163195491, 0.056169040501117706]
0.47006599839814817  ::  0.189918  ::  [-4.321986198425293, -0.003000750904902816, 0.05619480460882187]
0.5107770207808918  ::  0.20591  ::  [-4.298421859741211, -0.0031963814981281757, 0.05570526421070099]
0.5107770207808918  ::  0.221861  ::  [-4.274097919464111, -0.003391209291294217, 0.05547001212835312]
0.5122590651090788  ::  0.237398  ::  [-4.264641761779785, -0.003474251599982381, 0.0556851327419281]
0.5119548015258959  ::  0.252363  ::  [-4.231880187988281, -0.0036837677471339703, 0.055507563054561615]
0.5118700111306526  ::  0.268317  ::  [-4.200146675109863, -0.0039670104160904884, 0.055470310151576996]
0.5099892011488132  ::  0.283276  ::  [-4.168718338012695, -0.004249925259500742, 0.05546771362423897]
0.5138281409883305  ::  0.299233  ::  [-4.13729190826416, -0.004532978869974613, 0.05546597018837929]
0.5159294913751673  ::  0.31519  ::  [-4.10585880279541, -0.004813026171177626, 0.055469103157520294]
0.5124505772101037  ::  0.33112  ::  [-4.074427127838135, -0.005092981271445751, 0.055470600724220276]
0.5126187706184152  ::  0.347077  ::  [-4.04299783706665, -0.005374799482524395, 0.055467527359724045]
0.5158389380078118  ::  0.363158  ::  [-4.011570453643799, -0.0056571317836642265, 0.055466778576374054]
0.513686841449876  ::  0.378054  ::  [-3.980140447616577, -0.005938278511166573, 0.0554686039686203]
0.5100727108835872  ::  0.393053  ::  [-3.9487056732177734, -0.006218364462256432, 0.05547086149454117]
0.5119803613744306  ::  0.408973  ::  [-3.9172675609588623, -0.006499832030385733, 0.05546923354268074]
0.5119803613744306  ::  0.424953  ::  [-3.885845899581909, -0.006782866083085537, 0.05546551197767258]
0.5146781793748798  ::  0.440922  ::  [-3.8648953437805176, -0.006970694754272699, 0.05546678230166435]
0.5153125865548976  ::  0.456872  ::  [-3.833463668823242, -0.007250468246638775, 0.05546937510371208]
0.5128434731699381  ::  0.472829  ::  [-3.812500238418579, -0.0074376799166202545, 0.05547044798731804]
0.5099445381149437  ::  0.488757  ::  [-3.770599126815796, -0.007813415490090847, 0.05546710640192032]
0.5156765609324653  ::  0.504715  ::  [-3.7391719818115234, -0.008095841854810715, 0.05546534061431885]
0.5156765609324653  ::  0.519675  ::  [-3.707740306854248, -0.008376436308026314, 0.05546865239739418]
0.5119028280551804  ::  0.535195  ::  [-3.676299571990967, -0.008656991645693779, 0.05546983331441879]
0.5094270979244623  ::  0.550428  ::  [-3.644874334335327, -0.008938154205679893, 0.05546718090772629]
0.5128938458150669  ::  0.566378  ::  [-3.613447666168213, -0.00922071747481823, 0.05546670779585838]
0.5155895293814005  ::  0.581338  ::  [-3.5820200443267822, -0.009501853957772255, 0.055467333644628525]
0.5112996903349565  ::  0.597295  ::  [-3.540109395980835, -0.009875014424324036, 0.05546902120113373]
0.5096558025399519  ::  0.613118  ::  [-3.5086770057678223, -0.010156967677175999, 0.05546777695417404]
0.5155437991304731  ::  0.628226  ::  [-3.47724986076355, -0.0104393120855093, 0.05546530708670616]
0.5155437991304731  ::  0.644143  ::  [-3.445812702178955, -0.010720392689108849, 0.05546879023313522]
0.5093664266347255  ::  0.659585  ::  [-3.414381980895996, -0.010999919846653938, 0.055470842868089676]
0.5093664266347255  ::  0.674772  ::  [-3.382941722869873, -0.011281508021056652, 0.05546661093831062]
0.512685258241117  ::  0.690759  ::  [-3.3515257835388184, -0.01156353298574686, 0.05546649545431137]
0.515377846877983  ::  0.705717  ::  [-3.320096731185913, -0.011845148168504238, 0.05546821653842926]
0.509353513308326  ::  0.721128  ::  [-3.2781827449798584, -0.012218298390507698, 0.05547027662396431]
0.509353513308326  ::  0.737078  ::  [-3.246753215789795, -0.012499356642365456, 0.055467404425144196]
0.5114841588033997  ::  0.753035  ::  [-3.225788116455078, -0.012687313370406628, 0.05546528846025467]
0.5151403910826192  ::  0.768656  ::  [-3.1838948726654053, -0.013062402606010437, 0.05546870082616806]
0.50883783402599  ::  0.784655  ::  [-3.1524598598480225, -0.01334161777049303, 0.05547023192048073]
0.5119185161459302  ::  0.800613  ::  [-3.121030569076538, -0.013623176142573357, 0.05546760559082031]
0.5119185161459302  ::  0.816599  ::  [-3.089604616165161, -0.013905396685004234, 0.055464889854192734]
0.5152567711027739  ::  0.832694  ::  [-3.058173179626465, -0.014186613261699677, 0.05546799302101135]
0.5111001207451452  ::  0.848139  ::  [-3.0162508487701416, -0.014559249393641949, 0.05546766519546509]
0.5111059370781103  ::  0.864061  ::  [-2.9848263263702393, -0.014840276911854744, 0.055467668920755386]
0.5138500722988687  ::  0.880018  ::  [-2.9638798236846924, -0.015029439702630043, 0.05546638369560242]
0.5150313214993106  ::  0.895975  ::  [-2.9429264068603516, -0.01521659828722477, 0.05546639487147331]
0.5150313214993106  ::  0.911934  ::  [-2.9219703674316406, -0.01540345698595047, 0.05546800419688225]
0.510300828529695  ::  0.92789  ::  [-2.890531301498413, -0.015682455152273178, 0.05547008663415909]
0.508747494102046  ::  0.943847  ::  [-2.880059003829956, -0.01577627658843994, 0.05547049641609192]
0.508747494102046  ::  0.959804  ::  [-2.859102487564087, -0.01596343144774437, 0.055468134582042694]
0.5112327224645786  ::  0.975797  ::  [-2.8276774883270264, -0.016246464103460312, 0.0554654486477375]
0.5145041162727503  ::  0.991754  ::  [-2.796245813369751, -0.016526715829968452, 0.05546770617365837]
0.5083294118196472  ::  1.007712  ::  [-2.764805316925049, -0.016805704683065414, 0.05546937882900238]
0.5102367421453733  ::  1.023634  ::  [-2.733372449874878, -0.017086049541831017, 0.0554683580994606]
0.5141337385928357  ::  1.039591  ::  [-2.7019572257995605, -0.017368188127875328, 0.05546627566218376]
0.5141337385928357  ::  1.055685  ::  [-2.670522689819336, -0.017648810520768166, 0.055467601865530014]
0.509831519828521  ::  1.071779  ::  [-2.649573564529419, -0.017835140228271484, 0.05546935647726059]
0.509831519828521  ::  1.086967  ::  [-2.6181254386901855, -0.01811431720852852, 0.05546886846423149]
0.5091660032712679  ::  1.102896  ::  [-2.5762336254119873, -0.018489670008420944, 0.05546632409095764]
0.5134025881865271  ::  1.118854  ::  [-2.544804334640503, -0.018770793452858925, 0.05546741932630539]
0.5132772969039396  ::  1.134234  ::  [-2.513371706008911, -0.019049879163503647, 0.05546994134783745]
0.5085137202055318  ::  1.150164  ::  [-2.481938123703003, -0.0193293746560812, 0.055470068007707596]
0.5085137202055318  ::  1.165963  ::  [-2.4505090713500977, -0.019610853865742683, 0.055467262864112854]
0.5138036483568538  ::  1.18192  ::  [-2.4295482635498047, -0.019798491150140762, 0.055465005338191986]
0.5127923534728687  ::  1.197482  ::  [-2.4086060523986816, -0.019985780119895935, 0.05546686798334122]
0.5127923534728687  ::  1.212813  ::  [-2.3771708011627197, -0.02026492729783058, 0.05546991899609566]
0.5088449843802774  ::  1.227773  ::  [-2.3457367420196533, -0.020544709637761116, 0.05546940118074417]
0.5088449843802774  ::  1.243758  ::  [-2.3143086433410645, -0.020825425162911415, 0.055466506630182266]
0.513046137689217  ::  1.259856  ::  [-2.2828762531280518, -0.02110668644309044, 0.05546630546450615]
0.5134599511033846  ::  1.275785  ::  [-2.251451015472412, -0.02138582244515419, 0.05546886473894119]
0.5083598808666477  ::  1.291742  ::  [-2.220013380050659, -0.021665530279278755, 0.05547048896551132]
0.5083598808666477  ::  1.307699  ::  [-2.1885857582092285, -0.021946385502815247, 0.05546720698475838]
0.5143790917944273  ::  1.32266  ::  [-2.157160997390747, -0.022228306159377098, 0.055465780198574066]
0.5106115487760777  ::  1.33762  ::  [-2.1257147789001465, -0.022507665678858757, 0.05546782165765762]
0.50851553447453  ::  1.352756  ::  [-2.094291925430298, -0.022787321358919144, 0.05546984076499939]
0.5121321196400518  ::  1.368721  ::  [-2.0628602504730225, -0.02306952141225338, 0.05546710267663002]
0.5143973945669689  ::  1.383653  ::  [-2.0314345359802246, -0.0233501885086298, 0.055466264486312866]
0.5143973945669689  ::  1.398927  ::  [-2.000004529953003, -0.023630298674106598, 0.05546799674630165]
0.5111238129638287  ::  1.414952  ::  [-1.9685698747634888, -0.023909930139780045, 0.05547037348151207]
0.5079827797192691  ::  1.430882  ::  [-1.937131404876709, -0.0241905078291893, 0.05546785891056061]
0.5142168214407866  ::  1.446985  ::  [-1.905712604522705, -0.024472244083881378, 0.05546646565198898]
0.5116837817540639  ::  1.462978  ::  [-1.8742831945419312, -0.024752680212259293, 0.05546792969107628]
0.5082587620504199  ::  1.479072  ::  [-1.8428484201431274, -0.02503153681755066, 0.05546974763274193]
0.5082587620504199  ::  1.495169  ::  [-1.8114168643951416, -0.02531183324754238, 0.05546904355287552]
0.514290832943746  ::  1.511098  ::  [-1.7380712032318115, -0.02596750482916832, 0.05546792596578598]
0.5112348035378413  ::  1.527055  ::  [-1.7380712032318115, -0.02596750482916832, 0.05546792596578598]
0.5112348035378413  ::  1.543048  ::  [-1.7066453695297241, -0.026246502995491028, 0.0554703064262867]
0.5080796830281186  ::  1.559004  ::  [-1.6752142906188965, -0.026526812463998795, 0.05546789616346359]
0.5143696469234657  ::  1.574955  ::  [-1.633313775062561, -0.0269028153270483, 0.05546589568257332]
0.5134857243953308  ::  1.590885  ::  [-1.6123566627502441, -0.02708621695637703, 0.055463869124650955]
0.5134857243953308  ::  1.606866  ::  [-1.591402530670166, -0.027275457978248596, 0.055469393730163574]
0.5105569606235705  ::  1.622827  ::  [-1.5704447031021118, -0.02746129035949707, 0.05547047033905983]
0.5081940353358634  ::  1.637787  ::  [-1.5494897365570068, -0.027648264542222023, 0.05546898394823074]
0.5137969782502424  ::  1.652819  ::  [-1.5180609226226807, -0.02792980708181858, 0.05546632036566734]
0.5137969782502424  ::  1.668577  ::  [-1.4866342544555664, -0.028210747987031937, 0.05546703189611435]
0.512742887962239  ::  1.684582  ::  [-1.4551951885223389, -0.0284898541867733, 0.05546864867210388]
0.5088738526016913  ::  1.700615  ::  [-1.4237678050994873, -0.02876947820186615, 0.05546965077519417]
0.5088738526016913  ::  1.715827  ::  [-1.3923417329788208, -0.02905062958598137, 0.055466219782829285]
0.5135612833630241  ::  1.731282  ::  [-1.3609130382537842, -0.029332051053643227, 0.05546692758798599]
0.5135612833630241  ::  1.747244  ::  [-1.3294709920883179, -0.029611870646476746, 0.05546886473894119]
0.5092062373543476  ::  1.763228  ::  [-1.2980462312698364, -0.0298908744007349, 0.05546984076499939]
0.5078780857258974  ::  1.779185  ::  [-1.2770931720733643, -0.030077779665589333, 0.055467694997787476]
0.5135389785265158  ::  1.795112  ::  [-1.256141185760498, -0.030265983194112778, 0.0554666630923748]
0.5128638570157423  ::  1.81107  ::  [-1.2247134447097778, -0.030546795576810837, 0.055467113852500916]
0.5128638570157423  ::  1.827085  ::  [-1.193278193473816, -0.03082595393061638, 0.05547000840306282]
0.5084635610038145  ::  1.843152  ::  [-1.1618449687957764, -0.031105171889066696, 0.05546887218952179]
0.5085685218014505  ::  1.85918  ::  [-1.1304168701171875, -0.03138710558414459, 0.05546625703573227]
0.5127792267030576  ::  1.874363  ::  [-1.0989893674850464, -0.03166747838258743, 0.055466149002313614]
0.5120835612639212  ::  1.88935  ::  [-1.0570768117904663, -0.0320400670170784, 0.05546984076499939]
0.508814408611571  ::  1.904822  ::  [-1.0256454944610596, -0.03232023864984512, 0.05546896532177925]
0.5130626795536132  ::  1.920829  ::  [-0.9942187070846558, -0.032601065933704376, 0.055466607213020325]
0.5130626795536132  ::  1.936566  ::  [-0.962792158126831, -0.032882124185562134, 0.055466778576374054]
0.5097321619204386  ::  1.952067  ::  [-0.9313580989837646, -0.03316061943769455, 0.0554688423871994]
0.5097321619204386  ::  1.967236  ::  [-0.9103994369506836, -0.03334673494100571, 0.05547032505273819]
0.5126376603603385  ::  1.983136  ::  [-0.86849445104599, -0.033721260726451874, 0.05546722561120987]
0.5126376603603385  ::  1.999063  ::  [-0.8370676636695862, -0.03400273621082306, 0.05546588450670242]
0.5093223505702378  ::  2.01502  ::  [-0.8056353330612183, -0.03428211063146591, 0.0554688535630703]
0.5093223505702378  ::  2.031015  ::  [-0.774201512336731, -0.0345609076321125, 0.05547003448009491]
0.5118963180311277  ::  2.046936  ::  [-0.7427719831466675, -0.03484172374010086, 0.05546727031469345]
0.5118963180311277  ::  2.062626  ::  [-0.7113467454910278, -0.03512324020266533, 0.055466178804636]
0.5131787927695034  ::  2.078608  ::  [-0.7008697390556335, -0.03521699085831642, 0.055466484278440475]
0.5100940552247435  ::  2.094533  ::  [-0.6799127459526062, -0.03540235385298729, 0.055468566715717316]
0.507495915297494  ::  2.110518  ::  [-0.6484792232513428, -0.03568170592188835, 0.05546936020255089]
0.5108547141827007  ::  2.126477  ::  [-0.6170486211776733, -0.035962775349617004, 0.05546753853559494]
0.5137745133311754  ::  2.142425  ::  [-0.585623025894165, -0.036243606358766556, 0.0554654598236084]
0.5137745133311754  ::  2.158383  ::  [-0.5541919469833374, -0.03652358800172806, 0.055467475205659866]
0.5092427361777249  ::  2.1736  ::  [-0.5122675895690918, -0.036896031349897385, 0.05546765774488449]
0.507588282933848  ::  2.188557  ::  [-0.4808460474014282, -0.03717634454369545, 0.05546712875366211]
0.5114304244245388  ::  2.20431  ::  [-0.449420690536499, -0.03745711222290993, 0.055465735495090485]
0.5135506645532988  ::  2.219441  ::  [-0.417991578578949, -0.03773706033825874, 0.05546870455145836]
0.5100495522734326  ::  2.235369  ::  [-0.3865585923194885, -0.03801534324884415, 0.055469363927841187]
0.5104775063136162  ::  2.251327  ::  [-0.3551253378391266, -0.038295723497867584, 0.05546773970127106]
0.5135967683301964  ::  2.267319  ::  [-0.3237006664276123, -0.038578100502491, 0.055465709418058395]
0.5135967683301964  ::  2.283343  ::  [-0.2922716438770294, -0.03885732963681221, 0.0554676428437233]
0.5109460146019967  ::  2.299271  ::  [-0.2608356773853302, -0.03913567215204239, 0.055469661951065063]
0.5075283053351988  ::  2.315227  ::  [-0.2189294546842575, -0.039510343223810196, 0.05546707287430763]
0.5135121913783646  ::  2.331185  ::  [-0.18749067187309265, -0.039791155606508255, 0.055464331060647964]
0.5135121913783646  ::  2.347142  ::  [-0.15606001019477844, -0.04007114842534065, 0.05546688660979271]
0.5102068600677544  ::  2.363224  ::  [-0.12463575601577759, -0.040349699556827545, 0.055469196289777756]
0.5101397321148179  ::  2.37822  ::  [-0.09320567548274994, -0.04063008725643158, 0.05546708032488823]
0.5101397321148179  ::  2.394176  ::  [-0.061773885041475296, -0.04091120511293411, 0.0554654523730278]
0.5134756391941344  ::  2.409137  ::  [-0.03034723922610283, -0.04119066148996353, 0.055466920137405396]
0.5543387933684696  ::  2.425118  ::  [0.011557248421013355, -0.04155377671122551, 0.055451929569244385]
0.5543387933684696  ::  2.440189  ::  [0.021913211792707443, -0.041545264422893524, 0.05535073205828667]
0.5489952375599924  ::  2.45515  ::  [0.04308777302503586, -0.041885413229465485, 0.055465735495090485]
0.5576733664264638  ::  2.471107  ::  [0.07449403405189514, -0.042214199900627136, 0.055438850075006485]
0.5576733664264638  ::  2.4871  ::  [0.1059175580739975, -0.042520858347415924, 0.05543706193566322]
0.5523475797819993  ::  2.50307  ::  [0.13737618923187256, -0.04279014840722084, 0.05546749383211136]
0.5519571917822508  ::  2.519028  ::  [0.1688082069158554, -0.04309400916099548, 0.05546607822179794]
0.5554065440348129  ::  2.534451  ::  [0.20024633407592773, -0.04339895397424698, 0.055463798344135284]
0.5554065440348129  ::  2.550436  ::  [0.24214589595794678, -0.043802324682474136, 0.05546555668115616]
0.5533195477174039  ::  2.566383  ::  [0.26309821009635925, -0.04400365799665451, 0.055468253791332245]
0.552651416478359  ::  2.582327  ::  [0.29453134536743164, -0.04430645704269409, 0.05546753108501434]
0.5551469434854995  ::  2.598332  ::  [0.33643725514411926, -0.0447128564119339, 0.055462904274463654]
0.5551469434854995  ::  2.614362  ::  [0.3573859632015228, -0.04491341859102249, 0.055464886128902435]
0.5540452553167177  ::  2.63029  ::  [0.38881996273994446, -0.045215994119644165, 0.05546804517507553]
0.5517371316249294  ::  2.646247  ::  [0.4307335615158081, -0.045618828386068344, 0.05546502768993378]
0.5552288523946869  ::  2.662204  ::  [0.4621545672416687, -0.045923952013254166, 0.05546342581510544]
0.5532123457639464  ::  2.678315  ::  [0.49358272552490234, -0.04622691869735718, 0.05546446889638901]
0.5491974218315954  ::  2.694386  ::  [0.5250299572944641, -0.04652882367372513, 0.05546627938747406]
0.5520067106537333  ::  2.710372  ::  [0.5564485192298889, -0.04683050513267517, 0.0554644800722599]
0.5520067106537333  ::  2.7263  ::  [0.5983512997627258, -0.04723595082759857, 0.05546319857239723]
0.5552020118856829  ::  2.741444  ::  [0.6297879219055176, -0.047539450228214264, 0.05546530336141586]
0.5523940037240143  ::  2.756642  ::  [0.6612163186073303, -0.04784088581800461, 0.05546646565198898]
0.5512692103059307  ::  2.772572  ::  [0.6926577091217041, -0.04814446344971657, 0.05546421930193901]
0.5512692103059307  ::  2.788529  ::  [0.724073052406311, -0.04844838008284569, 0.05546227842569351]
0.5534029507304721  ::  2.804524  ::  [0.7555032968521118, -0.048750586807727814, 0.055464714765548706]
0.5534029507304721  ::  2.820415  ::  [0.7869373559951782, -0.04905148223042488, 0.05546697601675987]
0.5495066479740971  ::  2.836372  ::  [0.818368673324585, -0.04935452342033386, 0.05546489357948303]
0.5495066479740971  ::  2.852336  ::  [0.839320182800293, -0.049556635320186615, 0.05546317249536514]
0.55216263106588  ::  2.867764  ::  [0.8602749109268188, -0.04976099729537964, 0.05546249821782112]
0.5543200637091049  ::  2.883846  ::  [0.8917114734649658, -0.050063811242580414, 0.05546431988477707]
0.549796770931264  ::  2.899803  ::  [0.912658154964447, -0.050264060497283936, 0.055467069149017334]
0.549796770931264  ::  2.914477  ::  [0.9440922737121582, -0.0505664125084877, 0.05546649917960167]
0.5498329495895239  ::  2.930434  ::  [0.9755202531814575, -0.050869956612586975, 0.055463481694459915]
0.554029994112791  ::  2.945649  ::  [1.0069444179534912, -0.0511741042137146, 0.055461276322603226]
0.550350016254035  ::  2.961707  ::  [1.038379430770874, -0.051476310938596725, 0.05546553432941437]
0.550350016254035  ::  2.977657  ::  [1.0698132514953613, -0.05177808180451393, 0.055466584861278534]
0.5491670061454477  ::  2.99364  ::  [1.1012431383132935, -0.052081357687711716, 0.05546315386891365]
0.5544363903684066  ::  3.009586  ::  [1.132668137550354, -0.052385587245225906, 0.055461250245571136]
0.5550371268502504  ::  3.025484  ::  [1.1431429386138916, -0.05248657613992691, 0.05546114966273308]
0.5550371268502504  ::  3.041521  ::  [1.1640996932983398, -0.05268614739179611, 0.055464185774326324]
0.552831135830895  ::  3.056473  ::  [1.1850656270980835, -0.052888572216033936, 0.05546516180038452]
0.5490220780689964  ::  3.071431  ::  [1.2164944410324097, -0.05319174379110336, 0.05546426400542259]
0.5507618553166456  ::  3.087361  ::  [1.2479159832000732, -0.053494907915592194, 0.05546232685446739]
0.5548670124512348  ::  3.103317  ::  [1.279344081878662, -0.05379901081323624, 0.055462323129177094]
0.5536506518095907  ::  3.118617  ::  [1.3107768297195435, -0.05410022661089897, 0.055465009063482285]
0.5499199277797358  ::  3.134609  ::  [1.3422130346298218, -0.05440220609307289, 0.05546591058373451]
0.5540744437032489  ::  3.150254  ::  [1.3736379146575928, -0.05470581725239754, 0.05546196550130844]
0.5540744437032489  ::  3.166203  ::  [1.4050638675689697, -0.05500989034771919, 0.05546114593744278]
0.54864428323053  ::  3.18216  ::  [1.4364980459213257, -0.05531155318021774, 0.05546494200825691]
0.54864428323053  ::  3.19823  ::  [1.4784083366394043, -0.05571436136960983, 0.05546441301703453]
0.5501113331590548  ::  3.214187  ::  [1.509836196899414, -0.05601733177900314, 0.055462270975112915]
0.5541564059732891  ::  3.230145  ::  [1.5412623882293701, -0.056320469826459885, 0.05546163395047188]
0.5532119722379761  ::  3.246138  ::  [1.5726966857910156, -0.05662212520837784, 0.055465515702962875]
0.5488098085961971  ::  3.261787  ::  [1.604130744934082, -0.05692390352487564, 0.055465660989284515]
0.5533744560350284  ::  3.276923  ::  [1.6355568170547485, -0.05722765624523163, 0.05546228960156441]
0.5533744560350284  ::  3.292881  ::  [1.6669847965240479, -0.05753069370985031, 0.05546247214078903]
0.5538077461605011  ::  3.307806  ::  [1.6984165906906128, -0.0578317753970623, 0.05546394735574722]
0.5495097962644176  ::  3.323763  ::  [1.7298521995544434, -0.05813341587781906, 0.05546603724360466]
0.5486410815793566  ::  3.33972  ::  [1.7612810134887695, -0.058437518775463104, 0.055463455617427826]
0.5527732393055086  ::  3.355794  ::  [1.7927069664001465, -0.05873948335647583, 0.055461227893829346]
0.5506677267721464  ::  3.371745  ::  [1.8241515159606934, -0.05904276296496391, 0.055463097989559174]
0.5506677267721464  ::  3.386978  ::  [1.8555775880813599, -0.059344347566366196, 0.055466633290052414]
0.5493189778544805  ::  3.40294  ::  [1.8974788188934326, -0.059749018400907516, 0.05546233803033829]
0.55355188087089  ::  3.41787  ::  [1.9289045333862305, -0.06005234643816948, 0.05546144023537636]
0.5495593684967531  ::  3.433535  ::  [1.9603369235992432, -0.06035463139414787, 0.0554642416536808]
0.5495593684967531  ::  3.448697  ::  [1.9917728900909424, -0.06065499037504196, 0.055465903133153915]
0.5482292958775989  ::  3.464441  ::  [2.0231995582580566, -0.060957856476306915, 0.05546179041266441]
0.5521791729302762  ::  3.480363  ::  [2.054628610610962, -0.06126197427511215, 0.055461667478084564]
0.5501006609884767  ::  3.49635  ::  [2.086059093475342, -0.06156345456838608, 0.055463895201683044]
0.5477921637707182  ::  3.512415  ::  [2.1174938678741455, -0.0618642121553421, 0.055465973913669586]
0.5477921637707182  ::  3.528373  ::  [2.148923873901367, -0.06216619163751602, 0.055463481694459915]
0.5540453086775706  ::  3.54433  ::  [2.1803505420684814, -0.06246952340006828, 0.055461086332798004]
0.5540453086775706  ::  3.560266  ::  [2.2117788791656494, -0.06277239322662354, 0.055462129414081573]
0.5476388046795102  ::  3.576307  ::  [2.2432169914245605, -0.06307291239500046, 0.05546563118696213]
0.5476388046795102  ::  3.59226  ::  [2.2746481895446777, -0.06337529420852661, 0.05546455830335617]
0.5538507016470781  ::  3.608218  ::  [2.3060731887817383, -0.06367954611778259, 0.05546130985021591]
0.5538507016470781  ::  3.624187  ::  [2.3375022411346436, -0.06398069858551025, 0.05546192079782486]
0.5516491395785126  ::  3.640174  ::  [2.3689353466033936, -0.06428050994873047, 0.05546485260128975]
0.5478227929002774  ::  3.656101  ::  [2.4003682136535645, -0.0645824447274208, 0.05546297878026962]
0.553573865542281  ::  3.672059  ::  [2.4317996501922607, -0.06488736718893051, 0.05546120926737785]
0.553573865542281  ::  3.688051  ::  [2.463224172592163, -0.06518827378749847, 0.05546102300286293]
0.5525099568573457  ::  3.703467  ::  [2.494656562805176, -0.06549020111560822, 0.05546440929174423]
0.5482426894516745  ::  3.719417  ::  [2.526093006134033, -0.06579066812992096, 0.055465079843997955]
0.5486155750916749  ::  3.735373  ::  [2.5575201511383057, -0.06609557569026947, 0.05546288192272186]
0.5537532647296997  ::  3.750389  ::  [2.5889458656311035, -0.06639774143695831, 0.055461324751377106]
0.551770535518839  ::  3.765349  ::  [2.60990047454834, -0.06659867614507675, 0.055462297052145004]
0.5477785033923781  ::  3.781306  ::  [2.630857467651367, -0.06679854542016983, 0.05546509474515915]
0.5490661007726313  ::  3.797291  ::  [2.662289619445801, -0.06710071861743927, 0.055463604629039764]
0.5490661007726313  ::  3.812839  ::  [2.6937167644500732, -0.06740394979715347, 0.055461056530475616]
0.5531917484747305  ::  3.828789  ::  [2.7251458168029785, -0.0677066221833229, 0.05546154826879501]
0.5527712649539517  ::  3.844784  ::  [2.756580114364624, -0.06800740957260132, 0.05546407774090767]
0.5498892452893236  ::  3.860743  ::  [2.788012742996216, -0.06831024587154388, 0.055463872849941254]
0.553843924818761  ::  3.876726  ::  [2.829916477203369, -0.06871328502893448, 0.05546175315976143]
0.5522247430986448  ::  3.892732  ::  [2.8613433837890625, -0.06901716440916061, 0.05546190217137337]
0.5522247430986448  ::  3.90869  ::  [2.8927791118621826, -0.06931628286838531, 0.05546551197767258]
0.5494844498592946  ::  3.924829  ::  [2.9242138862609863, -0.06961889564990997, 0.05546350032091141]
0.5539051297170267  ::  3.940779  ::  [2.9556381702423096, -0.06992226839065552, 0.05546198785305023]
0.552086485128805  ::  3.956709  ::  [2.987063407897949, -0.07022485136985779, 0.05545997619628906]
0.552086485128805  ::  3.972666  ::  [3.0289764404296875, -0.0706273764371872, 0.05546433851122856]
0.5484068274351663  ::  3.988623  ::  [3.0604095458984375, -0.07092905789613724, 0.05546485632658005]
0.5500189121618481  ::  4.004615  ::  [3.0918352603912354, -0.07123304158449173, 0.0554608479142189]
0.552520095419395  ::  4.020565  ::  [3.123263359069824, -0.07153695076704025, 0.05546214431524277]
0.552520095419395  ::  4.036495  ::  [3.1546993255615234, -0.07183608412742615, 0.05546585097908974]
0.5479885850702089  ::  4.052622  ::  [3.196608543395996, -0.07223965227603912, 0.055463604629039764]
0.5491037201739193  ::  4.068713  ::  [3.2175583839416504, -0.07244177907705307, 0.05546063557267189]
0.5521943274124971  ::  4.084839  ::  [3.248995304107666, -0.07274491339921951, 0.05546409264206886]
0.5521943274124971  ::  4.10074  ::  [3.2909021377563477, -0.073147252202034, 0.05546673387289047]
0.5504928098963706  ::  4.115902  ::  [3.311856746673584, -0.07334832102060318, 0.05546761304140091]
0.5504928098963706  ::  4.130869  ::  [3.353761911392212, -0.07375453412532806, 0.05546456575393677]
0.5543668611770901  ::  4.146913  ::  [3.3851869106292725, -0.0740567147731781, 0.05546409636735916]
0.5533499634035516  ::  4.162843  ::  [3.416618824005127, -0.07435633987188339, 0.055465713143348694]
0.5489771482308624  ::  4.177879  ::  [3.4480528831481934, -0.07465939223766327, 0.05546746402978897]
0.5528505591813473  ::  4.193982  ::  [3.4794797897338867, -0.07496185600757599, 0.05546294152736664]
