1.4618702972562951  ::  0.015995  ::  [-4.524885177612305, -4.049370181746781e-05, 0.055466052144765854]
1.4618685897090025  ::  0.031791  ::  [-4.52488374710083, -4.0494556742487475e-05, 0.05546615272760391]
1.4618685897090025  ::  0.046826  ::  [-4.5248847007751465, -4.0483035263605416e-05, 0.05546614155173302]
1.6452267255252873  ::  0.06218  ::  [-4.534302711486816, 0.00043877941789105535, 0.06485725939273834]
1.511120763648847  ::  0.078141  ::  [-4.521642208099365, -0.00010736969852587208, 0.05642631649971008]
1.5568792958282303  ::  0.094068  ::  [-4.491276741027832, -0.0009259170619770885, 0.0607408732175827]
1.072378759836318  ::  0.110025  ::  [-4.465464115142822, -0.0015993856359273195, 0.05935424566268921]
1.072378759836318  ::  0.126011  ::  [-4.451137065887451, -0.0020721207838505507, 0.05627470463514328]
1.1859957550283067  ::  0.141964  ::  [-4.4383344650268555, -0.0023853781167417765, 0.05671360716223717]
1.1705059532077755  ::  0.157702  ::  [-4.418671131134033, -0.0027859965339303017, 0.05629131942987442]
1.193750901222327  ::  0.173662  ::  [-4.39547061920166, -0.0032043191604316235, 0.05692950636148453]
1.252027035716228  ::  0.189617  ::  [-4.370311737060547, -0.003605108242481947, 0.0559765063226223]
1.2808395483996922  ::  0.20555  ::  [-4.352839469909668, -0.00398534070700407, 0.05584254115819931]
1.2808395483996922  ::  0.221507  ::  [-4.325002193450928, -0.004576842300593853, 0.05561346560716629]
1.27811675752009  ::  0.237466  ::  [-4.3072943687438965, -0.00498312059789896, 0.05561872571706772]
1.271230966341365  ::  0.253422  ::  [-4.282035827636719, -0.005592535249888897, 0.05546749383211136]
1.2737773462413104  ::  0.269057  ::  [-4.256899833679199, -0.0061532724648714066, 0.05546580255031586]
1.2778119603283782  ::  0.284992  ::  [-4.206621170043945, -0.0072718127630651, 0.05546917766332626]
1.2758736807079756  ::  0.300948  ::  [-4.206621170043945, -0.0072718127630651, 0.05546917766332626]
1.2745996369843566  ::  0.318901  ::  [-4.181478977203369, -0.00783088244497776, 0.0554698184132576]
1.272535319029426  ::  0.332862  ::  [-4.181478977203369, -0.00783088244497776, 0.0554698184132576]
1.2720247623889676  ::  0.34886  ::  [-4.164717197418213, -0.008203231729567051, 0.05546894669532776]
1.2720247623889676  ::  0.364803  ::  [-4.156336784362793, -0.008390644565224648, 0.05546855181455612]
1.2725853715094375  ::  0.380759  ::  [-4.139577865600586, -0.008763978257775307, 0.055466994643211365]
1.2759788015881701  ::  0.39669  ::  [-4.114442825317383, -0.009324452839791775, 0.05546627566218376]
1.2769328936378563  ::  0.411678  ::  [-4.10606575012207, -0.009511251002550125, 0.055466022342443466]
1.2781420505643601  ::  0.427608  ::  [-4.089306354522705, -0.009884047321975231, 0.055467475205659866]
1.2738193945933884  ::  0.442589  ::  [-4.0641655921936035, -0.010442442260682583, 0.055468954145908356]
1.2738193945933884  ::  0.458551  ::  [-4.047402381896973, -0.010815035551786423, 0.05546963959932327]
1.2716049191984233  ::  0.473513  ::  [-4.0222625732421875, -0.011374246329069138, 0.05546843633055687]
1.2716049191984233  ::  0.489466  ::  [-4.013885974884033, -0.011560913175344467, 0.055466942489147186]
1.2766240410213248  ::  0.505467  ::  [-3.9887492656707764, -0.01212138682603836, 0.05546616390347481]
1.2766240410213248  ::  0.521176  ::  [-3.971992015838623, -0.01249452494084835, 0.055466871708631516]
1.2754519165267273  ::  0.537139  ::  [-3.9552340507507324, -0.01286714244633913, 0.05546773225069046]
1.2754519165267273  ::  0.553091  ::  [-3.9300906658172607, -0.01342502050101757, 0.05547001212835312]
1.2713454787316685  ::  0.569053  ::  [-3.9133245944976807, -0.013797590509057045, 0.05546919256448746]
1.2713454787316685  ::  0.584985  ::  [-3.888187885284424, -0.014357251115143299, 0.05546792969107628]
1.2762585191790234  ::  0.600941  ::  [-3.8462960720062256, -0.015290394425392151, 0.05546581372618675]
1.2781400228519504  ::  0.616131  ::  [-3.8462960720062256, -0.015290394425392151, 0.05546581372618675]
1.2781400228519504  ::  0.631115  ::  [-3.8211545944213867, -0.015849709510803223, 0.05546826869249344]
1.2731856811044582  ::  0.647079  ::  [-3.804391384124756, -0.016222354024648666, 0.05546893924474716]
1.2731856811044582  ::  0.662042  ::  [-3.7792510986328125, -0.016781168058514595, 0.05546925216913223]
1.2717707647292076  ::  0.677021  ::  [-3.7708702087402344, -0.016967475414276123, 0.05546950921416283]
1.2722981833991795  ::  0.692952  ::  [-3.7541122436523438, -0.0173411313444376, 0.05546767637133598]
1.2722981833991795  ::  0.708966  ::  [-3.7457354068756104, -0.017527814954519272, 0.055466488003730774]
1.277523918444474  ::  0.723929  ::  [-3.728976249694824, -0.017901718616485596, 0.05546639487147331]
1.277523918444474  ::  0.73986  ::  [-3.703840970993042, -0.018461404368281364, 0.05546712502837181]
1.2754843599252847  ::  0.755817  ::  [-3.6870808601379395, -0.018833840265870094, 0.05546854808926582]
1.2754843599252847  ::  0.771775  ::  [-3.6619389057159424, -0.01939244382083416, 0.05546952784061432]
1.272392205221973  ::  0.787732  ::  [-3.6451683044433594, -0.019765857607126236, 0.05546765774488449]
1.275245943634569  ::  0.80369  ::  [-3.6200411319732666, -0.020325426012277603, 0.0554674006998539]
1.277305138947622  ::  0.818904  ::  [-3.594904661178589, -0.020886749029159546, 0.05546607822179794]
1.2784618955165872  ::  0.835628  ::  [-3.561375141143799, -0.02163250930607319, 0.05546552315354347]
1.2769654437581197  ::  0.849589  ::  [-3.5362331867218018, -0.022191915661096573, 0.05546776205301285]
1.2769654437581197  ::  0.864548  ::  [-3.5362331867218018, -0.022191915661096573, 0.05546776205301285]
1.2729214381609433  ::  0.879508  ::  [-3.5110974311828613, -0.022751271724700928, 0.0554690845310688]
1.2729214381609433  ::  0.894494  ::  [-3.4943442344665527, -0.02312454953789711, 0.05546753853559494]
1.2781438648333585  ::  0.910424  ::  [-3.4692020416259766, -0.023685641586780548, 0.055466312915086746]
1.2788879285660668  ::  0.925411  ::  [-3.444070339202881, -0.02424582839012146, 0.05546706169843674]
1.2788879285660668  ::  0.941342  ::  [-3.427309989929199, -0.024618621915578842, 0.055468346923589706]
1.2770861460073586  ::  0.957285  ::  [-3.402168035507202, -0.02517779730260372, 0.05546971410512924]
1.2752557620315008  ::  0.973225  ::  [-3.3853955268859863, -0.025550570338964462, 0.05546923726797104]
1.2745299477104812  ::  0.989155  ::  [-3.368647575378418, -0.025924628600478172, 0.05546855181455612]
1.2745299477104812  ::  1.004555  ::  [-3.3435115814208984, -0.026485228911042213, 0.05546608194708824]
1.278824322429421  ::  1.020542  ::  [-3.3267507553100586, -0.026859644800424576, 0.055465858429670334]
1.279352594873039  ::  1.036516  ::  [-3.309985637664795, -0.027233261615037918, 0.055464405566453934]
1.2778289290795974  ::  1.052473  ::  [-3.2764735221862793, -0.02797885239124298, 0.05546926334500313]
1.2752280143879977  ::  1.067943  ::  [-3.259711980819702, -0.02835126221179962, 0.0554700568318367]
1.273980224204001  ::  1.083901  ::  [-3.251328468322754, -0.028538156300783157, 0.055469248443841934]
1.272767652182912  ::  1.099858  ::  [-3.2429518699645996, -0.02872467041015625, 0.0554688386619091]
1.2728565513638281  ::  1.115843  ::  [-3.2429518699645996, -0.02872467041015625, 0.0554688386619091]
1.2728565513638281  ::  1.131815  ::  [-3.217815399169922, -0.029284914955496788, 0.05546681210398674]
1.2777257291901067  ::  1.14776  ::  [-3.1926796436309814, -0.029845407232642174, 0.05546601861715317]
1.277418050512339  ::  1.163259  ::  [-3.175917148590088, -0.030218785628676414, 0.05546659976243973]
1.2752348445771677  ::  1.179246  ::  [-3.150770902633667, -0.0307775791734457, 0.05546899139881134]
1.2752348445771677  ::  1.194191  ::  [-3.1340160369873047, -0.031149182468652725, 0.05546991154551506]
1.2742276051180024  ::  1.209322  ::  [-3.1256296634674072, -0.03133567422628403, 0.0554693229496479]
1.2723713944893456  ::  1.225261  ::  [-3.108877658843994, -0.031709253787994385, 0.055468522012233734]
1.2749772183794112  ::  1.241224  ::  [-3.092118978500366, -0.03208272159099579, 0.05546683818101883]
1.2749772183794112  ::  1.257152  ::  [-3.0669729709625244, -0.03264293447136879, 0.055465348064899445]
1.278151868961292  ::  1.273174  ::  [-3.041837215423584, -0.03320254012942314, 0.05546661838889122]
1.27507945777355  ::  1.289128  ::  [-3.0250837802886963, -0.03357486054301262, 0.0554686039686203]
1.272154429261492  ::  1.305079  ::  [-2.9999423027038574, -0.034133873879909515, 0.05546945706009865]
1.272154429261492  ::  1.321015  ::  [-2.9748029708862305, -0.03469342738389969, 0.05546792969107628]
1.2722249723090135  ::  1.336999  ::  [-2.9580416679382324, -0.03506702557206154, 0.05546705424785614]
1.2750462673230518  ::  1.352928  ::  [-2.932905673980713, -0.035627689212560654, 0.05546591058373451]
1.2779949880537933  ::  1.368914  ::  [-2.9077701568603516, -0.03618669509887695, 0.05546707659959793]
1.276843781013529  ::  1.384845  ::  [-2.88262677192688, -0.0367458313703537, 0.0554693304002285]
1.2743520426269435  ::  1.4018  ::  [-2.8658652305603027, -0.03711775317788124, 0.05546920746564865]
1.2722766256146116  ::  1.417755  ::  [-2.849091053009033, -0.03749098628759384, 0.05546795576810837]
1.2717228466833117  ::  1.432771  ::  [-2.849091053009033, -0.03749098628759384, 0.05546795576810837]
1.274025580928958  ::  1.447733  ::  [-2.832346200942993, -0.03786448761820793, 0.055467572063207626]
1.274025580928958  ::  1.462691  ::  [-2.8072056770324707, -0.038424309343099594, 0.05546530708670616]
1.277358393078807  ::  1.477523  ::  [-2.782071590423584, -0.03898417949676514, 0.055466409772634506]
1.2762921365163444  ::  1.493458  ::  [-2.7653145790100098, -0.039356403052806854, 0.055468130856752396]
1.2762921365163444  ::  1.509167  ::  [-2.7485506534576416, -0.03972885385155678, 0.055469851940870285]
1.2739716864675386  ::  1.524116  ::  [-2.7317843437194824, -0.04010171443223953, 0.05546926334500313]
1.2719939198159966  ::  1.539403  ::  [-2.7150301933288574, -0.04047460854053497, 0.05546884983778]
1.2733758591841606  ::  1.555369  ::  [-2.6982719898223877, -0.040847789496183395, 0.05546732246875763]
1.2759495598407862  ::  1.571343  ::  [-2.6815173625946045, -0.04122142866253853, 0.05546531453728676]
1.2770303305552348  ::  1.587299  ::  [-2.6647565364837646, -0.041595131158828735, 0.05546600744128227]
1.2783090700339081  ::  1.603229  ::  [-2.631237030029297, -0.042340461164712906, 0.055468786507844925]
1.2783090700339081  ::  1.618439  ::  [-2.631237030029297, -0.042340461164712906, 0.055468786507844925]
1.274305938850046  ::  1.634147  ::  [-2.614466667175293, -0.04271337017416954, 0.05546751618385315]
1.272330733519443  ::  1.650105  ::  [-2.572575092315674, -0.043645646423101425, 0.05546819418668747]
1.272330733519443  ::  1.665661  ::  [-2.572575092315674, -0.043645646423101425, 0.05546819418668747]
1.2753175538991484  ::  1.681604  ::  [-2.5474393367767334, -0.04420633986592293, 0.05546621233224869]
1.2753175538991484  ::  1.696574  ::  [-2.5390617847442627, -0.04439273104071617, 0.05546571686863899]
1.2782491991569647  ::  1.712424  ::  [-2.5223000049591064, -0.04476632922887802, 0.055466361343860626]
1.2782491991569647  ::  1.727386  ::  [-2.5055439472198486, -0.0451391264796257, 0.05546756461262703]
1.2737176888077786  ::  1.743347  ::  [-2.480401039123535, -0.045697201043367386, 0.05546940118074417]
1.272344393897783  ::  1.758299  ::  [-2.4636270999908447, -0.046070873737335205, 0.05546741187572479]
1.2727991350861176  ::  1.773549  ::  [-2.43850040435791, -0.0466306135058403, 0.05546767637133598]
1.2744637802528966  ::  1.788988  ::  [-2.43011736869812, -0.0468178316950798, 0.05546628683805466]
1.276902371230003  ::  1.804947  ::  [-2.4133644104003906, -0.047190845012664795, 0.05546586588025093]
1.2777746077313545  ::  1.820783  ::  [-2.396606206893921, -0.0475645549595356, 0.055466096848249435]
1.2777746077313545  ::  1.836714  ::  [-2.388228178024292, -0.047750867903232574, 0.05546654760837555]
1.2784764096685735  ::  1.852723  ::  [-2.371464729309082, -0.04812370985746384, 0.0554686076939106]
1.2724092806948981  ::  1.869608  ::  [-2.3211793899536133, -0.049242086708545685, 0.05546845123171806]
1.272505010064984  ::  1.884569  ::  [-2.3211793899536133, -0.049242086708545685, 0.05546845123171806]
1.273348858592598  ::  1.899526  ::  [-2.2876648902893066, -0.04998888447880745, 0.055465735495090485]
1.27577667067742  ::  1.914487  ::  [-2.2876648902893066, -0.04998888447880745, 0.055465735495090485]
1.27577667067742  ::  1.930444  ::  [-2.2708988189697266, -0.050362661480903625, 0.05546531826257706]
1.2769296919866828  ::  1.945834  ::  [-2.2625298500061035, -0.05054844170808792, 0.05546616017818451]
1.2775488913236268  ::  1.961791  ::  [-2.2457733154296875, -0.05092186853289604, 0.05546733736991882]
1.2741146935532857  ::  1.977546  ::  [-2.2290103435516357, -0.05129364877939224, 0.05546896159648895]
1.2723269982597405  ::  1.993485  ::  [-2.2038683891296387, -0.05185241997241974, 0.05546946823596954]
1.2723269982597405  ::  2.009443  ::  [-2.187107563018799, -0.052225835621356964, 0.05546814575791359]
1.2762548906410267  ::  2.024946  ::  [-2.1619720458984375, -0.05278637260198593, 0.05546644330024719]
1.2780427993779835  ::  2.040874  ::  [-2.136836290359497, -0.053346700966358185, 0.055465973913669586]
1.2778976578581207  ::  2.056831  ::  [-2.1200764179229736, -0.05371963605284691, 0.055467117577791214]
1.27741068671464  ::  2.072824  ::  [-2.103315830230713, -0.054092343896627426, 0.05546847730875015]
1.27741068671464  ::  2.088813  ::  [-2.0949361324310303, -0.05427852272987366, 0.05546892061829567]
1.2725618927341655  ::  2.104739  ::  [-2.078169107437134, -0.05465080216526985, 0.05546974390745163]
1.2729454505447442  ::  2.119727  ::  [-2.0530195236206055, -0.055210888385772705, 0.05546773970127106]
1.2760723965241405  ::  2.136656  ::  [-2.0111382007598877, -0.05614488571882248, 0.05546574667096138]
1.2786712835033305  ::  2.150617  ::  [-2.0111382007598877, -0.05614488571882248, 0.05546574667096138]
1.2783567746363924  ::  2.166574  ::  [-1.9859981536865234, -0.056704603135585785, 0.05546673387289047]
1.2764456023292583  ::  2.182561  ::  [-1.969239592552185, -0.057077404111623764, 0.05546910688281059]
1.2764456023292583  ::  2.197397  ::  [-1.9524778127670288, -0.05744997039437294, 0.05546941980719566]
1.2725803555892656  ::  2.213354  ::  [-1.9273375272750854, -0.0580095574259758, 0.0554690919816494]
1.2725803555892656  ::  2.228312  ::  [-1.9105716943740845, -0.058382950723171234, 0.05546680837869644]
1.2737839629870689  ::  2.244271  ::  [-1.8938220739364624, -0.058756887912750244, 0.0554661750793457]
1.2772881701964027  ::  2.260226  ::  [-1.8686859607696533, -0.059317268431186676, 0.05546622723340988]
1.2781986130684244  ::  2.276183  ::  [-1.8603023290634155, -0.05950397253036499, 0.05546616390347481]
1.2786965765476006  ::  2.292206  ::  [-1.84354567527771, -0.059876151382923126, 0.0554681271314621]
1.275972611729235  ::  2.308162  ::  [-1.8184025287628174, -0.060435302555561066, 0.05546998232603073]
1.2726190955684644  ::  2.324121  ::  [-1.7932634353637695, -0.060994796454906464, 0.055468104779720306]
1.2722937010875368  ::  2.340102  ::  [-1.7764959335327148, -0.06136833131313324, 0.05546668916940689]
1.2747915226113515  ::  2.355585  ::  [-1.7513701915740967, -0.061929136514663696, 0.05546535924077034]
1.2778120670500839  ::  2.371543  ::  [-1.7262219190597534, -0.0624891072511673, 0.05546639487147331]
1.2748490456107677  ::  2.3875  ::  [-1.709470510482788, -0.06286093592643738, 0.05546855926513672]
1.2719223095514174  ::  2.403485  ::  [-1.6843278408050537, -0.06341942399740219, 0.05546931177377701]
1.2719223095514174  ::  2.419415  ::  [-1.6591849327087402, -0.0639788806438446, 0.05546855181455612]
1.2729266675245265  ::  2.435396  ::  [-1.6340515613555908, -0.06453900784254074, 0.055465999990701675]
1.2783937003465928  ::  2.452326  ::  [-1.5921454429626465, -0.0654725432395935, 0.0554666593670845]
1.2773443058136438  ::  2.46729  ::  [-1.5670080184936523, -0.06603146344423294, 0.05546906962990761]
1.2749718822941223  ::  2.483301  ::  [-1.5502541065216064, -0.0664038211107254, 0.05546905845403671]
1.273091979446782  ::  2.499257  ::  [-1.5502541065216064, -0.0664038211107254, 0.05546905845403671]
1.273091979446782  ::  2.515214  ::  [-1.5334923267364502, -0.06677691638469696, 0.055468637496232986]
1.2748222584626165  ::  2.530174  ::  [-1.5083551406860352, -0.06733755767345428, 0.05546638369560242]
1.2748222584626165  ::  2.546132  ::  [-1.4915980100631714, -0.06771107763051987, 0.05546549707651138]
1.2785942304317561  ::  2.561094  ::  [-1.4664528369903564, -0.06827159225940704, 0.05546649545431137]
1.2785942304317561  ::  2.577049  ::  [-1.4497005939483643, -0.06864374876022339, 0.05546789616346359]
1.2773043918956817  ::  2.593007  ::  [-1.4329354763031006, -0.06901627033948898, 0.055469028651714325]
1.2729413951199244  ::  2.608964  ::  [-1.4077932834625244, -0.06957583874464035, 0.055469293147325516]
1.272494764781229  ::  2.623923  ::  [-1.399416208267212, -0.06976205110549927, 0.05546869337558746]
1.272494764781229  ::  2.639014  ::  [-1.3826568126678467, -0.07013581693172455, 0.055466871708631516]
1.2775928606664089  ::  2.654931  ::  [-1.357522964477539, -0.07069684565067291, 0.055464863777160645]
1.278536280545517  ::  2.671085  ::  [-1.3156241178512573, -0.07162963598966599, 0.05546821281313896]
1.2769239290145706  ::  2.685088  ::  [-1.3156241178512573, -0.07162963598966599, 0.05546821281313896]
1.275593642952005  ::  2.701028  ::  [-1.298863172531128, -0.072002112865448, 0.055469363927841187]
1.275593642952005  ::  2.71697  ::  [-1.2904753684997559, -0.07218819856643677, 0.055468980222940445]
1.272959644531613  ::  2.732925  ::  [-1.2402000427246094, -0.07330834865570068, 0.05546630173921585]
1.272959644531613  ::  2.748882  ::  [-1.2402000427246094, -0.07330834865570068, 0.05546630173921585]
1.2784084279419907  ::  2.763911  ::  [-1.2234477996826172, -0.0736822783946991, 0.055465564131736755]
1.2784084279419907  ::  2.778853  ::  [-1.1983100175857544, -0.07424197345972061, 0.05546679347753525]
1.2753613097985188  ::  2.793803  ::  [-1.1815483570098877, -0.07461397349834442, 0.05546833202242851]
1.2731279446616304  ::  2.80976  ::  [-1.1564069986343384, -0.07517305016517639, 0.05546912923455238]
1.2731279446616304  ::  2.825717  ::  [-1.1396453380584717, -0.07554645091295242, 0.055468715727329254]
1.2724642423733754  ::  2.840706  ::  [-1.1228798627853394, -0.07591961324214935, 0.055467166006565094]
1.2734956009380474  ::  2.856666  ::  [-1.1061290502548218, -0.07629366219043732, 0.05546645075082779]
1.275809434241095  ::  2.872219  ::  [-1.0893720388412476, -0.07666726410388947, 0.055465929210186005]
1.2782800417299356  ::  2.888154  ::  [-1.0642333030700684, -0.07722698152065277, 0.05546750873327255]
1.2782800417299356  ::  2.904136  ::  [-1.0474704504013062, -0.07759986817836761, 0.05546838417649269]
1.2751240674465665  ::  2.920095  ::  [-1.022328495979309, -0.07815879583358765, 0.055469393730163574]
1.2730327489000732  ::  2.935683  ::  [-1.0055575370788574, -0.07853222638368607, 0.05546657368540764]
1.2750478681486386  ::  2.950986  ::  [-0.9804316163063049, -0.07909226417541504, 0.055466845631599426]
1.2762773021992408  ::  2.966944  ::  [-0.9552968144416809, -0.07965250313282013, 0.055465541779994965]
1.2781440782767701  ::  2.982261  ::  [-0.9552968144416809, -0.07965250313282013, 0.055465541779994965]
1.2781440782767701  ::  2.998218  ::  [-0.9385319352149963, -0.08002617955207825, 0.05546668544411659]
1.2768589354957498  ::  3.014179  ::  [-0.9217766523361206, -0.08039851486682892, 0.05546845868229866]
1.27343861154716  ::  3.029106  ::  [-0.9050161838531494, -0.0807705894112587, 0.05546903610229492]
1.27343861154716  ::  3.045104  ::  [-0.8798734545707703, -0.08133014291524887, 0.05546924099326134]
1.2722044817415035  ::  3.060657  ::  [-0.8631099462509155, -0.08170342445373535, 0.05546719953417778]
1.2764498711974894  ::  3.076615  ::  [-0.8463438153266907, -0.08207769691944122, 0.055465683341026306]
1.2764498711974894  ::  3.092574  ::  [-0.821221649646759, -0.08263816684484482, 0.05546555668115616]
1.2781296708464895  ::  3.108529  ::  [-0.8044618368148804, -0.08301088958978653, 0.055467039346694946]
1.2781296708464895  ::  3.123461  ::  [-0.7877019643783569, -0.08338336646556854, 0.055468492209911346]
1.2751393286504933  ::  3.139444  ::  [-0.7625576257705688, -0.08394210040569305, 0.05546899512410164]
1.272914287806656  ::  3.15441  ::  [-0.745797872543335, -0.08431467413902283, 0.05546910688281059]
1.2742080750458444  ::  3.169876  ::  [-0.7290372848510742, -0.08468853682279587, 0.05546696484088898]
1.276654670150884  ::  3.185862  ::  [-0.7039014101028442, -0.08524947613477707, 0.05546538531780243]
1.2783673400852649  ::  3.201814  ::  [-0.6871470212936401, -0.08562290668487549, 0.05546567589044571]
1.277204073492247  ::  3.218746  ::  [-0.6452465057373047, -0.08655442297458649, 0.0554688535630703]
1.2736929293720374  ::  3.235303  ::  [-0.6201031804084778, -0.08711309731006622, 0.05546962842345238]
1.2721528284359052  ::  3.249271  ::  [-0.603343665599823, -0.08748602122068405, 0.05546799674630165]
1.2721528284359052  ::  3.265228  ::  [-0.603343665599823, -0.08748602122068405, 0.05546799674630165]
1.2758502019327036  ::  3.281186  ::  [-0.5865871906280518, -0.08785966038703918, 0.055466387420892715]
1.2758502019327036  ::  3.297143  ::  [-0.5614523887634277, -0.08842049539089203, 0.0554649792611599]
1.277858917878922  ::  3.313101  ::  [-0.5446807146072388, -0.08879391849040985, 0.05546632036566734]
1.2758324861295438  ::  3.32867  ::  [-0.5195373296737671, -0.0893528088927269, 0.055467791855335236]
1.2725917748117843  ::  3.344628  ::  [-0.5027891397476196, -0.08972466737031937, 0.05546949803829193]
1.2725917748117843  ::  3.359587  ::  [-0.477649062871933, -0.09028483182191849, 0.05546826124191284]
1.2748618522154616  ::  3.37506  ::  [-0.46088939905166626, -0.09065818041563034, 0.0554666593670845]
1.2748618522154616  ::  3.390961  ::  [-0.4357527196407318, -0.09121876955032349, 0.05546588823199272]
1.2771293682982  ::  3.406891  ::  [-0.41899725794792175, -0.09159240126609802, 0.055465880781412125]
1.2781330859410744  ::  3.422854  ::  [-0.3938549757003784, -0.09215095639228821, 0.05546860024333]
1.2721340454156878  ::  3.438813  ::  [-0.368714302778244, -0.09270942956209183, 0.05546950921416283]
1.2719041668614344  ::  3.454769  ::  [-0.3435731530189514, -0.09326902776956558, 0.05546790361404419]
1.2719041668614344  ::  3.470726  ::  [-0.33518269658088684, -0.09345567226409912, 0.055466797202825546]
1.2763250068017251  ::  3.486683  ::  [-0.31843680143356323, -0.09382913261651993, 0.055465925484895706]
1.278150481579117  ::  3.502119  ::  [-0.26816168427467346, -0.09494923800230026, 0.05546746402978897]
1.2760478505318107  ::  3.518073  ::  [-0.26816168427467346, -0.09494923800230026, 0.05546746402978897]
1.2760478505318107  ::  3.534252  ::  [-0.24301740527153015, -0.0955076739192009, 0.05546954274177551]
1.271994239981114  ::  3.550986  ::  [-0.2094983458518982, -0.09625324606895447, 0.0554676428437233]
1.2722948750263003  ::  3.565955  ::  [-0.2094983458518982, -0.09625324606895447, 0.0554676428437233]
1.2742518309452149  ::  3.5819  ::  [-0.1927398443222046, -0.09662683308124542, 0.05546621233224869]
1.2755498870526345  ::  3.597856  ::  [-0.175973042845726, -0.09700122475624084, 0.05546422675251961]
1.2755498870526345  ::  3.613765  ::  [-0.1676049679517746, -0.09718728810548782, 0.055464744567871094]
1.2782972239245665  ::  3.629709  ::  [-0.15083971619606018, -0.0975603312253952, 0.055465683341026306]
1.2770929761965286  ::  3.645666  ::  [-0.14246626198291779, -0.09774672985076904, 0.055466897785663605]
1.2735581398576354  ::  3.661624  ::  [-0.1173216700553894, -0.09830541163682938, 0.05546832084655762]
1.2722639257316237  ::  3.67666  ::  [-0.09218012541532516, -0.0988645926117897, 0.05546843260526657]
1.2738199282019174  ::  3.69162  ::  [-0.07542242854833603, -0.09923800081014633, 0.055468060076236725]
1.2738199282019174  ::  3.70755  ::  [-0.050287194550037384, -0.09979859739542007, 0.05546562373638153]
1.278423475702506  ::  3.723507  ::  [-0.025149891152977943, -0.10035873204469681, 0.05546562746167183]
1.276814432544439  ::  3.739492  ::  [-8.976272511063144e-06, -0.1009177565574646, 0.05546724796295166]
1.276814432544439  ::  3.754683  ::  [0.016751544550061226, -0.10128968954086304, 0.05546846240758896]
1.2518356836977618  ::  3.769619  ::  [0.06701497733592987, -0.10239455103874207, 0.05545980483293533]
1.2434111789650801  ::  3.784954  ::  [0.06701497733592987, -0.10239455103874207, 0.05545980483293533]
1.2434111789650801  ::  3.800913  ::  [0.09214143455028534, -0.102944515645504, 0.055460259318351746]
1.246541753482473  ::  3.817866  ::  [0.1256619393825531, -0.1036762073636055, 0.05546579509973526]
1.246541753482473  ::  3.832827  ::  [0.1256619393825531, -0.1036762073636055, 0.05546579509973526]
1.269610717404191  ::  3.847813  ::  [0.14242325723171234, -0.10403941571712494, 0.05546663701534271]
1.2684997444470063  ::  3.863315  ::  [0.16753405332565308, -0.10462619364261627, 0.05544183775782585]
1.2687034761833431  ::  3.879292  ::  [0.1843140572309494, -0.10497249662876129, 0.05546354874968529]
1.2704778312636653  ::  3.895253  ::  [0.2010628879070282, -0.10534229129552841, 0.05546558275818825]
1.2728433178723113  ::  3.910215  ::  [0.21782055497169495, -0.10571569204330444, 0.05546414479613304]
1.2728433178723113  ::  3.925202  ::  [0.2345813661813736, -0.10608747601509094, 0.05546415597200394]
1.273409369799776  ::  3.941158  ::  [0.2597181797027588, -0.10664480924606323, 0.0554661825299263]
1.273409369799776  ::  3.95709  ::  [0.2764788269996643, -0.10701721906661987, 0.05546736717224121]
1.2684897126066628  ::  3.972073  ::  [0.3016189932823181, -0.10757490247488022, 0.05546698719263077]
1.2689545923570467  ::  3.987628  ::  [0.31838154792785645, -0.1079457700252533, 0.05546686798334122]
1.2689545923570467  ::  4.00356  ::  [0.33513838052749634, -0.10831931233406067, 0.055465590208768845]
1.2745336829701837  ::  4.019519  ::  [0.38541334867477417, -0.10943646728992462, 0.05546591430902481]
1.2730935802723686  ::  4.034478  ::  [0.38541334867477417, -0.10943646728992462, 0.05546591430902481]
1.2706858318682335  ::  4.049439  ::  [0.4105539917945862, -0.10999315977096558, 0.055466603487730026]
1.2687476589695366  ::  4.065436  ::  [0.427327424287796, -0.11036412417888641, 0.055466413497924805]
1.2687476589695366  ::  4.080622  ::  [0.44407591223716736, -0.11073628813028336, 0.055466704070568085]
1.2683241872409958  ::  4.095553  ::  [0.45245444774627686, -0.11092322319746017, 0.055465858429670334]
1.2699915004504194  ::  4.11052  ::  [0.47759371995925903, -0.11148194968700409, 0.05546380206942558]
1.272424968785648  ::  4.126478  ::  [0.4943552315235138, -0.11185381561517715, 0.05546355992555618]
1.2741696552317632  ::  4.141437  ::  [0.511107325553894, -0.11222544312477112, 0.055465035140514374]
1.2728500413397754  ::  4.156397  ::  [0.5278696417808533, -0.11259786039590836, 0.05546656996011734]
1.2715802664843878  ::  4.171356  ::  [0.5446412563323975, -0.11296934634447098, 0.05546612665057182]
1.2715802664843878  ::  4.187256  ::  [0.5530111193656921, -0.11315376311540604, 0.055466488003730774]
1.2680783004308753  ::  4.203214  ::  [0.5781527161598206, -0.11371137201786041, 0.05546635389328003]
1.268280111176508  ::  4.219171  ::  [0.5865292549133301, -0.11389828473329544, 0.055464968085289]
1.268280111176508  ::  4.234132  ::  [0.5949087142944336, -0.11408484727144241, 0.05546513572335243]
1.2734233503432333  ::  4.250071  ::  [0.6368023753166199, -0.11501496285200119, 0.05546318739652634]
1.2734233503432333  ::  4.265069  ::  [0.6368023753166199, -0.11501496285200119, 0.05546318739652634]
1.270936521155114  ::  4.280233  ::  [0.6619442701339722, -0.11557242274284363, 0.055466704070568085]
1.2685787185092845  ::  4.296194  ::  [0.6870869398117065, -0.11612864583730698, 0.05546704679727554]
1.2679751005413846  ::  4.311147  ::  [0.7038508653640747, -0.11650153994560242, 0.055466748774051666]
1.2683380610627473  ::  4.327107  ::  [0.720613956451416, -0.11687363684177399, 0.05546429008245468]
1.2716713000994193  ::  4.342069  ::  [0.7289841175079346, -0.11705946922302246, 0.055464331060647964]
1.2716713000994193  ::  4.358039  ::  [0.7541184425354004, -0.11761865764856339, 0.05546250939369202]
1.2743404099610134  ::  4.373982  ::  [0.7708883285522461, -0.11799059808254242, 0.05546198785305023]
1.2731771433679957  ::  4.389952  ::  [0.7876390218734741, -0.11836188286542892, 0.05546540394425392]
1.2731771433679957  ::  4.405899  ::  [0.8043992519378662, -0.11873246729373932, 0.055465761572122574]
1.272029458144022  ::  4.421867  ::  [0.8127819895744324, -0.11891848593950272, 0.05546719953417778]
1.268587362967453  ::  4.43789  ::  [0.837921679019928, -0.11947687715291977, 0.055465660989284515]
1.2687872527223814  ::  4.45382  ::  [0.8630602359771729, -0.12003494054079056, 0.05546455830335617]
1.2720780165201524  ::  4.469753  ::  [0.8881962895393372, -0.12059348821640015, 0.0554630383849144]
1.2740552495631654  ::  4.485711  ::  [0.904954195022583, -0.1209658607840538, 0.05546434596180916]
1.273615983022169  ::  4.501639  ::  [0.9300940036773682, -0.12152273207902908, 0.05546540394425392]
1.2680754189448191  ::  4.51663  ::  [0.9552494287490845, -0.12207967787981033, 0.0554654523730278]
1.2687905610952608  ::  4.531616  ::  [0.980384111404419, -0.12263768911361694, 0.05546559765934944]
1.2722674475479145  ::  4.547566  ::  [0.9971330761909485, -0.12301039695739746, 0.05546277016401291]
1.2722674475479145  ::  4.563546  ::  [1.0222692489624023, -0.12356940656900406, 0.05546264722943306]
1.2723403384729632  ::  4.578465  ::  [1.047407865524292, -0.12412625551223755, 0.05546368286013603]
1.2723403384729632  ::  4.594446  ::  [1.0725526809692383, -0.1246829628944397, 0.05546649172902107]
1.2697975871110145  ::  4.610405  ::  [1.0893117189407349, -0.12505432963371277, 0.055466171354055405]
1.2705716396430473  ::  4.626361  ::  [1.114451289176941, -0.12561307847499847, 0.055464815348386765]
1.2729983845108117  ::  4.642383  ::  [1.1395869255065918, -0.12617211043834686, 0.055462546646595]
1.2744067908620094  ::  4.658312  ::  [1.1563457250595093, -0.12654422223567963, 0.0554635189473629]
1.2744067908620094  ::  4.674269  ::  [1.181483268737793, -0.12710192799568176, 0.05546373128890991]
1.268544887728552  ::  4.690255  ::  [1.2066278457641602, -0.12765881419181824, 0.05546649917960167]
1.267996444882541  ::  4.70624  ::  [1.2317745685577393, -0.12821714580059052, 0.05546582490205765]
1.2704965075621772  ::  4.722201  ::  [1.248526692390442, -0.1285889744758606, 0.055464647710323334]
1.273794208270824  ::  4.738157  ::  [1.2736622095108032, -0.12914827466011047, 0.055462997406721115]
1.273794208270824  ::  4.754087  ::  [1.298802137374878, -0.12970539927482605, 0.05546392500400543]
1.2735801245290264  ::  4.770043  ::  [1.3239405155181885, -0.13026194274425507, 0.05546495318412781]
1.2703577693446613  ::  4.786036  ::  [1.3490829467773438, -0.13081887364387512, 0.05546616017818451]
1.2698801897112892  ::  4.801959  ::  [1.3993595838546753, -0.1319366842508316, 0.055463146418333054]
1.2735379694552427  ::  4.817967  ::  [1.4244961738586426, -0.13249440491199493, 0.055463433265686035]
1.2745218368608418  ::  4.832876  ::  [1.4412612915039062, -0.13286665081977844, 0.0554630421102047]
1.2726157871955852  ::  4.848861  ::  [1.4412612915039062, -0.13286665081977844, 0.0554630421102047]
1.268944240351586  ::  4.864852  ::  [1.466408371925354, -0.1334235966205597, 0.05546502768993378]
1.268059410688952  ::  4.880805  ::  [1.4915447235107422, -0.13398100435733795, 0.055465567857027054]
1.268059410688952  ::  4.896764  ::  [1.508297324180603, -0.134352445602417, 0.05546436458826065]
1.2727830201085446  ::  4.912757  ::  [1.5250563621520996, -0.134724959731102, 0.055463679134845734]
1.2727830201085446  ::  4.928711  ::  [1.5501912832260132, -0.1352837085723877, 0.0554630346596241]
1.274562391109039  ::  4.944644  ::  [1.5753306150436401, -0.13584178686141968, 0.05546373501420021]
1.2699943819364754  ::  4.960143  ::  [1.6004730463027954, -0.13639870285987854, 0.0554657056927681]
1.2682542845237088  ::  4.9761  ::  [1.6172460317611694, -0.1367703229188919, 0.0554652065038681]
1.2706861520333508  ::  4.991555  ::  [1.642372965812683, -0.13732898235321045, 0.055464811623096466]
1.2738043468328732  ::  5.00763  ::  [1.6675091981887817, -0.1378873586654663, 0.05546262115240097]
1.2738043468328732  ::  5.023587  ::  [1.6926463842391968, -0.13844552636146545, 0.055463846772909164]
1.2711295807208727  ::  5.039544  ::  [1.7177865505218506, -0.1390022337436676, 0.05546481907367706]
1.2711295807208727  ::  5.055503  ::  [1.7429298162460327, -0.13955996930599213, 0.05546627193689346]
1.269160992136028  ::  5.071345  ::  [1.7596911191940308, -0.13993242383003235, 0.05546514689922333]
1.2725475920255909  ::  5.087304  ::  [1.7848320007324219, -0.14049075543880463, 0.05546319857239723]
1.2725475920255909  ::  5.103568  ::  [1.8099650144577026, -0.14104977250099182, 0.05546274781227112]
1.2732403226178182  ::  5.119487  ::  [1.8351073265075684, -0.14160792529582977, 0.055463895201683044]
1.2707403666598878  ::  5.134447  ::  [1.8602454662322998, -0.14216461777687073, 0.055465273559093475]
1.2684413676739439  ::  5.149606  ::  [1.8770058155059814, -0.14253607392311096, 0.05546654760837555]
1.2684413676739439  ::  5.164697  ::  [1.9021580219268799, -0.1430950164794922, 0.055464569479227066]
1.272490389191292  ::  5.180658  ::  [1.9189013242721558, -0.1434682011604309, 0.05546323210000992]
1.2743486275323586  ::  5.196626  ::  [1.944049596786499, -0.1440260112285614, 0.05546029657125473]
1.2743486275323586  ::  5.21205  ::  [1.9691752195358276, -0.14458273351192474, 0.05546385049819946]
1.2723385242039649  ::  5.228007  ::  [1.994321346282959, -0.14513996243476868, 0.05546646565198898]
1.2697638630519874  ::  5.24394  ::  [2.0110905170440674, -0.14551232755184174, 0.05546453595161438]
1.2693693129057135  ::  5.258925  ::  [2.036226511001587, -0.14607061445713043, 0.05546422675251961]
1.2693693129057135  ::  5.273861  ::  [2.052976608276367, -0.14644236862659454, 0.055462419986724854]
1.271698834299511  ::  5.28938  ::  [2.069735050201416, -0.14681550860404968, 0.05546248331665993]
1.27381758032439  ::  5.305308  ::  [2.086494207382202, -0.14718659222126007, 0.05546332523226738]
1.2730215431209662  ::  5.321289  ::  [2.11163592338562, -0.1477445662021637, 0.05546554550528526]
1.2730215431209662  ::  5.337249  ::  [2.120014190673828, -0.14792966842651367, 0.05546516925096512]
1.2679740333243268  ::  5.353211  ::  [2.1367759704589844, -0.14830118417739868, 0.05546573922038078]
1.2686694319591987  ::  5.369162  ::  [2.161916732788086, -0.14885905385017395, 0.0554644837975502]
1.270635779388222  ::  5.385098  ::  [2.178675889968872, -0.14923210442066193, 0.05546347051858902]
1.2730443815660035  ::  5.401052  ::  [2.195439577102661, -0.14960482716560364, 0.05546272546052933]
1.2742273916745908  ::  5.417067  ::  [2.2289493083953857, -0.15034836530685425, 0.05546359717845917]
1.2735101150900336  ::  5.434021  ::  [2.2457151412963867, -0.15071864426136017, 0.055464617908000946]
1.2735101150900336  ::  5.449008  ::  [2.2457151412963867, -0.15071864426136017, 0.055464617908000946]
1.2702147622589142  ::  5.464937  ::  [2.270857572555542, -0.15127690136432648, 0.05546557903289795]
1.2699604444340369  ::  5.480924  ::  [2.2959961891174316, -0.15183454751968384, 0.05546369403600693]
1.2699604444340369  ::  5.49688  ::  [2.321131706237793, -0.15239351987838745, 0.05546216294169426]
1.2712274445250742  ::  5.512837  ::  [2.3295090198516846, -0.1525801420211792, 0.055462926626205444]
1.2736737194649967  ::  5.52879  ::  [2.346278667449951, -0.15295188128948212, 0.055461376905441284]
1.2746953663544425  ::  5.543752  ::  [2.371406316757202, -0.15350908041000366, 0.055464714765548706]
1.269618614810419  ::  5.558955  ::  [2.396549940109253, -0.15406560897827148, 0.055466700345277786]
1.269618614810419  ::  5.574889  ::  [2.4133102893829346, -0.15443837642669678, 0.05546481907367706]
1.2691219319917122  ::  5.59087  ::  [2.4384491443634033, -0.15499702095985413, 0.05546350032091141]
1.2723235831651556  ::  5.606828  ::  [2.463582754135132, -0.15555641055107117, 0.05546217039227486]
1.275260564508261  ::  5.622761  ::  [2.4887197017669678, -0.15611396729946136, 0.0554625540971756]
1.2717616933842162  ::  5.638717  ::  [2.5138609409332275, -0.15667161345481873, 0.055464547127485275]
1.2717616933842162  ::  5.6547  ::  [2.5306360721588135, -0.15704338252544403, 0.05546501278877258]
1.2688520327977908  ::  5.670648  ::  [2.5557637214660645, -0.157602459192276, 0.05546484515070915]
1.2700695140173455  ::  5.686615  ::  [2.580899715423584, -0.15816092491149902, 0.05546288564801216]
1.2722331898803587  ::  5.702566  ::  [2.5976574420928955, -0.15853357315063477, 0.055462464690208435]
1.2749874636631664  ::  5.718507  ::  [2.622796058654785, -0.15909168124198914, 0.055462680757045746]
1.2736058444601197  ::  5.733472  ::  [2.647939443588257, -0.1596485674381256, 0.05546588823199272]
1.269079029865988  ::  5.749428  ::  [2.664707899093628, -0.1600198596715927, 0.05546613782644272]
1.269079029865988  ::  5.765388  ::  [2.689840078353882, -0.16057871282100677, 0.05546410754323006]
1.2705441054429556  ::  5.781342  ::  [2.7065980434417725, -0.16095198690891266, 0.05546293407678604]
1.2741511923766629  ::  5.79696  ::  [2.714975357055664, -0.16113750636577606, 0.05546175688505173]
1.2741511923766629  ::  5.812915  ::  [2.740114450454712, -0.16169685125350952, 0.055461958050727844]
1.2750761494006706  ::  5.828873  ::  [2.756871461868286, -0.16206929087638855, 0.05546320229768753]
1.2722565619339248  ::  5.84483  ::  [2.7652523517608643, -0.16225343942642212, 0.055464208126068115]
1.2693367627854502  ::  5.860787  ::  [2.7903971672058105, -0.16281093657016754, 0.055466748774051666]
1.2693367627854502  ::  5.876745  ::  [2.815535545349121, -0.16337016224861145, 0.05546421557664871]
1.2699977970310605  ::  5.89231  ::  [2.840672731399536, -0.16392846405506134, 0.05546307936310768]
1.2752606712299668  ::  5.908408  ::  [2.865809679031372, -0.16448856890201569, 0.05546250194311142]
1.2729569764889686  ::  5.924365  ::  [2.890947103500366, -0.1650456041097641, 0.05546296015381813]
1.2729569764889686  ::  5.940192  ::  [2.9160900115966797, -0.1656031459569931, 0.055465131998062134]
1.268578931952696  ::  5.956123  ::  [2.9412293434143066, -0.1661607176065445, 0.05546380579471588]
1.268578931952696  ::  5.97208  ::  [2.9579949378967285, -0.16653300821781158, 0.055463843047618866]
1.2711590359116685  ::  5.988062  ::  [2.983126640319824, -0.16709274053573608, 0.05546295642852783]
1.274903687124128  ::  6.003995  ::  [3.008265495300293, -0.1676516979932785, 0.05546407401561737]
1.274903687124128  ::  6.019982  ::  [3.03340482711792, -0.16820888221263885, 0.05546494945883751]
1.2728990266027291  ::  6.035935  ::  [3.0501675605773926, -0.168580561876297, 0.05546530708670616]
1.2704961873970597  ::  6.051893  ::  [3.066927909851074, -0.1689521223306656, 0.055465251207351685]
1.2699873383038938  ::  6.067861  ::  [3.0836894512176514, -0.16932448744773865, 0.05546548217535019]
1.2720964793752527  ::  6.083782  ::  [3.1004581451416016, -0.16969826817512512, 0.055461861193180084]
1.2754571458903106  ::  6.09974  ::  [3.142338752746582, -0.1706295758485794, 0.05546288937330246]
1.2754571458903106  ::  6.115191  ::  [3.142338752746582, -0.1706295758485794, 0.05546288937330246]
1.272010888567216  ::  6.131146  ::  [3.1674821376800537, -0.17118775844573975, 0.05546556040644646]
1.2701666307696067  ::  6.147103  ::  [3.1926233768463135, -0.17174483835697174, 0.05546491593122482]
1.270680175617827  ::  6.163114  ::  [3.209383249282837, -0.17211686074733734, 0.05546461045742035]
1.270680175617827  ::  6.17907  ::  [3.234530210494995, -0.17267699539661407, 0.055463530123233795]
1.2726909192764553  ::  6.194029  ::  [3.2512784004211426, -0.17304891347885132, 0.05546361207962036]
1.2750884223968355  ::  6.208992  ::  [3.2680351734161377, -0.1734219491481781, 0.05546262487769127]
1.275086714849543  ::  6.22395  ::  [3.2847959995269775, -0.17379415035247803, 0.05546572431921959]
1.275086714849543  ::  6.239399  ::  [3.30155873298645, -0.17416630685329437, 0.05546562746167183]
1.26929097917367  ::  6.255353  ::  [3.326697826385498, -0.17472335696220398, 0.05546501278877258]
1.2710958566618458  ::  6.271284  ::  [3.351839065551758, -0.1752823293209076, 0.05546629801392555]
1.2710958566618458  ::  6.287401  ::  [3.376973867416382, -0.1758418083190918, 0.055463336408138275]
1.2745473433485237  ::  6.303319  ::  [3.402111768722534, -0.17640063166618347, 0.05546543002128601]
1.272630514790983  ::  6.318648  ::  [3.4272518157958984, -0.17695671319961548, 0.05546564981341362]
1.2687539555501777  ::  6.334689  ::  [3.4691662788391113, -0.17788811028003693, 0.055465951561927795]
