1.461863467067125  ::  0.015956  ::  [-4.524914264678955, -3.95128590753302e-05, 0.055466003715991974]
1.4618585578686591  ::  0.031913  ::  [-4.524912357330322, -3.945147182093933e-05, 0.05546616017818451]
1.8667846152655725  ::  0.047906  ::  [-4.524914264678955, -3.946029028156772e-05, 0.05546620860695839]
1.7890828891636266  ::  0.062857  ::  [-4.534494400024414, 0.00029508312582038343, 0.0648556724190712]
1.7890828891636266  ::  0.07794  ::  [-4.531131267547607, 0.00014898853260092437, 0.06185118854045868]
1.683549422854348  ::  0.093925  ::  [-4.506107807159424, -0.0007763326284475625, 0.057219699025154114]
1.6131849207465823  ::  0.109884  ::  [-4.478001594543457, -0.001639126567170024, 0.06135497987270355]
1.5248035535470867  ::  0.125813  ::  [-4.455916881561279, -0.002322901040315628, 0.05562495440244675]
1.7034963499951354  ::  0.141795  ::  [-4.447768211364746, -0.002459295094013214, 0.0573357529938221]
1.7034963499951354  ::  0.157727  ::  [-4.4321136474609375, -0.003029921790584922, 0.05635126307606697]
1.64031880771981  ::  0.173705  ::  [-4.420658588409424, -0.0033691569697111845, 0.05580411106348038]
1.6333181839856643  ::  0.189642  ::  [-4.398133754730225, -0.003949142526835203, 0.05698617547750473]
1.641182186319582  ::  0.205598  ::  [-4.389969825744629, -0.004135538823902607, 0.055672235786914825]
1.63998967797918  ::  0.220564  ::  [-4.3754987716674805, -0.004548490978777409, 0.05610732361674309]
1.6593185797217873  ::  0.236519  ::  [-4.36660623550415, -0.004801346454769373, 0.05601608008146286]
1.6870800970467157  ::  0.251476  ::  [-4.346044063568115, -0.005369675345718861, 0.05614442378282547]
1.6870800970467157  ::  0.266786  ::  [-4.329467296600342, -0.005802750121802092, 0.05569455400109291]
1.6949967131815835  ::  0.282745  ::  [-4.320762634277344, -0.006058917846530676, 0.055627934634685516]
1.6945213747040329  ::  0.298673  ::  [-4.302796363830566, -0.006546015851199627, 0.05553976073861122]
1.6945213747040329  ::  0.314664  ::  [-4.294285297393799, -0.006798833608627319, 0.05551057681441307]
1.7164256846505581  ::  0.330589  ::  [-4.2771897315979, -0.007315558847039938, 0.05546800047159195]
1.7174224653825567  ::  0.346544  ::  [-4.2688188552856445, -0.007567588239908218, 0.05546634644269943]
1.7208193105558744  ::  0.362537  ::  [-4.243686676025391, -0.008322020061314106, 0.055466558784246445]
1.7215499273536543  ::  0.378526  ::  [-4.235309600830078, -0.00857336726039648, 0.055466823279857635]
1.7209570882780385  ::  0.394487  ::  [-4.218553066253662, -0.009076391346752644, 0.05546805262565613]
1.7186874377611843  ::  0.410444  ::  [-4.201791763305664, -0.009578397497534752, 0.05546886473894119]
1.7186874377611843  ::  0.426481  ::  [-4.185035228729248, -0.01008107140660286, 0.055470060557127]
1.715654727047993  ::  0.442409  ::  [-4.1766438484191895, -0.010332579724490643, 0.05546826124191284]
1.7169851198322645  ::  0.457852  ::  [-4.159900665283203, -0.010835100896656513, 0.05546805262565613]
1.7169851198322645  ::  0.473781  ::  [-4.13477087020874, -0.011590292677283287, 0.055466242134571075]
1.7195047125840586  ::  0.489742  ::  [-4.118013858795166, -0.012093937955796719, 0.05546598881483078]
1.7217512044907581  ::  0.505699  ::  [-4.092874526977539, -0.012847458943724632, 0.05546712130308151]
1.7217512044907581  ::  0.521654  ::  [-4.084502696990967, -0.013098983094096184, 0.05546843633055687]
1.7193672550270123  ::  0.537614  ::  [-4.067746162414551, -0.013600620441138744, 0.05546944588422775]
1.7179511647129981  ::  0.552573  ::  [-4.059357643127441, -0.013852131552994251, 0.05546978861093521]
1.716005307851485  ::  0.568597  ::  [-4.050986289978027, -0.014103147201240063, 0.05546969547867775]
1.7156564345952854  ::  0.583578  ::  [-4.034219741821289, -0.014606287702918053, 0.05546651408076286]
1.7173532029955048  ::  0.599541  ::  [-4.025852203369141, -0.014857657253742218, 0.0554676353931427]
1.720848338859847  ::  0.615499  ::  [-4.000715255737305, -0.015612700954079628, 0.05546562001109123]
1.720848338859847  ::  0.631395  ::  [-3.975588083267212, -0.016367126256227493, 0.05546628683805466]
1.7208291289528064  ::  0.647366  ::  [-3.950453281402588, -0.0171206071972847, 0.055468928068876266]
1.7180109288682357  ::  0.66331  ::  [-3.9253158569335938, -0.017873583361506462, 0.055469248443841934]
1.7150500418630352  ::  0.679273  ::  [-3.9001822471618652, -0.0186275914311409, 0.05546863004565239]
1.719517732632164  ::  0.695258  ::  [-3.883427858352661, -0.01913084089756012, 0.055466845631599426]
1.720867015158359  ::  0.710107  ::  [-3.8499083518981934, -0.020137060433626175, 0.055465444922447205]
1.720867015158359  ::  0.726065  ::  [-3.8331637382507324, -0.020638886839151382, 0.055467478930950165]
1.7164161864187435  ::  0.741993  ::  [-3.808027744293213, -0.021391497924923897, 0.055469051003456116]
1.7164161864187435  ::  0.758038  ::  [-3.7828896045684814, -0.022145438939332962, 0.055469006299972534]
1.7171868238561914  ::  0.774004  ::  [-3.757758140563965, -0.022899728268384933, 0.055467233061790466]
1.7202880499044946  ::  0.789843  ::  [-3.7326271533966064, -0.02365429326891899, 0.055465780198574066]
1.7202880499044946  ::  0.80577  ::  [-3.7074942588806152, -0.024408413097262383, 0.05546686798334122]
1.720188585274706  ::  0.820756  ::  [-3.6823558807373047, -0.025161001831293106, 0.05546865612268448]
1.7163477778053375  ::  0.835718  ::  [-3.6739773750305176, -0.02541249431669712, 0.055469803512096405]
1.7163477778053375  ::  0.851671  ::  [-3.648836612701416, -0.02616538666188717, 0.055469170212745667]
1.7151252806656112  ::  0.86764  ::  [-3.6320865154266357, -0.026668746024370193, 0.055468130856752396]
1.715699550164421  ::  0.883588  ::  [-3.615330696105957, -0.02717205323278904, 0.055466778576374054]
1.7192757945251576  ::  0.89952  ::  [-3.598578453063965, -0.027675053104758263, 0.055466119199991226]
1.7210360623403167  ::  0.9155  ::  [-3.590198040008545, -0.02792632021009922, 0.055465616285800934]
1.7210360623403167  ::  0.931459  ::  [-3.565065860748291, -0.02868041768670082, 0.05546775087714195]
1.7202228429422621  ::  0.947392  ::  [-3.548308849334717, -0.0291823148727417, 0.05546914413571358]
1.715699016555892  ::  0.963349  ::  [-3.5315511226654053, -0.0296842809766531, 0.05546983703970909]
1.7150591132080266  ::  0.979334  ::  [-3.514788866043091, -0.030186519026756287, 0.055468712002038956]
1.7150591132080266  ::  0.995292  ::  [-3.489658832550049, -0.03094107285141945, 0.05546669289469719]
1.72109796092967  ::  1.01023  ::  [-3.4645204544067383, -0.03169603273272514, 0.05546442046761513]
1.7201968028460513  ::  1.025189  ::  [-3.439391851425171, -0.032449834048748016, 0.055467307567596436]
1.7201968028460513  ::  1.040894  ::  [-3.4142608642578125, -0.03320237621665001, 0.055469028651714325]
1.7169065726568093  ::  1.056789  ::  [-3.405881881713867, -0.033453717827796936, 0.055469464510679245]
1.7169065726568093  ::  1.072747  ::  [-3.3891170024871826, -0.03395630791783333, 0.055469393730163574]
1.7155183367080042  ::  1.088704  ::  [-3.363990306854248, -0.03471071645617485, 0.0554673969745636]
1.720677477408891  ::  1.104667  ::  [-3.3388588428497314, -0.03546544536948204, 0.05546612665057182]
1.7211936902997558  ::  1.120595  ::  [-3.3137285709381104, -0.03621990233659744, 0.055466167628765106]
1.720830836500099  ::  1.136578  ::  [-3.2969608306884766, -0.036722175776958466, 0.0554661862552166]
1.7180040986790657  ::  1.152114  ::  [-3.2885921001434326, -0.036973193287849426, 0.05546851083636284]
1.7180040986790657  ::  1.167594  ::  [-3.263456106185913, -0.03772607073187828, 0.05546969920396805]
1.7156715890775063  ::  1.182564  ::  [-3.2466981410980225, -0.03822905197739601, 0.055468302220106125]
1.7180439058753223  ::  1.197513  ::  [-3.2215688228607178, -0.03898422420024872, 0.05546649172902107]
1.7180439058753223  ::  1.213471  ::  [-3.20481538772583, -0.0394873283803463, 0.055465731769800186]
1.7192033304869319  ::  1.228454  ::  [-3.1964383125305176, -0.039738722145557404, 0.05546534061431885]
1.721573512850632  ::  1.244412  ::  [-3.179680347442627, -0.0402415432035923, 0.05546700209379196]
1.7182550014093578  ::  1.260369  ::  [-3.154545783996582, -0.04099463298916817, 0.055468715727329254]
1.7162438308639065  ::  1.276327  ::  [-3.1294069290161133, -0.04174819961190224, 0.05546947941184044]
1.7162438308639065  ::  1.292284  ::  [-3.1126480102539062, -0.042251382023096085, 0.0554683692753315]
1.7200990457635557  ::  1.308241  ::  [-3.0875096321105957, -0.04300716519355774, 0.05546489730477333]
1.7221564268076104  ::  1.324198  ::  [-3.062385320663452, -0.04376205801963806, 0.055465277284383774]
1.7221564268076104  ::  1.340158  ::  [-3.037254571914673, -0.04451610893011093, 0.05546794459223747]
1.7204820699656052  ::  1.356113  ::  [-3.0121188163757324, -0.0452694408595562, 0.05546948313713074]
1.7169437118104212  ::  1.372074  ::  [-3.0037271976470947, -0.04552074521780014, 0.05546834319829941]
1.7169437118104212  ::  1.387031  ::  [-2.9869816303253174, -0.04602331668138504, 0.05546892434358597]
1.7161124564440895  ::  1.401992  ::  [-2.970226526260376, -0.04652649909257889, 0.05546731874346733]
1.7173179848325968  ::  1.416951  ::  [-2.961848497390747, -0.04677834361791611, 0.05546720325946808]
1.7173179848325968  ::  1.432908  ::  [-2.953472375869751, -0.047030121088027954, 0.055465977638959885]
1.7196464390093364  ::  1.447868  ::  [-2.9367146492004395, -0.04753391444683075, 0.05546531453728676]
1.722453006427977  ::  1.463827  ::  [-2.9199631214141846, -0.04803723841905594, 0.055466428399086]
1.722453006427977  ::  1.479785  ::  [-2.9032070636749268, -0.04853932559490204, 0.05546748638153076]
1.721443632534696  ::  1.49574  ::  [-2.8864481449127197, -0.049041640013456345, 0.055469684302806854]
1.7190030138451802  ::  1.510702  ::  [-2.86968994140625, -0.049544163048267365, 0.05546944588422775]
1.7178778469011262  ::  1.525659  ::  [-2.861311912536621, -0.049795571714639664, 0.055469222366809845]
1.717003902852482  ::  1.541619  ::  [-2.8529305458068848, -0.05004691705107689, 0.05546895042061806]
1.717003902852482  ::  1.556965  ::  [-2.827801465988159, -0.05080229416489601, 0.05546639487147331]
1.7177112543184014  ::  1.572412  ::  [-2.819424629211426, -0.051054589450359344, 0.05546621233224869]
1.7214989143782908  ::  1.588516  ::  [-2.7942938804626465, -0.05180957540869713, 0.055465586483478546]
1.7211994532718682  ::  1.604186  ::  [-2.752398729324341, -0.05306597054004669, 0.05546911805868149]
1.7174323905011946  ::  1.620175  ::  [-2.752398729324341, -0.05306597054004669, 0.05546911805868149]
1.716528244209814  ::  1.636124  ::  [-2.727259635925293, -0.05382001772522926, 0.055469341576099396]
1.716528244209814  ::  1.652063  ::  [-2.702117919921875, -0.05457507073879242, 0.05546625331044197]
1.721986632573712  ::  1.66802  ::  [-2.6769912242889404, -0.055331163108348846, 0.05546528473496437]
1.721986632573712  ::  1.683334  ::  [-2.651853322982788, -0.05608498677611351, 0.05546608939766884]
1.7180337673132728  ::  1.698943  ::  [-2.6267316341400146, -0.05683869868516922, 0.055469054728746414]
1.7180337673132728  ::  1.713903  ::  [-2.601583480834961, -0.05759274587035179, 0.05546913295984268]
1.7160635779028417  ::  1.729861  ::  [-2.5848376750946045, -0.05809513106942177, 0.055468108505010605]
1.7160635779028417  ::  1.745819  ::  [-2.5764527320861816, -0.0583474338054657, 0.05546731874346733]
1.7170962171279829  ::  1.760777  ::  [-2.5680813789367676, -0.05859864503145218, 0.05546718090772629]
1.7194753641149687  ::  1.776646  ::  [-2.5597050189971924, -0.05885054171085358, 0.055466100573539734]
1.7194753641149687  ::  1.792604  ::  [-2.542951822280884, -0.059354446828365326, 0.05546557158231735]
1.7222159775194363  ::  1.808562  ::  [-2.5178186893463135, -0.060108352452516556, 0.055466603487730026]
1.7212642333472774  ::  1.824522  ::  [-2.4926819801330566, -0.06086159497499466, 0.05546918511390686]
1.7154037175959949  ::  1.840447  ::  [-2.4675443172454834, -0.06161574274301529, 0.05546920374035835]
1.7154037175959949  ::  1.856434  ::  [-2.4424116611480713, -0.06237015500664711, 0.055467624217271805]
1.717613817401023  ::  1.872386  ::  [-2.41728138923645, -0.06312502920627594, 0.05546567589044571]
1.7209522858012782  ::  1.888344  ::  [-2.392148971557617, -0.06387954205274582, 0.0554666593670845]
1.7213206891296358  ::  1.904305  ::  [-2.367013454437256, -0.06463239341974258, 0.05546867847442627]
1.7179050609361006  ::  1.920276  ::  [-2.3418755531311035, -0.0653860792517662, 0.055469464510679245]
1.7159992247142555  ::  1.936234  ::  [-2.3167428970336914, -0.06613992154598236, 0.05546770244836807]
1.7159992247142555  ::  1.952201  ::  [-2.2999768257141113, -0.06664398312568665, 0.055466245859861374]
1.7192144295443332  ::  1.968132  ::  [-2.274850845336914, -0.06739837676286697, 0.05546548217535019]
1.721592616035967  ::  1.984092  ::  [-2.2413439750671387, -0.0684037134051323, 0.05546826496720314]
1.7166584446908675  ::  2.000046  ::  [-2.2161941528320312, -0.06915684044361115, 0.05546872690320015]
1.7166584446908675  ::  2.016002  ::  [-2.1994481086730957, -0.06965924054384232, 0.0554695725440979]
1.7198094030540647  ::  2.03125  ::  [-2.1659278869628906, -0.07066614180803299, 0.05546567216515541]
1.7217711614497393  ::  2.046154  ::  [-2.1408002376556396, -0.07142095267772675, 0.05546468123793602]
1.7217711614497393  ::  2.061542  ::  [-2.115663528442383, -0.07217477262020111, 0.055467382073402405]
1.7170201245517607  ::  2.077203  ::  [-2.098917245864868, -0.07267682999372482, 0.055469103157520294]
1.7152789599219365  ::  2.09293  ::  [-2.0737805366516113, -0.07342953979969025, 0.055469341576099396]
1.7164532188506496  ::  2.108888  ::  [-2.0486457347869873, -0.07418408989906311, 0.055467527359724045]
1.7164532188506496  ::  2.124168  ::  [-2.031886100769043, -0.07468828558921814, 0.05546564236283302]
1.7213410729754401  ::  2.139128  ::  [-2.006758213043213, -0.07544247061014175, 0.0554657019674778]
1.7213410729754401  ::  2.155085  ::  [-1.981626272201538, -0.07619564235210419, 0.05546806752681732]
1.7188017367080763  ::  2.170049  ::  [-1.956489086151123, -0.07694848626852036, 0.05546959862112999]
1.715531570199521  ::  2.186005  ::  [-1.931353211402893, -0.07770220190286636, 0.05546858534216881]
1.714924110250213  ::  2.201962  ::  [-1.9145941734313965, -0.07820543646812439, 0.05546705797314644]
1.7176800915803132  ::  2.21789  ::  [-1.8894660472869873, -0.0789603516459465, 0.05546528846025467]
1.7209331826159433  ::  2.233846  ::  [-1.8643330335617065, -0.07971475273370743, 0.05546651408076286]
1.7174835101982637  ::  2.249846  ::  [-1.8391993045806885, -0.08046802878379822, 0.05546840280294418]
1.7156187618331444  ::  2.265791  ::  [-1.8140602111816406, -0.08122130483388901, 0.055469922721385956]
1.7156187618331444  ::  2.281728  ::  [-1.797303557395935, -0.08172440528869629, 0.055468447506427765]
1.719013259128935  ::  2.297686  ::  [-1.772169828414917, -0.08247923105955124, 0.05546577274799347]
1.719013259128935  ::  2.313643  ::  [-1.7470335960388184, -0.0832337886095047, 0.05546538904309273]
1.7208276348489255  ::  2.329602  ::  [-1.730286955833435, -0.08373605459928513, 0.055466290563344955]
1.7210869685939745  ::  2.345561  ::  [-1.7135272026062012, -0.08423782885074615, 0.05546816065907478]
1.7181550031710406  ::  2.360518  ::  [-1.7051494121551514, -0.0844893679022789, 0.05546893551945686]
1.716892592113352  ::  2.376475  ::  [-1.6883833408355713, -0.0849916934967041, 0.055469024926424026]
1.716892592113352  ::  2.391434  ::  [-1.6800117492675781, -0.08524228632450104, 0.055469635874032974]
1.715270315463768  ::  2.40684  ::  [-1.6632556915283203, -0.0857447013258934, 0.05546845123171806]
1.7181483864252822  ::  2.422412  ::  [-1.6464998722076416, -0.08624833077192307, 0.05546712130308151]
1.7181483864252822  ::  2.438237  ::  [-1.6213700771331787, -0.08700336515903473, 0.05546557530760765]
1.7212563359410495  ::  2.454199  ::  [-1.5962378978729248, -0.08775735646486282, 0.055466651916503906]
1.7170783946031174  ::  2.470168  ::  [-1.5710991621017456, -0.08851036429405212, 0.05546875670552254]
1.7170783946031174  ::  2.48595  ::  [-1.545961618423462, -0.08926384896039963, 0.05546959117054939]
1.7167714629772899  ::  2.501908  ::  [-1.5291976928710938, -0.08976705372333527, 0.05546736344695091]
1.7167714629772899  ::  2.517866  ::  [-1.5040658712387085, -0.09052227437496185, 0.05546580255031586]
1.7212080977300364  ::  2.533823  ::  [-1.4873231649398804, -0.09102487564086914, 0.055465731769800186]
1.7212080977300364  ::  2.549781  ::  [-1.4705555438995361, -0.09152831137180328, 0.05546566843986511]
1.721751311212464  ::  2.565503  ::  [-1.4538092613220215, -0.09203023463487625, 0.05546853691339493]
1.7179611965533417  ::  2.581407  ::  [-1.445431113243103, -0.09228160977363586, 0.05546880140900612]
1.7155929351803454  ::  2.5975  ::  [-1.4202942848205566, -0.09303496778011322, 0.05546937510371208]
1.7162261150607467  ::  2.613299  ::  [-1.3951587677001953, -0.09378913044929504, 0.0554683543741703]
1.7195708800416432  ::  2.629257  ::  [-1.3783979415893555, -0.09429237246513367, 0.05546589940786362]
1.7195708800416432  ::  2.645214  ::  [-1.3532750606536865, -0.09504736214876175, 0.05546575412154198]
1.7199238087226625  ::  2.660935  ::  [-1.328141212463379, -0.0958014652132988, 0.05546772852540016]
1.7199238087226625  ::  2.676675  ::  [-1.3030041456222534, -0.09655456244945526, 0.055469151586294174]
1.716361224740266  ::  2.692633  ::  [-1.277868390083313, -0.09730786830186844, 0.05546903237700462]
1.715374369126905  ::  2.70859  ::  [-1.2611128091812134, -0.09781122207641602, 0.05546789616346359]
1.7161193933549652  ::  2.724549  ::  [-1.2443548440933228, -0.09831470251083374, 0.055466122925281525]
1.7171457359994655  ::  2.740505  ::  [-1.23598313331604, -0.09856622666120529, 0.05546516552567482]
1.7196717320536066  ::  2.756462  ::  [-1.2192245721817017, -0.09906946867704391, 0.055465083569288254]
1.7213039338218281  ::  2.772419  ::  [-1.2024726867675781, -0.09957174956798553, 0.05546674132347107]
1.7194385451264742  ::  2.787763  ::  [-1.1857140064239502, -0.10007425397634506, 0.055468641221523285]
1.7159586704660585  ::  2.803747  ::  [-1.168954849243164, -0.10057587921619415, 0.05546954646706581]
1.7159586704660585  ::  2.819529  ::  [-1.143816351890564, -0.10133007168769836, 0.05546840280294418]
1.7155420289266876  ::  2.835014  ::  [-1.1186761856079102, -0.10208547115325928, 0.05546603351831436]
1.71869640238447  ::  2.850971  ::  [-1.0935568809509277, -0.10283935815095901, 0.05546549707651138]
1.7215928294793785  ::  2.866957  ::  [-1.068422555923462, -0.10359348356723785, 0.05546744912862778]
1.7204859119470133  ::  2.882914  ::  [-1.0432813167572021, -0.10434681177139282, 0.05546877533197403]
1.7167487312539584  ::  2.898871  ::  [-1.0181491374969482, -0.10509981960058212, 0.05546930059790611]
1.71546860439311  ::  2.914686  ::  [-0.9930166006088257, -0.10585516691207886, 0.05546696111559868]
1.7181569241617447  ::  2.930658  ::  [-0.9678859114646912, -0.10660991817712784, 0.05546500161290169]
1.7213877103608666  ::  2.946574  ::  [-0.942753255367279, -0.10736428201198578, 0.055465810000896454]
1.7216112923344786  ::  2.962531  ::  [-0.9259963035583496, -0.10786684602499008, 0.05546804517507553]
1.7176235290762492  ::  2.978374  ::  [-0.8924767374992371, -0.1088709682226181, 0.05546938627958298]
1.7157898367275122  ::  2.993921  ::  [-0.8757225275039673, -0.1093740314245224, 0.055468544363975525]
1.7196561506845625  ::  3.009878  ::  [-0.8422151803970337, -0.11038036644458771, 0.05546531826257706]
1.7196561506845625  ::  3.02584  ::  [-0.8254610300064087, -0.11088356375694275, 0.0554657056927681]
1.7215118277046904  ::  3.041797  ::  [-0.7919485569000244, -0.11188798397779465, 0.05546800047159195]
1.716311919312195  ::  3.057758  ::  [-0.775189995765686, -0.11239036917686462, 0.055468738079071045]
1.716311919312195  ::  3.073712  ::  [-0.7500525116920471, -0.11314410716295242, 0.05546911060810089]
1.716525789610581  ::  3.089334  ::  [-0.7332863807678223, -0.11364792287349701, 0.05546531826257706]
1.7200540092037158  ::  3.105287  ::  [-0.7165440917015076, -0.11415037512779236, 0.05546589940786362]
1.7216242056608781  ::  3.121227  ::  [-0.674647331237793, -0.1154082641005516, 0.055466003715991974]
1.7205782262225142  ::  3.13722  ::  [-0.674647331237793, -0.1154082641005516, 0.055466003715991974]
1.7205782262225142  ::  3.153141  ::  [-0.6495170593261719, -0.11616157740354538, 0.055468685925006866]
1.71814945364234  ::  3.169099  ::  [-0.6327629089355469, -0.11666369438171387, 0.05546925216913223]
1.7153644440082674  ::  3.184058  ::  [-0.6160013675689697, -0.11716616153717041, 0.055469077080488205]
1.7153644440082674  ::  3.199019  ::  [-0.5992511510848999, -0.1176692321896553, 0.05546671897172928]
1.717719792054864  ::  3.214778  ::  [-0.5741193294525146, -0.11842440068721771, 0.05546536296606064]
1.7216900529533454  ::  3.230356  ::  [-0.5573586225509644, -0.1189272478222847, 0.05546536669135094]
1.7216900529533454  ::  3.245929  ::  [-0.5322290062904358, -0.11968128383159637, 0.055467769503593445]
1.7168141516596025  ::  3.260889  ::  [-0.5070916414260864, -0.12043443322181702, 0.055469170212745667]
1.7168141516596025  ::  3.276844  ::  [-0.490335613489151, -0.12093694508075714, 0.05546903237700462]
1.7184657767782763  ::  3.292801  ::  [-0.4652012288570404, -0.12169146537780762, 0.05546736344695091]
1.721582264030506  ::  3.308759  ::  [-0.4400726556777954, -0.12244612723588943, 0.05546535179018974]
1.721582264030506  ::  3.324716  ::  [-0.41493985056877136, -0.1232004314661026, 0.055466461926698685]
1.720082717342571  ::  3.340674  ::  [-0.3981829583644867, -0.1237030178308487, 0.05546743422746658]
1.7176747554950242  ::  3.356632  ::  [-0.38141873478889465, -0.12420491874217987, 0.055468808859586716]
1.7176747554950242  ::  3.372418  ::  [-0.364667147397995, -0.12470750510692596, 0.055468831211328506]
1.7166295231086006  ::  3.388385  ::  [-0.35628756880760193, -0.1249585971236229, 0.055468782782554626]
1.716570719448715  ::  3.40445  ::  [-0.3395319879055023, -0.12546215951442719, 0.05546688288450241]
1.7200215658051583  ::  3.420487  ::  [-0.32277554273605347, -0.1259661316871643, 0.05546591430902481]
1.7200215658051583  ::  3.436373  ::  [-0.29764726758003235, -0.1267208755016327, 0.05546548217535019]
1.7198027863083063  ::  3.452398  ::  [-0.27251315116882324, -0.12747421860694885, 0.05546700581908226]
1.7173141428511887  ::  3.468358  ::  [-0.24736930429935455, -0.12822765111923218, 0.05546846240758896]
1.7173141428511887  ::  3.484338  ::  [-0.2306171953678131, -0.12872953712940216, 0.0554690882563591]
1.717914132281092  ::  3.500355  ::  [-0.20548391342163086, -0.12948466837406158, 0.05546747148036957]
1.721403078286499  ::  3.516347  ::  [-0.18035438656806946, -0.1302395761013031, 0.05546526238322258]
1.7220177953118003  ::  3.532269  ::  [-0.15522056818008423, -0.13099415600299835, 0.0554661862552166]
1.7195498558656042  ::  3.548301  ::  [-0.1384633183479309, -0.13149672746658325, 0.055467329919338226]
1.716207865649058  ::  3.56426  ::  [-0.11332598328590393, -0.13225015997886658, 0.05546960607171059]
1.716207865649058  ::  3.579764  ::  [-0.0881907120347023, -0.13300420343875885, 0.055468328297138214]
1.7162522618786633  ::  3.595751  ::  [-0.06305913627147675, -0.13375893235206604, 0.055466264486312866]
1.719637367664345  ::  3.611504  ::  [-0.03792820870876312, -0.13451401889324188, 0.05546541512012482]
1.721312258114879  ::  3.627411  ::  [-0.021168921142816544, -0.13501694798469543, 0.05546627566218376]
1.721312258114879  ::  3.643325  ::  [0.003966850228607655, -0.13577014207839966, 0.055467888712882996]
1.7191156052447796  ::  3.659168  ::  [0.0207210760563612, -0.1362724006175995, 0.05546865239739418]
1.7160642182330763  ::  3.675202  ::  [0.04585724323987961, -0.1370263695716858, 0.055467743426561356]
1.7164847017538551  ::  3.691156  ::  [0.07098772376775742, -0.13778094947338104, 0.055464573204517365]
1.7091964630226284  ::  3.707175  ::  [0.09610746055841446, -0.13852965831756592, 0.055460941046476364]
1.7067230807694376  ::  3.72291  ::  [0.12123741954565048, -0.1392698734998703, 0.05545460432767868]
1.7067230807694376  ::  3.738918  ::  [0.14638274908065796, -0.14003008604049683, 0.055467888712882996]
1.7033078794627254  ::  3.754873  ::  [0.17151854932308197, -0.1407787799835205, 0.05546712130308151]
1.7096793787412896  ::  3.770829  ::  [0.1882530152797699, -0.1412993222475052, 0.05544564127922058]
1.7096793787412896  ::  3.786817  ::  [0.20500870048999786, -0.14179380238056183, 0.05544937402009964]
1.7129081372280015  ::  3.80277  ::  [0.22178512811660767, -0.14228151738643646, 0.05546265468001366]
1.7159140607930419  ::  3.818702  ::  [0.23852989077568054, -0.14278119802474976, 0.0554654486477375]
1.7159140607930419  ::  3.834659  ::  [0.2552872896194458, -0.14328205585479736, 0.055466484278440475]
1.7136409951816027  ::  3.850615  ::  [0.2636675238609314, -0.1435321718454361, 0.05546794831752777]
1.7136409951816027  ::  3.866574  ::  [0.2804260551929474, -0.14403316378593445, 0.05546843260526657]
1.7097441588166988  ::  3.882531  ::  [0.3055596351623535, -0.14478416740894318, 0.05546635016798973]
1.7097441588166988  ::  3.898487  ::  [0.31394630670547485, -0.14503465592861176, 0.05546506494283676]
1.7134210417459872  ::  3.914469  ::  [0.33069249987602234, -0.1455354243516922, 0.055464424192905426]
1.7134210417459872  ::  3.930427  ::  [0.3558228611946106, -0.14628875255584717, 0.05546350032091141]
1.7154118284456343  ::  3.946359  ::  [0.37257862091064453, -0.14679056406021118, 0.055464841425418854]
1.7144043755430574  ::  3.961347  ::  [0.3893382251262665, -0.14729073643684387, 0.05546543747186661]
1.7144043755430574  ::  3.977305  ::  [0.40609243512153625, -0.14779159426689148, 0.055466365069150925]
1.7107088163152575  ::  3.993234  ::  [0.4312313497066498, -0.1485424041748047, 0.05546734482049942]
1.711021617634903  ::  4.009191  ::  [0.4563641846179962, -0.14929437637329102, 0.05546516552567482]
1.71452902649541  ::  4.025148  ::  [0.4731180965900421, -0.1497962921857834, 0.05546332523226738]
1.71541876535651  ::  4.04123  ::  [0.4982503056526184, -0.15054813027381897, 0.05546386167407036]
1.71541876535651  ::  4.057328  ::  [0.5233882665634155, -0.1512991040945053, 0.055466797202825546]
1.7126539261248301  ::  4.073414  ::  [0.5485237240791321, -0.15204985439777374, 0.055467914789915085]
1.7095840762580268  ::  4.089366  ::  [0.5736638307571411, -0.15280166268348694, 0.05546572431921959]
1.7136663949475788  ::  4.105458  ::  [0.59879469871521, -0.1535533219575882, 0.055464379489421844]
1.7136663949475788  ::  4.121373  ::  [0.6239288449287415, -0.15430618822574615, 0.05546294525265694]
1.71558194284465  ::  4.136965  ::  [0.6490657329559326, -0.15505710244178772, 0.055464111268520355]
1.7120785894089623  ::  4.152887  ::  [0.6658117771148682, -0.15555685758590698, 0.05546602979302406]
1.7120785894089623  ::  4.168844  ::  [0.6825753450393677, -0.1560574769973755, 0.055465780198574066]
1.709207882245147  ::  4.183804  ::  [0.7077077627182007, -0.1568082869052887, 0.055464647710323334]
1.713742487523801  ::  4.199869  ::  [0.7328379154205322, -0.15756107866764069, 0.055464014410972595]
1.713742487523801  ::  4.214799  ::  [0.7579729557037354, -0.15831232070922852, 0.055462658405303955]
1.7152896320925146  ::  4.230756  ::  [0.7831143140792847, -0.15906359255313873, 0.05546242743730545]
1.7139638283415917  ::  4.246842  ::  [0.7998635768890381, -0.15956397354602814, 0.05546728894114494]
1.7104832066292355  ::  4.262918  ::  [0.8250001072883606, -0.16031414270401, 0.055467166006565094]
1.7092470491111689  ::  4.278904  ::  [0.8501322269439697, -0.16106568276882172, 0.05546443909406662]
1.7152276267814555  ::  4.294834  ::  [0.8752620220184326, -0.1618179827928543, 0.0554627925157547]
1.7152276267814555  ::  4.310935  ::  [0.900395393371582, -0.1625697910785675, 0.05546264722943306]
1.7151539888044662  ::  4.326893  ::  [0.90877366065979, -0.1628202497959137, 0.055464692413806915]
1.7151539888044662  ::  4.342978  ::  [0.9255324006080627, -0.16332069039344788, 0.055466607213020325]
1.7096979483180954  ::  4.358963  ::  [0.9506714940071106, -0.1640719771385193, 0.055467389523983]
1.7114437019812685  ::  4.374915  ::  [0.9758039712905884, -0.16482344269752502, 0.055464375764131546]
1.7137977693673956  ::  4.390872  ::  [1.0009369850158691, -0.16557571291923523, 0.05546244978904724]
1.7148965760501216  ::  4.406851  ::  [1.0176975727081299, -0.1660778522491455, 0.0554627999663353]
1.7148965760501216  ::  4.4228  ::  [1.0260679721832275, -0.1663278490304947, 0.05546305328607559]
1.7155166291607118  ::  4.438759  ::  [1.042824387550354, -0.16682778298854828, 0.0554652139544487]
1.7155166291607118  ::  4.45438  ::  [1.0512081384658813, -0.1670789271593094, 0.05546511709690094]
1.712582209138545  ::  4.470093  ::  [1.0763405561447144, -0.16782978177070618, 0.05546712130308151]
1.7106376329375013  ::  4.486156  ::  [1.1014750003814697, -0.16858096420764923, 0.0554647222161293]
1.7106376329375013  ::  4.502113  ::  [1.126609444618225, -0.16933313012123108, 0.05546286702156067]
1.71414525524142  ::  4.518091  ::  [1.1517398357391357, -0.1700855791568756, 0.055463243275880814]
1.7153467282051076  ::  4.534138  ::  [1.168498158454895, -0.17058637738227844, 0.05546431988477707]
1.7133181620216138  ::  4.549671  ::  [1.1852511167526245, -0.1710866391658783, 0.0554654635488987]
1.7133181620216138  ::  4.565697  ::  [1.2020113468170166, -0.17158685624599457, 0.055467620491981506]
1.7093103350826973  ::  4.581656  ::  [1.2271480560302734, -0.1723376214504242, 0.055466361343860626]
1.7093103350826973  ::  4.596634  ::  [1.2438994646072388, -0.17283959686756134, 0.05546358600258827]
1.7106597243305979  ::  4.611574  ::  [1.2606561183929443, -0.17334102094173431, 0.055463358759880066]
1.712953814118076  ::  4.626969  ::  [1.2774163484573364, -0.17384286224842072, 0.055462904274463654]
1.7148739510484958  ::  4.642945  ::  [1.2941629886627197, -0.17434291541576385, 0.05546347051858902]
1.7148739510484958  ::  4.658901  ::  [1.319301962852478, -0.17509347200393677, 0.05546572431921959]
1.7097319925422398  ::  4.674692  ::  [1.3360644578933716, -0.17559370398521423, 0.055465422570705414]
1.7097319925422398  ::  4.69064  ::  [1.3611949682235718, -0.1763458102941513, 0.055465470999479294]
1.7093684984123483  ::  4.706534  ::  [1.3779486417770386, -0.17684747278690338, 0.05546300858259201]
1.710801770920993  ::  4.722465  ::  [1.3947086334228516, -0.17734870314598083, 0.05546259135007858]
1.7154739404783992  ::  4.737427  ::  [1.4114573001861572, -0.17785054445266724, 0.05546310544013977]
1.7154739404783992  ::  4.753382  ::  [1.4365980625152588, -0.1786005049943924, 0.0554642528295517]
1.7135796302007784  ::  4.769374  ::  [1.4449689388275146, -0.17885085940361023, 0.05546466261148453]
1.7135796302007784  ::  4.785297  ::  [1.4617303609848022, -0.17935141921043396, 0.05546608939766884]
1.7092385113747064  ::  4.80123  ::  [1.4784945249557495, -0.17985206842422485, 0.05546692758798599]
1.7102835303177184  ::  4.81721  ::  [1.5036203861236572, -0.18060322105884552, 0.05546370893716812]
1.7102835303177184  ::  4.833173  ::  [1.5203858613967896, -0.1811060607433319, 0.05546187609434128]
1.7154906957862068  ::  4.849179  ::  [1.5455166101455688, -0.18185818195343018, 0.0554620586335659]
1.7144624321510025  ::  4.865136  ::  [1.5622611045837402, -0.18235820531845093, 0.05546315386891365]
1.7144624321510025  ::  4.881094  ::  [1.587396502494812, -0.18310919404029846, 0.055465299636125565]
1.709498058563167  ::  4.897079  ::  [1.6125364303588867, -0.18385924398899078, 0.05546599626541138]
1.709498058563167  ::  4.913041  ::  [1.637669563293457, -0.18461190164089203, 0.055464453995227814]
1.7106441429615538  ::  4.928966  ::  [1.6544220447540283, -0.18511360883712769, 0.05546298995614052]
1.7151130076694463  ::  4.944101  ::  [1.671183466911316, -0.18561473488807678, 0.0554627850651741]
1.7151130076694463  ::  4.95914  ::  [1.6879315376281738, -0.18611472845077515, 0.055462922900915146]
1.7130840145991293  ::  4.975062  ::  [1.7130824327468872, -0.1868658810853958, 0.05546461045742035]
1.7099983699198702  ::  4.991089  ::  [1.729830026626587, -0.18736609816551208, 0.05546718090772629]
1.7099983699198702  ::  5.007183  ::  [1.754963755607605, -0.18811748921871185, 0.0554654598236084]
1.710274352251021  ::  5.023276  ::  [1.7801029682159424, -0.188870370388031, 0.055463362485170364]
1.7136566832723525  ::  5.039331  ::  [1.8052263259887695, -0.18962307274341583, 0.05546243116259575]
1.7143735329700867  ::  5.055423  ::  [1.8303622007369995, -0.19037435948848724, 0.05546410381793976]
1.7105753074613248  ::  5.071351  ::  [1.8555001020431519, -0.19112427532672882, 0.05546553432941437]
1.709586851022377  ::  5.087307  ::  [1.8806331157684326, -0.19187544286251068, 0.05546541139483452]
1.7113446642383032  ::  5.103357  ::  [1.8973915576934814, -0.19237633049488068, 0.055464837700128555]
1.7147374539868012  ::  5.119315  ::  [1.9225223064422607, -0.1931297928094864, 0.055462393909692764]
1.7147374539868012  ::  5.135099  ::  [1.9476512670516968, -0.1938808560371399, 0.055462636053562164]
1.7138423790404123  ::  5.151191  ::  [1.972798228263855, -0.19463278353214264, 0.055463023483753204]
1.7138423790404123  ::  5.167149  ::  [1.9895460605621338, -0.19513258337974548, 0.05546599626541138]
1.710387690702561  ::  5.183253  ::  [2.0146822929382324, -0.195884108543396, 0.05546553432941437]
1.7131221142480932  ::  5.198185  ::  [2.0398166179656982, -0.1966363936662674, 0.0554637648165226]
1.715562306050786  ::  5.217134  ::  [2.0817012786865234, -0.19788925349712372, 0.05546330288052559]
1.7160984759006321  ::  5.229102  ::  [2.090078592300415, -0.1981409192085266, 0.05546345189213753]
1.7161636828628646  ::  5.245059  ::  [2.090078592300415, -0.1981409192085266, 0.05546345189213753]
1.7136834704205037  ::  5.259981  ::  [2.0984628200531006, -0.198390930891037, 0.055463604629039764]
1.7136834704205037  ::  5.275935  ::  [2.123594045639038, -0.19914111495018005, 0.055465616285800934]
1.7103077561449307  ::  5.291892  ::  [2.148730993270874, -0.19989252090454102, 0.05546596646308899]
1.7136856048546194  ::  5.307656  ::  [2.1738619804382324, -0.20064498484134674, 0.05546308308839798]
1.7161660307403919  ::  5.32364  ::  [2.1989924907684326, -0.20139722526073456, 0.055462758988142014]
1.71489636260671  ::  5.339598  ::  [2.2241370677948, -0.2021494358778, 0.055461205542087555]
1.71489636260671  ::  5.355557  ::  [2.249274253845215, -0.20289988815784454, 0.055463142693042755]
1.7103367844489032  ::  5.371513  ::  [2.2744007110595703, -0.2036515772342682, 0.05546584352850914]
1.7103367844489032  ::  5.38747  ::  [2.299532890319824, -0.20440317690372467, 0.055463533848524094]
1.7110168151581426  ::  5.40355  ::  [2.307913303375244, -0.20465496182441711, 0.05546307936310768]
1.7132261679112302  ::  5.419479  ::  [2.3246636390686035, -0.20515677332878113, 0.05546233057975769]
1.7155842907221772  ::  5.435438  ::  [2.349794864654541, -0.20590820908546448, 0.055462323129177094]
1.7155842907221772  ::  5.451418  ::  [2.3749332427978516, -0.20665903389453888, 0.05546434223651886]
1.7132326779352829  ::  5.467379  ::  [2.3916900157928467, -0.2071600705385208, 0.055465638637542725]
1.7108129767001001  ::  5.483336  ::  [2.4084489345550537, -0.2076617032289505, 0.055465150624513626]
1.7102635733587372  ::  5.499293  ::  [2.433582305908203, -0.2084139883518219, 0.05546320229768753]
1.7131737675536916  ::  5.51525  ::  [2.4587149620056152, -0.2091664969921112, 0.05546245723962784]
1.716011604432126  ::  5.531179  ::  [2.483846664428711, -0.20991727709770203, 0.05546167120337486]
1.7148603973918615  ::  5.547111  ::  [2.5089855194091797, -0.21066886186599731, 0.05546552687883377]
1.7112484012596885  ::  5.563068  ::  [2.534120798110962, -0.2114192396402359, 0.055464670062065125]
1.709797306226178  ::  5.578957  ::  [2.5592548847198486, -0.21217156946659088, 0.05546411871910095]
1.7122390988544576  ::  5.594913  ::  [2.584383487701416, -0.2129235714673996, 0.0554625540971756]
1.7148427883104076  ::  5.61087  ::  [2.6011478900909424, -0.21342551708221436, 0.055461447685956955]
1.7146550648299381  ::  5.62683  ::  [2.6178908348083496, -0.21392636001110077, 0.055461764335632324]
1.7135419574386375  ::  5.64229  ::  [2.643028497695923, -0.2146759331226349, 0.05546509474515915]
1.7135419574386375  ::  5.658275  ::  [2.651407480239868, -0.2149275243282318, 0.05546540766954422]
1.7102615456463273  ::  5.674232  ::  [2.676544189453125, -0.21567930281162262, 0.055464763194322586]
1.7138616956691588  ::  5.69019  ::  [2.701680898666382, -0.2164314240217209, 0.055462874472141266]
1.7159961297847877  ::  5.706147  ::  [2.72680926322937, -0.21718361973762512, 0.05546180531382561]
1.7159961297847877  ::  5.722075  ::  [2.7519407272338867, -0.21793541312217712, 0.055463384836912155]
1.7107600427340326  ::  5.738034  ::  [2.77707576751709, -0.21868544816970825, 0.055464960634708405]
1.7099473569445067  ::  5.753996  ::  [2.802213191986084, -0.21943679451942444, 0.05546482279896736]
1.7099473569445067  ::  5.769562  ::  [2.827345132827759, -0.22018899023532867, 0.055463291704654694]
1.715326557802715  ::  5.785521  ::  [2.852476119995117, -0.2209412008523941, 0.055461909621953964]
1.715326557802715  ::  5.80048  ::  [2.8692307472229004, -0.22144241631031036, 0.05546154826879501]
1.7151744793719763  ::  5.816437  ::  [2.885993480682373, -0.22194375097751617, 0.05546267703175545]
1.7151744793719763  ::  5.831397  ::  [2.9027445316314697, -0.2224443405866623, 0.055464643985033035]
1.7104747756144787  ::  5.850346  ::  [2.9362611770629883, -0.22344593703746796, 0.0554649718105793]
1.709908190078485  ::  5.863311  ::  [2.9362611770629883, -0.22344593703746796, 0.0554649718105793]
1.709908190078485  ::  5.879217  ::  [2.9446425437927246, -0.22369658946990967, 0.05546395853161812]
1.7132006614235484  ::  5.895171  ::  [2.9613938331604004, -0.22419850528240204, 0.05546277388930321]
1.715515988830477  ::  5.910129  ::  [2.9865245819091797, -0.22495004534721375, 0.05546201393008232]
1.7154990200792577  ::  5.926089  ::  [3.011655807495117, -0.22570158541202545, 0.05546246096491814]
1.7154990200792577  ::  5.941046  ::  [3.020035743713379, -0.2259519100189209, 0.05546176806092262]
1.7106163953180507  ::  5.957007  ::  [3.0367939472198486, -0.22645165026187897, 0.055465541779994965]
1.7106163953180507  ::  5.97294  ::  [3.061931610107422, -0.227203369140625, 0.0554656945168972]
1.7120779490787277  ::  5.988898  ::  [3.087064504623413, -0.22795499861240387, 0.05546317994594574]
1.7120779490787277  ::  6.004762  ::  [3.1122021675109863, -0.2287083864212036, 0.05546195060014725]
1.7155355189026351  ::  6.020695  ::  [3.1205742359161377, -0.22895963490009308, 0.055462710559368134]
1.7155355189026351  ::  6.036681  ::  [3.137333393096924, -0.22945958375930786, 0.05546179413795471]
1.7116650427990592  ::  6.052638  ::  [3.1624631881713867, -0.23020967841148376, 0.055464278906583786]
1.7116650427990592  ::  6.068567  ::  [3.1876120567321777, -0.23096098005771637, 0.055463749915361404]
1.7114953552868666  ::  6.084553  ::  [3.2127444744110107, -0.2317124605178833, 0.055463749915361404]
1.7114953552868666  ::  6.100414  ::  [3.237873077392578, -0.23246565461158752, 0.05546210706233978]
1.7158615537137973  ::  6.116372  ::  [3.263010025024414, -0.2332172840833664, 0.05546249821782112]
1.7130585081114476  ::  6.132352  ::  [3.288145065307617, -0.23396818339824677, 0.055464304983615875]
1.7130585081114476  ::  6.148309  ::  [3.3132712841033936, -0.23471854627132416, 0.05546646937727928]
1.7112204401727737  ::  6.164266  ::  [3.338407039642334, -0.2354699969291687, 0.05546458438038826]
1.7112204401727737  ::  6.180164  ::  [3.3635430335998535, -0.23622408509254456, 0.05546462908387184]
1.713533419702175  ::  6.196099  ::  [3.3802921772003174, -0.236724853515625, 0.055463943630456924]
1.7164366769862536  ::  6.212059  ::  [3.4054276943206787, -0.23747631907463074, 0.055465709418058395]
1.7152580424676032  ::  6.228016  ::  [3.4305598735809326, -0.23822690546512604, 0.05546513944864273]
1.7104734949540092  ::  6.242974  ::  [3.4557013511657715, -0.23897984623908997, 0.05546757951378822]
1.7117460445737473  ::  6.258931  ::  [3.480834484100342, -0.2397318184375763, 0.0554647371172905]
