1.4630021876678132  ::  0.015589  ::  [-4.524875640869141, -4.103371611563489e-05, 0.05546615272760391]
1.4628829795224552  ::  0.031549  ::  [-4.524875164031982, -4.097926648682915e-05, 0.05546612665057182]
1.414485219559097  ::  0.047503  ::  [-4.5346198081970215, 0.0005571054061874747, 0.06484384834766388]
1.2742127708008988  ::  0.062975  ::  [-4.5346198081970215, 0.0005571054061874747, 0.06484384834766388]
1.2742127708008988  ::  0.07844  ::  [-4.5219573974609375, 6.277982174651697e-05, 0.056426238268613815]
1.3278093719396946  ::  0.0934  ::  [-4.491734981536865, -0.0006603623041883111, 0.060746073722839355]
0.9758824875726124  ::  0.109357  ::  [-4.466131687164307, -0.0012730531161651015, 0.05923650413751602]
1.1571452494175842  ::  0.125315  ::  [-4.446764945983887, -0.00183691899292171, 0.056896038353443146]
1.1571452494175842  ::  0.141272  ::  [-4.431247711181641, -0.002228721044957638, 0.056497540324926376]
1.12705442414227  ::  0.157229  ::  [-4.397258281707764, -0.002891504904255271, 0.05728995427489281]
1.12705442414227  ::  0.173187  ::  [-4.380659580230713, -0.0032655156683176756, 0.05582026392221451]
1.1297379414341446  ::  0.189144  ::  [-4.364431858062744, -0.003583325073122978, 0.05592337250709534]
1.0852754376497713  ::  0.205101  ::  [-4.344425678253174, -0.004003487061709166, 0.055965177714824677]
1.0203967513842895  ::  0.221059  ::  [-4.318565368652344, -0.004503134172409773, 0.055602796375751495]
1.0089137092856173  ::  0.237015  ::  [-4.310342788696289, -0.004657906945794821, 0.0555092915892601]
1.0000270995669018  ::  0.251976  ::  [-4.293379783630371, -0.004967815242707729, 0.05546938627958298]
1.0024989877162116  ::  0.266939  ::  [-4.251473426818848, -0.00570249417796731, 0.05546554550528526]
1.0049019336435867  ::  0.282185  ::  [-4.251473426818848, -0.00570249417796731, 0.05546554550528526]
1.0055336194201072  ::  0.297856  ::  [-4.234724998474121, -0.0059961071237921715, 0.05546673759818077]
1.003687333910088  ::  0.312817  ::  [-4.21796178817749, -0.006288542412221432, 0.055468473583459854]
1.0011293213442125  ::  0.328282  ::  [-4.192815780639648, -0.006727484054863453, 0.05546993389725685]
0.9995232663939075  ::  0.344395  ::  [-4.176053047180176, -0.007021279539912939, 0.05546988546848297]
0.9999463112356252  ::  0.360352  ::  [-4.15928316116333, -0.007314354181289673, 0.055467888712882996]
1.0021469128088387  ::  0.376308  ::  [-4.14253568649292, -0.007608461193740368, 0.0554664172232151]
1.0021469128088387  ::  0.392266  ::  [-4.125768184661865, -0.007902372628450394, 0.05546563118696213]
1.0055044843944287  ::  0.408223  ::  [-4.100624084472656, -0.0083435894921422, 0.05546551197767258]
1.0033063374204483  ::  0.423842  ::  [-4.083872318267822, -0.008635471574962139, 0.05546874925494194]
1.0033063374204483  ::  0.4398  ::  [-4.0587286949157715, -0.009074192494153976, 0.05546969920396805]
1.0000589026352247  ::  0.455757  ::  [-4.050335884094238, -0.009221315383911133, 0.055468134582042694]
0.9996781195889964  ::  0.471714  ::  [-4.033585548400879, -0.009514521807432175, 0.05546921491622925]
0.9996781195889964  ::  0.487671  ::  [-4.01682710647583, -0.009808097966015339, 0.055466990917921066]
1.0046031128673987  ::  0.503629  ::  [-3.9916863441467285, -0.010249435901641846, 0.05546591430902481]
1.0056481318104107  ::  0.519095  ::  [-3.9749298095703125, -0.010542457923293114, 0.055466555058956146]
1.004708874077828  ::  0.535052  ::  [-3.9581658840179443, -0.010835680179297924, 0.05546800419688225]
1.000970412724304  ::  0.550537  ::  [-3.916259765625, -0.011567137204110622, 0.05546993017196655]
0.9999564497976744  ::  0.565484  ::  [-3.907867431640625, -0.01171390525996685, 0.0554690808057785]
0.9997237964790708  ::  0.580443  ::  [-3.907867431640625, -0.01171390525996685, 0.0554690808057785]
0.9997237964790708  ::  0.5964  ::  [-3.882725954055786, -0.012154923751950264, 0.05546629801392555]
1.0016847011010992  ::  0.612357  ::  [-3.8659801483154297, -0.012448558583855629, 0.055466119199991226]
1.005971285135517  ::  0.628302  ::  [-3.8408405780792236, -0.012888920493423939, 0.05546635389328003]
1.004868636471383  ::  0.644259  ::  [-3.8240740299224854, -0.013182936236262321, 0.05546719208359718]
1.0013477806759472  ::  0.660217  ::  [-3.8073151111602783, -0.0134746627882123, 0.055469609797000885]
1.0000593295220477  ::  0.676174  ::  [-3.782172679901123, -0.013914193026721478, 0.05546899884939194]
1.0000593295220477  ::  0.692131  ::  [-3.7654013633728027, -0.014208072796463966, 0.055468183010816574]
1.0026942884377916  ::  0.708089  ::  [-3.748652935028076, -0.014502773061394691, 0.055466871708631516]
1.0026942884377916  ::  0.724046  ::  [-3.731889009475708, -0.014796040952205658, 0.055465854704380035]
1.006891226239353  ::  0.739005  ::  [-3.7151224613189697, -0.015090701170265675, 0.055466070771217346]
1.0060970033049275  ::  0.753965  ::  [-3.698371648788452, -0.01538375485688448, 0.05546792224049568]
1.0060970033049275  ::  0.768926  ::  [-3.681607961654663, -0.015676770359277725, 0.055469293147325516]
1.0016143714969892  ::  0.784887  ::  [-3.648082733154297, -0.016263175755739212, 0.05546899884939194]
1.0002481202195752  ::  0.800844  ::  [-3.6313235759735107, -0.016556130722165108, 0.05546773597598076]
1.0008381845308407  ::  0.82079  ::  [-3.6145620346069336, -0.01685110665857792, 0.055466197431087494]
1.0035668451042608  ::  0.831758  ::  [-3.5978057384490967, -0.017145399004220963, 0.055466361343860626]
1.006215464398345  ::  0.847716  ::  [-3.5810446739196777, -0.01743977889418602, 0.05546615272760391]
1.007225798786978  ::  0.863673  ::  [-3.5810446739196777, -0.01743977889418602, 0.05546615272760391]
1.0056612585802218  ::  0.879661  ::  [-3.5559003353118896, -0.017879510298371315, 0.05546886473894119]
1.003207406399189  ::  0.894621  ::  [-3.5391387939453125, -0.018172603100538254, 0.05547016113996506]
1.0012968744222894  ::  0.909581  ::  [-3.522376298904419, -0.01846603862941265, 0.0554695650935173]
1.0012968744222894  ::  0.925556  ::  [-3.5056145191192627, -0.018759723752737045, 0.05546822398900986]
1.0011674209931765  ::  0.941514  ::  [-3.4888548851013184, -0.019054248929023743, 0.05546761304140091]
1.0067600652629476  ::  0.957471  ::  [-3.4637181758880615, -0.019495852291584015, 0.0554661825299263]
1.0075400942105042  ::  0.973428  ::  [-3.4469568729400635, -0.019789939746260643, 0.05546681955456734]
1.0066346672586544  ::  0.989386  ::  [-3.4301953315734863, -0.020083364099264145, 0.05546823516488075]
1.0066346672586544  ::  1.005343  ::  [-3.4134318828582764, -0.020376581698656082, 0.05546955764293671]
1.0016743490956383  ::  1.021301  ::  [-3.39667010307312, -0.020669858902692795, 0.05547015741467476]
1.001033912139244  ::  1.037258  ::  [-3.3799057006835938, -0.020963545888662338, 0.05546925961971283]
1.001033912139244  ::  1.053215  ::  [-3.363149642944336, -0.021257665008306503, 0.05546789988875389]
1.0024156380639964  ::  1.068176  ::  [-3.3463876247406006, -0.021552138030529022, 0.055466629564762115]
1.0075439361919123  ::  1.083137  ::  [-3.329631805419922, -0.02184687927365303, 0.05546576902270317]
1.0072531195436578  ::  1.099094  ::  [-3.312868118286133, -0.022140922024846077, 0.055466730147600174]
1.005314519758138  ::  1.11605  ::  [-3.2709670066833496, -0.02287409082055092, 0.05546945333480835]
1.002966642230946  ::  1.133005  ::  [-3.254204034805298, -0.023168042302131653, 0.05546914413571358]
1.0015038078097998  ::  1.146965  ::  [-3.254204034805298, -0.023168042302131653, 0.05546914413571358]
1.0019838420424045  ::  1.162921  ::  [-3.2374424934387207, -0.023462269455194473, 0.05546829476952553]
1.0019838420424045  ::  1.178879  ::  [-3.220679759979248, -0.0237564817070961, 0.05546661093831062]
1.0042558404367858  ::  1.194836  ::  [-3.203915596008301, -0.024051081389188766, 0.055463965982198715]
1.0072590959591816  ::  1.210794  ::  [-3.1787798404693604, -0.024492351338267326, 0.05546671897172928]
1.0069662515985174  ::  1.226751  ::  [-3.1704063415527344, -0.02463880367577076, 0.05546770617365837]
1.0069662515985174  ::  1.242709  ::  [-3.1536383628845215, -0.02493254840373993, 0.05546882003545761]
1.003530132837472  ::  1.258666  ::  [-3.1284961700439453, -0.025371629744768143, 0.05546924099326134]
1.0009643295870745  ::  1.274623  ::  [-3.1117360591888428, -0.025666166096925735, 0.055468663573265076]
1.0027487165077402  ::  1.289584  ::  [-3.094975233078003, -0.025960233062505722, 0.055466428399086]
1.0027487165077402  ::  1.304543  ::  [-3.078218460083008, -0.026254456490278244, 0.055466268211603165]
1.0070218536072295  ::  1.320501  ::  [-3.0614583492279053, -0.026549017056822777, 0.05546577274799347]
1.0062572993070111  ::  1.336457  ::  [-3.044689178466797, -0.026842499151825905, 0.055466581135988235]
1.0039996016212047  ::  1.352415  ::  [-3.019554615020752, -0.027282601222395897, 0.055469244718551636]
1.0039996016212047  ::  1.368372  ::  [-3.0027921199798584, -0.027575114741921425, 0.055469777435064316]
1.0007335972591749  ::  1.38533  ::  [-2.969269275665283, -0.0281631238758564, 0.05546802654862404]
1.0017736002820152  ::  1.39929  ::  [-2.969269275665283, -0.0281631238758564, 0.05546802654862404]
1.0039953327529734  ::  1.417243  ::  [-2.9357502460479736, -0.02875194512307644, 0.05546572059392929]
1.0060208040069996  ::  1.430207  ::  [-2.9357502460479736, -0.02875194512307644, 0.05546572059392929]
1.0060208040069996  ::  1.446164  ::  [-2.918987274169922, -0.02904544398188591, 0.05546671524643898]
1.006605959119799  ::  1.462121  ::  [-2.9022300243377686, -0.029338572174310684, 0.05546833947300911]
1.0028931109756625  ::  1.478078  ::  [-2.8854644298553467, -0.02963178977370262, 0.055469267070293427]
1.0007639062236169  ::  1.494036  ::  [-2.868703603744507, -0.029924431815743446, 0.055470217019319534]
1.000360498175763  ::  1.509994  ::  [-2.8519411087036133, -0.03021792136132717, 0.05546896904706955]
1.000360498175763  ::  1.52595  ::  [-2.835170030593872, -0.0305122472345829, 0.05546678602695465]
1.0028529836142888  ::  1.541908  ::  [-2.8100435733795166, -0.03095310367643833, 0.055466003715991974]
1.006262742114006  ::  1.556868  ::  [-2.7932825088500977, -0.031247105449438095, 0.05546615272760391]
1.0058749154351962  ::  1.571874  ::  [-2.776524543762207, -0.031540267169475555, 0.055467389523983]
1.0037999253096876  ::  1.587785  ::  [-2.759758710861206, -0.03183305263519287, 0.055468685925006866]
1.0012715813780193  ::  1.603743  ::  [-2.74299693107605, -0.03212626650929451, 0.055470000952482224]
0.99981312254681  ::  1.619699  ::  [-2.726222515106201, -0.03241962939500809, 0.05546862632036209]
1.0004706349761294  ::  1.63566  ::  [-2.692715883255005, -0.03300701826810837, 0.0554664172232151]
1.002646370391896  ::  1.650868  ::  [-2.692715883255005, -0.03300701826810837, 0.0554664172232151]
1.002646370391896  ::  1.666575  ::  [-2.675955057144165, -0.03330139443278313, 0.055465251207351685]
1.0060919873847558  ::  1.682533  ::  [-2.6424355506896973, -0.03388802334666252, 0.05546799302101135]
1.0040644884183199  ::  1.697493  ::  [-2.6424355506896973, -0.03388802334666252, 0.05546799302101135]
1.001401034807132  ::  1.713449  ::  [-2.6172902584075928, -0.03432709351181984, 0.05546995997428894]
0.9996132327918813  ::  1.729407  ::  [-2.6005263328552246, -0.03462028130888939, 0.05546969920396805]
0.9997500500186931  ::  1.745364  ::  [-2.58376407623291, -0.03491305559873581, 0.055468056350946426]
1.0013228077967944  ::  1.761321  ::  [-2.5670063495635986, -0.03520721569657326, 0.055466871708631516]
1.0013228077967944  ::  1.777278  ::  [-2.5502476692199707, -0.03550092503428459, 0.05546589568257332]
1.0054806854540397  ::  1.793236  ::  [-2.5334889888763428, -0.03579481691122055, 0.05546614155173302]
1.0053781258947836  ::  1.809193  ::  [-2.5167274475097656, -0.03608804941177368, 0.05546744912862778]
1.0035849877942438  ::  1.82515  ::  [-2.4999630451202393, -0.03638081252574921, 0.05546807497739792]
1.0035849877942438  ::  1.840111  ::  [-2.483191728591919, -0.03667334094643593, 0.05546916276216507]
1.0011498119117226  ::  1.85507  ::  [-2.483191728591919, -0.03667334094643593, 0.05546916276216507]
1.0011498119117226  ::  1.871035  ::  [-2.4664392471313477, -0.03696645796298981, 0.0554698184132576]
0.999966908524841  ::  1.886991  ::  [-2.4496753215789795, -0.03725970536470413, 0.05546813830733299]
1.001935817274803  ::  1.90295  ::  [-2.432919502258301, -0.037554264068603516, 0.055466510355472565]
1.0054841005486246  ::  1.918906  ::  [-2.416160821914673, -0.0378480888903141, 0.055465392768383026]
1.0059843051836221  ::  1.934891  ::  [-2.3910200595855713, -0.03828810900449753, 0.055466629564762115]
1.0045821954130656  ::  1.950851  ::  [-2.3574912548065186, -0.03887377306818962, 0.05546897277235985]
1.0021211928777454  ::  1.966805  ::  [-2.3574912548065186, -0.03887377306818962, 0.05546897277235985]
1.0021211928777454  ::  1.982764  ::  [-2.3407323360443115, -0.03916660323739052, 0.055469632148742676]
0.9996819615704046  ::  1.998722  ::  [-2.30720853805542, -0.03975420817732811, 0.05546749010682106]
1.000897628520961  ::  2.016674  ::  [-2.290452241897583, -0.04004843160510063, 0.05546585097908974]
1.0035307731677068  ::  2.030634  ::  [-2.2736940383911133, -0.040342122316360474, 0.055465444922447205]
1.0056105657699757  ::  2.045594  ::  [-2.2736940383911133, -0.040342122316360474, 0.055465444922447205]
1.0059366005811379  ::  2.060557  ::  [-2.256931781768799, -0.04063507914543152, 0.05546700209379196]
1.0052977644503303  ::  2.076512  ::  [-2.2401700019836426, -0.04092823714017868, 0.055468376725912094]
1.0042544530546107  ::  2.092469  ::  [-2.231790781021118, -0.04107489436864853, 0.05546882748603821]
1.0016860884832743  ::  2.108426  ::  [-2.2233989238739014, -0.04122104495763779, 0.05546926334500313]
0.9998984999114351  ::  2.124383  ::  [-2.206644058227539, -0.04151398316025734, 0.05546979606151581]
0.9998984999114351  ::  2.139344  ::  [-2.189882755279541, -0.04180734232068062, 0.055468134582042694]
0.9997967941258253  ::  2.155301  ::  [-2.189882755279541, -0.04180734232068062, 0.055468134582042694]
1.0004998767235136  ::  2.170261  ::  [-2.1731176376342773, -0.04210178926587105, 0.05546676367521286]
1.0028561852654623  ::  2.186218  ::  [-2.1647448539733887, -0.04224851727485657, 0.05546614155173302]
1.0050435533471587  ::  2.202175  ::  [-2.14798641204834, -0.042542312294244766, 0.05546572804450989]
1.0058834531716587  ::  2.218133  ::  [-2.1312267780303955, -0.042835600674152374, 0.05546633154153824]
1.0041521069387662  ::  2.23409  ::  [-2.106083631515503, -0.04327498748898506, 0.055468518286943436]
1.0003403277733702  ::  2.249721  ::  [-2.0893142223358154, -0.04356849566102028, 0.055469248443841934]
0.9996815346835815  ::  2.266005  ::  [-2.047416925430298, -0.0443013496696949, 0.05546736344695091]
1.001601244727178  ::  2.279967  ::  [-2.047416925430298, -0.0443013496696949, 0.05546736344695091]
1.0040691841733742  ::  2.295925  ::  [-2.022278070449829, -0.04474271088838577, 0.055466026067733765]
1.0056737450197983  ::  2.311882  ::  [-2.005514144897461, -0.045036431401968, 0.05546589940786362]
1.0047323528531  ::  2.326842  ::  [-1.9887583255767822, -0.045329105108976364, 0.05546727031469345]
1.0023792459623249  ::  2.342799  ::  [-1.9636133909225464, -0.04576818645000458, 0.05546931177377701]
1.0023792459623249  ::  2.357759  ::  [-1.946851134300232, -0.046061694622039795, 0.05546968802809715]
1.0003338177493177  ::  2.373716  ::  [-1.9300886392593384, -0.04635479301214218, 0.055469099432229996]
0.999871712763284  ::  2.389673  ::  [-1.9133219718933105, -0.04664880409836769, 0.05546702817082405]
1.005175247932093  ::  2.405631  ::  [-1.8881902694702148, -0.047089774161577225, 0.05546591803431511]
1.005175247932093  ::  2.421588  ::  [-1.871430516242981, -0.04738391190767288, 0.05546640232205391]
1.0050962738698148  ::  2.437546  ::  [-1.8546700477600098, -0.04767679050564766, 0.05546724051237106]
1.0025874600103044  ::  2.453502  ::  [-1.8295180797576904, -0.04811617732048035, 0.055469006299972534]
1.000204257598499  ::  2.469461  ::  [-1.8127626180648804, -0.04840917885303497, 0.05546959862112999]
1.0008531255696502  ::  2.485417  ::  [-1.7876203060150146, -0.04885045066475868, 0.0554678812623024]
1.0008531255696502  ::  2.501374  ::  [-1.7708611488342285, -0.04914432764053345, 0.05546658858656883]
1.0068485375570404  ::  2.518331  ::  [-1.7205795049667358, -0.050025444477796555, 0.05546702444553375]
1.0068485375570404  ::  2.533289  ::  [-1.7205795049667358, -0.050025444477796555, 0.05546702444553375]
1.0027907648598182  ::  2.549247  ::  [-1.6954345703125, -0.05046556890010834, 0.05546936020255089]
1.000572981091974  ::  2.565205  ::  [-1.6786727905273438, -0.05075857788324356, 0.05546999350190163]
1.0017327258687008  ::  2.582161  ::  [-1.6367731094360352, -0.051493801176548004, 0.05546595901250839]
1.0017327258687008  ::  2.597119  ::  [-1.6367731094360352, -0.051493801176548004, 0.05546595901250839]
1.0069186537177388  ::  2.613076  ::  [-1.6116350889205933, -0.05193515866994858, 0.05546609312295914]
1.0068125723421921  ::  2.629033  ::  [-1.5948735475540161, -0.052228935062885284, 0.05546704679727554]
1.004882723736546  ::  2.644991  ::  [-1.578112244606018, -0.052522026002407074, 0.05546841025352478]
1.004882723736546  ::  2.660948  ::  [-1.5613417625427246, -0.05281519144773483, 0.05546927452087402]
1.0008992293465477  ::  2.676905  ::  [-1.5361989736557007, -0.053255148231983185, 0.055469103157520294]
1.0031894771526177  ::  2.692862  ::  [-1.519444227218628, -0.053548991680145264, 0.0554676279425621]
1.0056721441942116  ::  2.70882  ::  [-1.494306206703186, -0.05399121344089508, 0.055465519428253174]
1.0071267610440127  ::  2.724777  ::  [-1.477547287940979, -0.05428527295589447, 0.05546589195728302]
1.0071267610440127  ::  2.739738  ::  [-1.4607863426208496, -0.05457841604948044, 0.05546657741069794]
1.0057196353532842  ::  2.754697  ::  [-1.4356366395950317, -0.055018048733472824, 0.05546912923455238]
1.0011566421008926  ::  2.770415  ::  [-1.4188666343688965, -0.055311378091573715, 0.05546728894114494]
1.000740427448345  ::  2.786372  ::  [-1.402117133140564, -0.05560455471277237, 0.055468447506427765]
1.003305483646802  ::  2.802329  ::  [-1.3853546380996704, -0.055899087339639664, 0.05546710267663002]
1.0057204891269305  ::  2.818286  ::  [-1.3602184057235718, -0.05634089559316635, 0.055465664714574814]
1.00703626103751  ::  2.833544  ::  [-1.3434545993804932, -0.05663492530584335, 0.05546579882502556]
1.0053199625651328  ::  2.849204  ::  [-1.3015519380569458, -0.057367708534002304, 0.05546943098306656]
1.0029034629811233  ::  2.864163  ::  [-1.284789800643921, -0.057660624384880066, 0.05546895042061806]
1.0007982706128784  ::  2.879676  ::  [-1.284789800643921, -0.057660624384880066, 0.05546895042061806]
1.0007982706128784  ::  2.895632  ::  [-1.2596486806869507, -0.05810156464576721, 0.055467285215854645]
1.0015360377649456  ::  2.91159  ::  [-1.242889165878296, -0.058395564556121826, 0.05546591430902481]
1.0067957103126786  ::  2.92655  ::  [-1.2261312007904053, -0.05868985876441002, 0.05546555668115616]
1.0067957103126786  ::  2.94151  ::  [-1.2009910345077515, -0.05913088470697403, 0.05546681955456734]
1.0047205067437583  ::  2.957467  ::  [-1.184228777885437, -0.05942382663488388, 0.05546845123171806]
1.0047205067437583  ::  2.973424  ::  [-1.1674532890319824, -0.059716612100601196, 0.05546917766332626]
1.0004750105660665  ::  2.989381  ::  [-1.142319679260254, -0.06015723943710327, 0.055469147861003876]
1.002999832681444  ::  3.005339  ::  [-1.1255486011505127, -0.060451507568359375, 0.055467091500759125]
1.002999832681444  ::  3.021296  ::  [-1.1004217863082886, -0.06089219078421593, 0.055465828627347946]
1.005479084628453  ::  3.037253  ::  [-1.0836632251739502, -0.06118674576282501, 0.05546583607792854]
1.0058679785243205  ::  3.053211  ::  [-1.05852210521698, -0.06162656098604202, 0.05546802282333374]
1.002234104442462  ::  3.069168  ::  [-1.0417572259902954, -0.06191963702440262, 0.05546940490603447]
1.002234104442462  ::  3.085125  ::  [-1.016613483428955, -0.062359314411878586, 0.05546899884939194]
1.002224392767236  ::  3.100089  ::  [-0.974714994430542, -0.06309477239847183, 0.05546572431921959]
1.0046173068542676  ::  3.115048  ::  [-0.974714994430542, -0.06309477239847183, 0.05546572431921959]
1.0066761820022034  ::  3.130815  ::  [-0.9579503536224365, -0.06338917464017868, 0.05546536669135094]
1.0070600599778992  ::  3.146772  ::  [-0.9411940574645996, -0.06368312239646912, 0.05546644330024719]
1.004454022644422  ::  3.16273  ::  [-0.9244321584701538, -0.06397607922554016, 0.0554681271314621]
1.0021249281374478  ::  3.178704  ::  [-0.8992886543273926, -0.06441597640514374, 0.055469099432229996]
1.0012391379794616  ::  3.193663  ::  [-0.8825240135192871, -0.06470996141433716, 0.05546899884939194]
1.0017343266942875  ::  3.209621  ::  [-0.8490065932273865, -0.06529812514781952, 0.05546587333083153]
1.0052434431020874  ::  3.224581  ::  [-0.8238680362701416, -0.0657399594783783, 0.05546547472476959]
1.0069837539582656  ::  3.239542  ::  [-0.8238680362701416, -0.0657399594783783, 0.05546547472476959]
1.0069837539582656  ::  3.255498  ::  [-0.8071046471595764, -0.06603370606899261, 0.055466581135988235]
1.0064603907131133  ::  3.270458  ::  [-0.7987250089645386, -0.06618006527423859, 0.055467382073402405]
1.0041823091815025  ::  3.286416  ::  [-0.7819613218307495, -0.06647265702486038, 0.055469077080488205]
1.0041823091815025  ::  3.302373  ::  [-0.7651986479759216, -0.06676657497882843, 0.055469583719968796]
1.0012630436415568  ::  3.31833  ::  [-0.7400555610656738, -0.06720688194036484, 0.05546778067946434]
1.0043556252316916  ::  3.333838  ::  [-0.7232968807220459, -0.0675012543797493, 0.055466409772634506]
1.0066319992160098  ::  3.350795  ::  [-0.6813979148864746, -0.06823714822530746, 0.05546610802412033]
1.006827833546119  ::  3.365755  ::  [-0.6562548875808716, -0.06867634505033493, 0.05546843260526657]
1.006827833546119  ::  3.379716  ::  [-0.6562548875808716, -0.06867634505033493, 0.05546843260526657]
1.0048845380055444  ::  3.395673  ::  [-0.6394895315170288, -0.06897016614675522, 0.05546916276216507]
1.0014282488421065  ::  3.410632  ::  [-0.614347517490387, -0.06941008567810059, 0.055468108505010605]
1.0034489176193724  ::  3.425593  ::  [-0.5975891351699829, -0.06970425695180893, 0.055467389523983]
1.0034489176193724  ::  3.441174  ::  [-0.5724496841430664, -0.0701456069946289, 0.05546563118696213]
1.0058072538737308  ::  3.457132  ::  [-0.5556892156600952, -0.07044003158807755, 0.055466219782829285]
1.0071341248417116  ::  3.47309  ::  [-0.530540943145752, -0.07088068127632141, 0.0554671473801136]
1.0020360289565318  ::  3.489046  ::  [-0.5054036974906921, -0.07131943106651306, 0.05546938627958298]
1.0007748985593123  ::  3.505004  ::  [-0.48864009976387024, -0.07161328196525574, 0.05546940863132477]
1.0007748985593123  ::  3.520471  ::  [-0.47186973690986633, -0.07190708816051483, 0.0554656945168972]
1.0046715214808046  ::  3.536429  ::  [-0.4551210403442383, -0.07220184057950974, 0.05546628311276436]
1.0065369101761585  ::  3.553384  ::  [-0.41321343183517456, -0.07293667644262314, 0.0554656945168972]
1.006143213803531  ::  3.567858  ::  [-0.41321343183517456, -0.07293667644262314, 0.0554656945168972]
1.0039040856945303  ::  3.583324  ::  [-0.38807299733161926, -0.07337617129087448, 0.05546880513429642]
1.001674028930521  ::  3.598285  ::  [-0.3713146150112152, -0.07366910576820374, 0.05546913295984268]
1.0006839716659865  ::  3.615242  ::  [-0.3545522689819336, -0.07396262884140015, 0.05546826124191284]
1.0006839716659865  ::  3.629766  ::  [-0.32941320538520813, -0.07440375536680222, 0.05546604096889496]
1.0060217645023515  ::  3.645708  ::  [-0.312654584646225, -0.07469810545444489, 0.05546507239341736]
1.0067221790573953  ::  3.661666  ::  [-0.2875024676322937, -0.07513964176177979, 0.055464211851358414]
1.004769918893535  ::  3.677623  ::  [-0.2707531452178955, -0.07543263584375381, 0.055467404425144196]
1.0023555537436415  ::  3.693581  ::  [-0.24560809135437012, -0.07587200403213501, 0.05546914413571358]
1.0006660424194154  ::  3.709538  ::  [-0.22884103655815125, -0.07616537809371948, 0.05546886473894119]
1.0018538550047629  ::  3.725498  ::  [-0.20369616150856018, -0.07660649716854095, 0.055466555058956146]
1.0055248682402331  ::  3.740965  ::  [-0.1869438737630844, -0.07689996808767319, 0.055466171354055405]
1.0068979497068173  ::  3.756923  ::  [-0.16179479658603668, -0.0773417055606842, 0.055465079843997955]
1.0068979497068173  ::  3.77288  ::  [-0.14504607021808624, -0.07763486355543137, 0.05546707287430763]
1.0046299000155499  ::  3.788837  ::  [-0.12827405333518982, -0.0779280960559845, 0.05546730011701584]
1.0046299000155499  ::  3.803797  ::  [-0.11151928454637527, -0.07822129130363464, 0.05546949431300163]
1.000933273570692  ::  3.819754  ::  [-0.08637628704309464, -0.07866113632917404, 0.05546831339597702]
1.0034932071272717  ::  3.834715  ::  [-0.06961575895547867, -0.07895527780056, 0.055466823279857635]
1.0034932071272717  ::  3.850672  ::  [-0.04447723180055618, -0.07939715683460236, 0.055464837700128555]
1.0070771354508243  ::  3.865633  ::  [-0.010956546291708946, -0.07998425513505936, 0.055466193705797195]
1.0054988281440225  ::  3.880592  ::  [0.01418708823621273, -0.08042330294847488, 0.05546748638153076]
0.9958193828730566  ::  3.896549  ::  [0.01418708823621273, -0.08042330294847488, 0.05546748638153076]
0.9958193828730566  ::  3.912507  ::  [0.03932466357946396, -0.08085786551237106, 0.05546382814645767]
0.9879863298338155  ::  3.928463  ::  [0.05602824687957764, -0.08110535889863968, 0.05542657896876335]
0.9904503205768976  ::  3.944421  ::  [0.08122005313634872, -0.08158803731203079, 0.0554644912481308]
0.9904503205768976  ::  3.960379  ::  [0.09797882288694382, -0.08187779039144516, 0.055463757365942]
0.9922067464106488  ::  3.976335  ::  [0.11475148797035217, -0.08216764032840729, 0.05546432361006737]
1.0021200189389818  ::  3.992293  ::  [0.1314905732870102, -0.08246120810508728, 0.055464357137680054]
0.9845917258163192  ::  4.00825  ::  [0.15652775764465332, -0.08292679488658905, 0.05545390024781227]
0.9921295866173687  ::  4.024208  ::  [0.17354148626327515, -0.08318328857421875, 0.05546696111559868]
0.9939557017249951  ::  4.039168  ::  [0.19869258999824524, -0.0836215615272522, 0.055464308708906174]
0.9973558552711921  ::  4.054127  ::  [0.215437650680542, -0.08391324430704117, 0.05546317249536514]
0.998108883627186  ::  4.069625  ::  [0.25734543800354004, -0.08464113622903824, 0.05546583980321884]
0.9969046358991481  ::  4.085586  ::  [0.27411526441574097, -0.08493103086948395, 0.05546518415212631]
0.993358060172619  ::  4.101539  ::  [0.27411526441574097, -0.08493103086948395, 0.05546518415212631]
0.9918194533403678  ::  4.117497  ::  [0.29925575852394104, -0.08536794036626816, 0.055468201637268066]
0.9922807045527553  ::  4.133454  ::  [0.31601059436798096, -0.08565866947174072, 0.055466726422309875]
0.9956603675314422  ::  4.149412  ::  [0.35790902376174927, -0.08638813346624374, 0.0554647222161293]
0.997755314615932  ::  4.165371  ::  [0.37466752529144287, -0.08667909353971481, 0.055464986711740494]
0.997635679583751  ::  4.181328  ::  [0.3998134732246399, -0.087115578353405, 0.05546751618385315]
0.9942817365361575  ::  4.197283  ::  [0.3998134732246399, -0.087115578353405, 0.05546751618385315]
0.9942817365361575  ::  4.213241  ::  [0.42495590448379517, -0.08755141496658325, 0.055467307567596436]
0.9926735471517367  ::  4.229198  ::  [0.44171759486198425, -0.08784269541501999, 0.05546671524643898]
0.9926735471517367  ::  4.245155  ::  [0.4668565094470978, -0.08827972412109375, 0.05546390265226364]
0.9977742043578554  ::  4.261113  ::  [0.4836173355579376, -0.08857209980487823, 0.05546414852142334]
0.9977742043578554  ::  4.27707  ::  [0.5087560415267944, -0.08900857716798782, 0.055465348064899445]
0.9978765504736997  ::  4.293027  ::  [0.5255217552185059, -0.08929847925901413, 0.05546633154153824]
0.9927160223906378  ::  4.308984  ::  [0.5506637692451477, -0.08973467350006104, 0.05546724051237106]
0.9927160223906378  ::  4.324942  ::  [0.5674375295639038, -0.09002479910850525, 0.05546685308218002]
0.9927297894906836  ::  4.340757  ::  [0.5841869115829468, -0.09031721204519272, 0.05546615272760391]
0.9949586723159292  ::  4.356715  ::  [0.6009442806243896, -0.09060913324356079, 0.055464018136262894]
0.9972292833281353  ::  4.372672  ::  [0.6177065372467041, -0.09090028703212738, 0.05546405166387558]
0.9977609708663384  ::  4.388629  ::  [0.6344633102416992, -0.09119103848934174, 0.05546427145600319]
0.9959448875990555  ::  4.404587  ::  [0.6596170663833618, -0.09162759780883789, 0.055464040488004684]
0.992488811879029  ::  4.420572  ::  [0.6763706207275391, -0.09191761165857315, 0.05546698719263077]
0.992488811879029  ::  4.436232  ::  [0.7015132904052734, -0.0923539325594902, 0.05546598881483078]
0.9918332204404137  ::  4.451676  ::  [0.718274712562561, -0.09264526516199112, 0.05546540766954422]
0.9966826547511227  ::  4.46715  ::  [0.7434124946594238, -0.09308319538831711, 0.05546380579471588]
0.9981412203040377  ::  4.483108  ::  [0.7769320011138916, -0.09366588294506073, 0.05546459183096886]
0.9969061300030291  ::  4.49807  ::  [0.7769320011138916, -0.09366588294506073, 0.05546459183096886]
0.9943896321807025  ::  4.514024  ::  [0.8020771741867065, -0.09410054981708527, 0.05546705052256584]
0.9943896321807025  ::  4.528984  ::  [0.8188403844833374, -0.09439287334680557, 0.05546646937727928]
0.9920159280007115  ::  4.544449  ::  [0.84398353099823, -0.09482856839895248, 0.0554652139544487]
0.9961602520013225  ::  4.55941  ::  [0.8607426881790161, -0.0951208844780922, 0.055463727563619614]
0.9981806006134711  ::  4.575367  ::  [0.8858802318572998, -0.09555757790803909, 0.05546238645911217]
0.9980128340919827  ::  4.591325  ::  [0.92778480052948, -0.09628541767597198, 0.05546652525663376]
0.9980128340919827  ::  4.607282  ::  [0.92778480052948, -0.09628541767597198, 0.05546652525663376]
0.9935918874299862  ::  4.623239  ::  [0.9445580244064331, -0.09657640010118484, 0.05546746402978897]
0.9923699238987885  ::  4.639196  ::  [0.9780803918838501, -0.0971587598323822, 0.05546329542994499]
0.9923699238987885  ::  4.655154  ::  [0.9780803918838501, -0.0971587598323822, 0.05546329542994499]
0.994200414596352  ::  4.671111  ::  [1.0032129287719727, -0.09759628027677536, 0.05546183884143829]
0.9983461259791382  ::  4.687068  ::  [1.0199685096740723, -0.09788775444030762, 0.05546272173523903]
0.9975875480944436  ::  4.703026  ::  [1.036730408668518, -0.09817951172590256, 0.05546409636735916]
0.9950380732650306  ::  4.718983  ::  [1.0618739128112793, -0.09861485660076141, 0.05546687915921211]
0.9928269062429447  ::  4.73494  ::  [1.078641653060913, -0.0989060252904892, 0.05546648055315018]
0.9926037511561557  ::  4.7509  ::  [1.0954006910324097, -0.09919703006744385, 0.055467184633016586]
0.9956986806238177  ::  4.766855  ::  [1.1205449104309082, -0.09963440895080566, 0.055462516844272614]
0.9980517875145929  ::  4.782817  ::  [1.1456869840621948, -0.10007257014513016, 0.055463291704654694]
0.9984740853043701  ::  4.798771  ::  [1.1624492406845093, -0.10036365687847137, 0.055462032556533813]
0.9965374065095541  ::  4.815727  ::  [1.2043436765670776, -0.10109012573957443, 0.05546686798334122]
0.9932435477823155  ::  4.830685  ::  [1.2043436765670776, -0.10109012573957443, 0.05546686798334122]
0.992702255290592  ::  4.846642  ::  [1.2294883728027344, -0.10152733325958252, 0.05546613782644272]
0.992702255290592  ::  4.862599  ::  [1.246246337890625, -0.10181871056556702, 0.05546336621046066]
0.9973975834581527  ::  4.878556  ::  [1.271385669708252, -0.10225711762905121, 0.05546193569898605]
0.998464373629144  ::  4.893516  ::  [1.2881524562835693, -0.10254877060651779, 0.0554618276655674]
0.998464373629144  ::  4.909474  ::  [1.3133001327514648, -0.1029847115278244, 0.05546421930193901]
0.9945750077836448  ::  4.925313  ::  [1.3300524950027466, -0.10327531397342682, 0.05546755716204643]
0.9945750077836448  ::  4.941272  ::  [1.3468149900436401, -0.10356549173593521, 0.05546729639172554]
0.9921541326096984  ::  4.957229  ::  [1.3719539642333984, -0.10400279611349106, 0.05546382814645767]
0.9963756164035895  ::  4.972189  ::  [1.3887146711349487, -0.10429464280605316, 0.05546330660581589]
0.9980779343325094  ::  4.988146  ::  [1.413851022720337, -0.10473237186670303, 0.05546208843588829]
0.9971556453511461  ::  5.003106  ::  [1.4306135177612305, -0.10502275824546814, 0.055463336408138275]
0.9949119282087969  ::  5.019064  ::  [1.45576012134552, -0.10545917600393295, 0.05546663701534271]
0.9925160259140033  ::  5.03502  ::  [1.4725313186645508, -0.10574952512979507, 0.05546598508954048]
0.9919356732779638  ::  5.050978  ::  [1.4892810583114624, -0.1060413271188736, 0.055465150624513626]
0.9936588019395111  ::  5.066599  ::  [1.514422059059143, -0.10647730529308319, 0.05546336993575096]
0.9962960020110765  ::  5.08247  ::  [1.5479466915130615, -0.10706167668104172, 0.05546179786324501]
0.9979823116841292  ::  5.097429  ::  [1.5730831623077393, -0.10749709606170654, 0.055465325713157654]
0.9970551135043  ::  5.113385  ::  [1.5730831623077393, -0.10749709606170654, 0.055465325713157654]
0.9970551135043  ::  5.129342  ::  [1.5898469686508179, -0.10778816044330597, 0.05546627193689346]
0.9919561638454739  ::  5.1453  ::  [1.614990472793579, -0.10822376608848572, 0.05546526983380318]
0.9919561638454739  ::  5.161257  ::  [1.631750464439392, -0.10851535201072693, 0.055464085191488266]
0.9956344341569373  ::  5.177214  ::  [1.6568888425827026, -0.10895220935344696, 0.05546274036169052]
0.998228518659367  ::  5.193172  ::  [1.6736465692520142, -0.1092444434762001, 0.05546135455369949]
0.9979412238274034  ::  5.209128  ::  [1.6987924575805664, -0.1096809059381485, 0.055464260280132294]
0.9979412238274034  ::  5.225086  ::  [1.7155505418777466, -0.1099720150232315, 0.05546541139483452]
0.9925893437258753  ::  5.240047  ::  [1.7407076358795166, -0.11040763556957245, 0.05546523630619049]
0.9923883867538887  ::  5.255006  ::  [1.7574574947357178, -0.11069828271865845, 0.05546470731496811]
0.9923883867538887  ::  5.270271  ::  [1.7742211818695068, -0.11099037528038025, 0.05546361580491066]
0.9962579023621125  ::  5.286228  ::  [1.7909753322601318, -0.1112825870513916, 0.05546203628182411]
0.9962579023621125  ::  5.301188  ::  [1.8077378273010254, -0.11157363653182983, 0.055463146418333054]
0.9981787863444729  ::  5.317145  ::  [1.8244962692260742, -0.11186497658491135, 0.055464006960392]
0.9941332866434155  ::  5.333417  ::  [1.874785304069519, -0.11273743957281113, 0.055466845631599426]
0.9920020541789599  ::  5.348859  ::  [1.874785304069519, -0.11273743957281113, 0.055466845631599426]
0.9929129239378046  ::  5.364816  ::  [1.9166903495788574, -0.11346569657325745, 0.05546073988080025]
0.9965300427118552  ::  5.380772  ::  [1.941828727722168, -0.11390319466590881, 0.0554625429213047]
0.9965300427118552  ::  5.396727  ::  [1.941828727722168, -0.11390319466590881, 0.0554625429213047]
0.9985270192704377  ::  5.411688  ::  [1.958582878112793, -0.11419405788183212, 0.05546357482671738]
0.9985270192704377  ::  5.427221  ::  [1.9753479957580566, -0.11448512226343155, 0.055465128272771835]
0.9954360385058896  ::  5.443178  ::  [2.0004889965057373, -0.11492163687944412, 0.05546625331044197]
0.9932334092202663  ::  5.459136  ::  [2.0172581672668457, -0.11521251499652863, 0.05546505004167557]
0.9932334092202663  ::  5.474733  ::  [2.0423903465270996, -0.11564987897872925, 0.05546300858259201]
0.9950452236193179  ::  5.49069  ::  [2.0591485500335693, -0.11594175547361374, 0.05546124652028084]
0.9974956607057658  ::  5.506647  ::  [2.0759105682373047, -0.11623385548591614, 0.05546305701136589]
0.997695230295577  ::  5.522605  ::  [2.101062297821045, -0.11667092889547348, 0.055462177842855453]
0.9953081859023634  ::  5.538563  ::  [2.1178159713745117, -0.1169612854719162, 0.05546625703573227]
0.9953081859023634  ::  5.554525  ::  [2.1345887184143066, -0.11725206673145294, 0.05546670779585838]
0.9925041798046617  ::  5.570501  ::  [2.1513400077819824, -0.11754418909549713, 0.05546554923057556]
0.9946866386878922  ::  5.586458  ::  [2.1680984497070312, -0.11783531308174133, 0.055463019758462906]
0.9946866386878922  ::  5.602415  ::  [2.1932373046875, -0.11827310919761658, 0.05546135455369949]
0.9986073807148911  ::  5.618373  ::  [2.2099974155426025, -0.1185646504163742, 0.05546287074685097]
0.9969814755273108  ::  5.63433  ::  [2.2519071102142334, -0.11929105967283249, 0.05546564608812332]
0.9943790667318301  ::  5.651285  ::  [2.2686657905578613, -0.11958208680152893, 0.05546676367521286]
0.9927037493944729  ::  5.668242  ::  [2.2854256629943848, -0.11987286061048508, 0.055463965982198715]
0.9923725919414331  ::  5.680208  ::  [2.2854256629943848, -0.11987286061048508, 0.055463965982198715]
0.9951273993327696  ::  5.696164  ::  [2.30218505859375, -0.12016462534666061, 0.055462636053562164]
0.9978052603742378  ::  5.712122  ::  [2.3273239135742188, -0.12060333788394928, 0.055462442338466644]
0.9978052603742378  ::  5.727294  ::  [2.344088554382324, -0.12089414894580841, 0.055462900549173355]
0.9968308912004531  ::  5.743251  ::  [2.369232416152954, -0.1213303804397583, 0.05546509474515915]
0.9968308912004531  ::  5.758211  ::  [2.3859877586364746, -0.12162113189697266, 0.055464744567871094]
0.9942764004508684  ::  5.774168  ::  [2.4027533531188965, -0.12191160023212433, 0.055465810000896454]
0.9931054498950344  ::  5.789129  ::  [2.4279046058654785, -0.12234950810670853, 0.05546175688505173]
0.996532604032794  ::  5.804088  ::  [2.444652557373047, -0.12264081835746765, 0.05546270310878754]
0.996532604032794  ::  5.820046  ::  [2.4697911739349365, -0.12307809293270111, 0.05546217039227486]
0.9982863618239005  ::  5.836003  ::  [2.486553192138672, -0.12336970865726471, 0.05546342581510544]
0.9973417680060289  ::  5.851961  ::  [2.5116963386535645, -0.12380525469779968, 0.05546555295586586]
0.9950604848232447  ::  5.867918  ::  [2.5284624099731445, -0.12409652024507523, 0.055466316640377045]
0.9928592429197965  ::  5.883329  ::  [2.5703582763671875, -0.12482425570487976, 0.05546180158853531]
0.9947311416392031  ::  5.899108  ::  [2.5703582763671875, -0.12482425570487976, 0.05546180158853531]
0.9980848712433852  ::  5.914067  ::  [2.5871191024780273, -0.12511684000492096, 0.055461399257183075]
0.9980848712433852  ::  5.930024  ::  [2.6122591495513916, -0.12555359303951263, 0.05546301603317261]
0.9960063593015857  ::  5.944984  ::  [2.62903094291687, -0.12584497034549713, 0.0554625503718853]
0.9934447181977135  ::  5.959945  ::  [2.6541662216186523, -0.12628041207790375, 0.055466972291469574]
0.9934447181977135  ::  5.975742  ::  [2.6709256172180176, -0.12657102942466736, 0.055465053766965866]
0.9939404405210683  ::  5.990702  ::  [2.6876866817474365, -0.12686362862586975, 0.055463582277297974]
0.9965121134652839  ::  6.006659  ::  [2.7128260135650635, -0.12730097770690918, 0.05546215921640396]
0.9985471896728304  ::  6.021618  ::  [2.729583978652954, -0.1275923252105713, 0.055461667478084564]
0.9985592492255837  ::  6.037576  ::  [2.7463572025299072, -0.12788443267345428, 0.0554625540971756]
0.9970666394485244  ::  6.052536  ::  [2.763108730316162, -0.12817399203777313, 0.055464837700128555]
0.9944337082451902  ::  6.068493  ::  [2.7798707485198975, -0.12846513092517853, 0.05546577647328377]
0.9944337082451902  ::  6.08445  ::  [2.7966344356536865, -0.12875603139400482, 0.05546611174941063]
0.9947246316151505  ::  6.099412  ::  [2.8469173908233643, -0.1296311914920807, 0.05546097457408905]
0.9972458251925314  ::  6.115369  ::  [2.8469173908233643, -0.1296311914920807, 0.05546097457408905]
0.9972458251925314  ::  6.130328  ::  [2.86368465423584, -0.1299232840538025, 0.05546142905950546]
0.9978266047153941  ::  6.146285  ::  [2.888815402984619, -0.13036051392555237, 0.055464986711740494]
0.9978266047153941  ::  6.162243  ::  [2.905579090118408, -0.13065031170845032, 0.05546531826257706]
0.9931445100393503  ::  6.1782  ::  [2.922346591949463, -0.13094088435173035, 0.055465493351221085]
0.9922942582093895  ::  6.194157  ::  [2.939103126525879, -0.13123269379138947, 0.05546494573354721]
0.9922942582093895  ::  6.210115  ::  [2.955864906311035, -0.13152453303337097, 0.05546284839510918]
0.9972244808513752  ::  6.226072  ::  [2.9810023307800293, -0.13196203112602234, 0.055461443960666656]
0.9986005505257212  ::  6.242029  ::  [2.9977667331695557, -0.1322525590658188, 0.055461544543504715]
0.9971794442915354  ::  6.257987  ::  [3.0145225524902344, -0.1325451284646988, 0.055463757365942]
0.9946847176971881  ::  6.273944  ::  [3.0396652221679688, -0.1329801231622696, 0.055464886128902435]
0.9922777163449934  ::  6.288903  ::  [3.0564308166503906, -0.1332714706659317, 0.05546625703573227]
0.9928186886715995  ::  6.303864  ::  [3.0815789699554443, -0.1337088942527771, 0.055464524775743484]
0.9928186886715995  ::  6.319699  ::  [3.0983307361602783, -0.13399972021579742, 0.055463287979364395]
0.9949068055669193  ::  6.335656  ::  [3.1150877475738525, -0.13429230451583862, 0.05546035245060921]
0.9970553269477115  ::  6.351613  ::  [3.131849765777588, -0.13458329439163208, 0.05546305328607559]
0.9980727049689261  ::  6.367573  ::  [3.1569933891296387, -0.135018989443779, 0.05546517297625542]
0.9939972164685441  ::  6.383621  ::  [3.190528392791748, -0.1356012374162674, 0.055466629564762115]
0.9921559468786968  ::  6.400486  ::  [3.2072794437408447, -0.13589170575141907, 0.05546490103006363]
0.991981990498273  ::  6.416444  ::  [3.2240397930145264, -0.136182963848114, 0.055463600903749466]
0.9938740596200722  ::  6.431097  ::  [3.2408008575439453, -0.13647480309009552, 0.05546189472079277]
0.9938740596200722  ::  6.447052  ::  [3.2408008575439453, -0.13647480309009552, 0.05546189472079277]
0.9977175351320854  ::  6.463009  ::  [3.2659382820129395, -0.1369118094444275, 0.05546367168426514]
0.9977175351320854  ::  6.478153  ::  [3.2910823822021484, -0.13734771311283112, 0.055466506630182266]
0.9962232178077336  ::  6.493117  ::  [3.307844877243042, -0.13763824105262756, 0.05546514689922333]
0.9920006667967848  ::  6.509088  ::  [3.332991123199463, -0.1380748599767685, 0.05546710640192032]
0.9920006667967848  ::  6.525045  ::  [3.349752187728882, -0.1383664309978485, 0.055465757846832275]
0.9964236411711911  ::  6.541002  ::  [3.3748903274536133, -0.13880419731140137, 0.05546266585588455]
0.9975451795772484  ::  6.55696  ::  [3.391649007797241, -0.13909634947776794, 0.055463965982198715]
0.9964108345664974  ::  6.572917  ::  [3.40841007232666, -0.13938632607460022, 0.05546459183096886]
0.9943585761643201  ::  6.588874  ::  [3.433554172515869, -0.13982081413269043, 0.05546648055315018]
0.9932575283257729  ::  6.604831  ::  [3.450319766998291, -0.1401119828224182, 0.05546757951378822]
0.9932575283257729  ::  6.620788  ::  [3.4587018489837646, -0.1402580887079239, 0.05546831339597702]
0.9919002416716444  ::  6.636746  ::  [3.4838459491729736, -0.1406944990158081, 0.05546543747186661]
