1.4634004730737895  ::  0.015962  ::  [-4.5248565673828125, -4.151199755142443e-05, 0.05546622723340988]
1.4633903345117403  ::  0.03189  ::  [-4.524857044219971, -4.150265158386901e-05, 0.05546625703573227]
1.4633903345117403  ::  0.047799  ::  [-4.524857521057129, -4.156929571763612e-05, 0.05546627938747406]
1.6693165892845108  ::  0.063767  ::  [-4.53321647644043, 0.00037500058533623815, 0.06392431259155273]
1.56110334094306  ::  0.079697  ::  [-4.530971050262451, 0.00028305925661697984, 0.06187768280506134]
1.5750368201281801  ::  0.095654  ::  [-4.477499008178711, -0.0012418022379279137, 0.06220775842666626]
1.1633023447892334  ::  0.11361  ::  [-4.449220657348633, -0.0020883502438664436, 0.05621914565563202]
1.226714247930455  ::  0.127085  ::  [-4.431178092956543, -0.002431530272588134, 0.05650680139660835]
1.2128156667431254  ::  0.143069  ::  [-4.431178092956543, -0.002431530272588134, 0.05650680139660835]
1.1717162840730428  ::  0.158998  ::  [-4.4083476066589355, -0.00291660288348794, 0.0553903691470623]
1.1717162840730428  ::  0.174978  ::  [-4.387060642242432, -0.0033109276555478573, 0.05578313767910004]
1.1584861009290224  ::  0.190912  ::  [-4.373223304748535, -0.0035902399104088545, 0.05604977905750275]
0.9965799884701609  ::  0.206869  ::  [-4.3447418212890625, -0.004183334298431873, 0.05580165609717369]
1.0325347445913426  ::  0.222856  ::  [-4.32765531539917, -0.004532507620751858, 0.05564776435494423]
1.0714711984503524  ::  0.238784  ::  [-4.30960750579834, -0.004843058064579964, 0.05567346140742302]
1.0714711984503524  ::  0.253771  ::  [-4.284226417541504, -0.0052931224927306175, 0.055465854704380035]
1.0728481218983448  ::  0.269701  ::  [-4.267487049102783, -0.005607915110886097, 0.055466700345277786]
1.0769612831608675  ::  0.28469  ::  [-4.250728130340576, -0.00592291634529829, 0.05546610802412033]
1.0769612831608675  ::  0.300673  ::  [-4.2339582443237305, -0.00623779371380806, 0.05546577274799347]
1.0777844276775599  ::  0.316631  ::  [-4.217207908630371, -0.006551033351570368, 0.05546824261546135]
1.073018343019066  ::  0.332588  ::  [-4.20044469833374, -0.006865093018859625, 0.05546928942203522]
1.073018343019066  ::  0.348545  ::  [-4.175302505493164, -0.0073358528316020966, 0.0554695650935173]
1.0728071407633246  ::  0.36447  ::  [-4.158539295196533, -0.0076508792117238045, 0.055468566715717316]
1.0752746533226976  ::  0.38046  ::  [-4.133404731750488, -0.008123588748276234, 0.055465634912252426]
1.0781961600184646  ::  0.396385  ::  [-4.116647243499756, -0.008438022807240486, 0.05546610802412033]
1.077366398756014  ::  0.412348  ::  [-4.091506481170654, -0.008910244330763817, 0.05546750873327255]
1.0739626166718204  ::  0.4283  ::  [-4.074733257293701, -0.00922355242073536, 0.05546902120113373]
1.0723644591277433  ::  0.444259  ::  [-4.032838344573975, -0.01000919472426176, 0.05546914413571358]
1.0727933736632789  ::  0.460214  ::  [-4.032838344573975, -0.01000919472426176, 0.05546914413571358]
1.0750511780707912  ::  0.476204  ::  [-4.007699966430664, -0.01048194244503975, 0.0554669126868248]
1.0750511780707912  ::  0.492128  ::  [-3.9909420013427734, -0.010797418653964996, 0.05546583980321884]
1.0787242190186712  ::  0.508118  ::  [-3.9658021926879883, -0.011269212700426579, 0.05546718090772629]
1.0787242190186712  ::  0.524076  ::  [-3.949031114578247, -0.011583508923649788, 0.05546830967068672]
1.0745125536217122  ::  0.540047  ::  [-3.940654993057251, -0.011740434914827347, 0.05547001212835312]
1.0745125536217122  ::  0.55599  ::  [-3.9155149459838867, -0.012212065048515797, 0.05546959489583969]
1.0728598612859808  ::  0.571966  ::  [-3.8987505435943604, -0.012526735663414001, 0.05546854808926582]
1.0735806596868287  ::  0.587905  ::  [-3.873617172241211, -0.01299989502876997, 0.05546635761857033]
1.0772400402563687  ::  0.603837  ::  [-3.8484785556793213, -0.013472353108227253, 0.05546654388308525]
1.078032448921796  ::  0.619794  ::  [-3.831718683242798, -0.013786991126835346, 0.05546768754720688]
1.075559066668605  ::  0.635751  ::  [-3.8065643310546875, -0.014258502051234245, 0.05546903237700462]
1.0729367009141433  ::  0.651666  ::  [-3.789811849594116, -0.014572270214557648, 0.05546986684203148]
1.0732619886733652  ::  0.66701  ::  [-3.7646660804748535, -0.015044662170112133, 0.05546825751662254]
1.0752629139350616  ::  0.682967  ::  [-3.747903823852539, -0.015360185876488686, 0.05546626076102257]
1.0789067131355576  ::  0.698924  ::  [-3.7311558723449707, -0.01567598432302475, 0.05546591430902481]
1.0789067131355576  ::  0.714881  ::  [-3.706017255783081, -0.01614793762564659, 0.055466681718826294]
1.0779858115363694  ::  0.730839  ::  [-3.689253091812134, -0.01646272838115692, 0.05546870082616806]
1.0755692052306542  ::  0.746796  ::  [-3.672489643096924, -0.016776960343122482, 0.055469803512096405]
1.0755692052306542  ::  0.762754  ::  [-3.655728578567505, -0.017091531306505203, 0.05546990782022476]
1.073988229881208  ::  0.778338  ::  [-3.6305837631225586, -0.01756405457854271, 0.05546734482049942]
1.075957565517993  ::  0.79467  ::  [-3.5970723628997803, -0.018195362761616707, 0.05546580255031586]
1.079145769756508  ::  0.80863  ::  [-3.5970723628997803, -0.018195362761616707, 0.05546580255031586]
1.079145769756508  ::  0.824588  ::  [-3.571932554244995, -0.01866740547120571, 0.05546727031469345]
1.07934886116261  ::  0.840545  ::  [-3.5551693439483643, -0.01898150146007538, 0.05546869337558746]
1.0776405668181666  ::  0.855312  ::  [-3.5384087562561035, -0.019295629113912582, 0.05546952039003372]
1.0733668961101483  ::  0.871269  ::  [-3.5216450691223145, -0.019610410556197166, 0.05546943098306656]
1.0739427664345451  ::  0.886229  ::  [-3.504883289337158, -0.019925806671380997, 0.05546875298023224]
1.076446350930472  ::  0.902187  ::  [-3.479745864868164, -0.020398559048771858, 0.05546671897172928]
1.076446350930472  ::  0.918144  ::  [-3.462985038757324, -0.02071395330131054, 0.055465638637542725]
1.0785735279701079  ::  0.934101  ::  [-3.446228504180908, -0.02102874591946602, 0.05546632409095764]
1.0771182707900722  ::  0.949574  ::  [-3.4294660091400146, -0.021343516185879707, 0.05546807870268822]
1.074230915040155  ::  0.965531  ::  [-3.4043235778808594, -0.0218151044100523, 0.055469855666160583]
1.072677153725683  ::  0.981489  ::  [-3.387561798095703, -0.022129381075501442, 0.05546950548887253]
1.0737529085199597  ::  0.997445  ::  [-3.3624234199523926, -0.022601481527090073, 0.055467650294303894]
1.077245269619952  ::  1.013403  ::  [-3.345663070678711, -0.02291712909936905, 0.055466003715991974]
1.0786094931849564  ::  1.02854  ::  [-3.295382022857666, -0.023861592635512352, 0.05546819418668747]
1.0781754560075432  ::  1.044322  ::  [-3.295382022857666, -0.023861592635512352, 0.05546819418668747]
1.0781754560075432  ::  1.059786  ::  [-3.2870023250579834, -0.02401818335056305, 0.05546897277235985]
1.072618990396032  ::  1.075743  ::  [-3.270237445831299, -0.02433188073337078, 0.05546998232603073]
1.0722861253956997  ::  1.0917  ::  [-3.245095729827881, -0.024803850799798965, 0.055469121783971786]
1.0722861253956997  ::  1.107658  ::  [-3.2283365726470947, -0.025119155645370483, 0.05546695739030838]
1.0734409609739606  ::  1.123615  ::  [-3.2115747928619385, -0.025434240698814392, 0.055466338992118835]
1.0779877325270735  ::  1.139572  ::  [-3.186429738998413, -0.025906363502144814, 0.05546434596180916]
1.077296602760433  ::  1.154533  ::  [-3.169679880142212, -0.02622072771191597, 0.05546743422746658]
1.077296602760433  ::  1.169492  ::  [-3.1529061794281006, -0.026534873992204666, 0.055466797202825546]
1.074977006485273  ::  1.18545  ::  [-3.136152982711792, -0.026848623529076576, 0.055469997227191925]
1.071900112985888  ::  1.201407  ::  [-3.111010789871216, -0.027320047840476036, 0.055468712002038956]
1.0735705211247795  ::  1.217364  ::  [-3.094252109527588, -0.02763449214398861, 0.05546727031469345]
1.0769394052111825  ::  1.233322  ::  [-3.077493190765381, -0.02794991433620453, 0.055465470999479294]
1.0778391759126258  ::  1.24928  ::  [-3.0523550510406494, -0.028421610593795776, 0.05546639859676361]
1.0767512548438898  ::  1.26524  ::  [-3.035593032836914, -0.028735706582665443, 0.05546775087714195]
1.0732061732212415  ::  1.281197  ::  [-3.0188310146331787, -0.029049690812826157, 0.05546955391764641]
1.0716319213392593  ::  1.296158  ::  [-2.9936869144439697, -0.02952055260539055, 0.05547014996409416]
1.0725678706989628  ::  1.31112  ::  [-2.9517908096313477, -0.030307304114103317, 0.05546616017818451]
1.0749664410364008  ::  1.327075  ::  [-2.9517908096313477, -0.030307304114103317, 0.05546616017818451]
1.0773167731628255  ::  1.343031  ::  [-2.935023546218872, -0.03062310814857483, 0.05546483024954796]
1.0773167731628255  ::  1.358215  ::  [-2.91827392578125, -0.03093743324279785, 0.05546625331044197]
1.0771902012197687  ::  1.374173  ::  [-2.893130302429199, -0.03140818700194359, 0.05546901747584343]
1.0771902012197687  ::  1.389133  ::  [-2.8847484588623047, -0.031565457582473755, 0.05546927452087402]
1.0718182574375537  ::  1.40509  ::  [-2.859604597091675, -0.032036252319812775, 0.0554698221385479]
1.0718182574375537  ::  1.421048  ::  [-2.8344643115997314, -0.03250886872410774, 0.055467285215854645]
1.0732149244011155  ::  1.436008  ::  [-2.8176937103271484, -0.0328240804374218, 0.05546566843986511]
1.0781466411469822  ::  1.451965  ::  [-2.800947427749634, -0.03313885256648064, 0.055466048419475555]
1.077499160558006  ::  1.466925  ::  [-2.775806188583374, -0.0336100198328495, 0.055467355996370316]
1.077499160558006  ::  1.482882  ::  [-2.7590441703796387, -0.033924467861652374, 0.055468857288360596]
1.0755680312918907  ::  1.49884  ::  [-2.7422709465026855, -0.03423864394426346, 0.055467694997787476]
1.0725916696393518  ::  1.514797  ::  [-2.717139720916748, -0.034709930419921875, 0.05546840652823448]
1.074805611425788  ::  1.530754  ::  [-2.700376033782959, -0.035024989396333694, 0.05546703189611435]
1.0773729087800665  ::  1.545717  ::  [-2.6752383708953857, -0.03549795597791672, 0.0554659441113472]
1.078638414767223  ::  1.561673  ::  [-2.6584713459014893, -0.03581288456916809, 0.055465228855609894]
1.0768963963637523  ::  1.576656  ::  [-2.616577625274658, -0.036597952246665955, 0.05546911805868149]
1.0768963963637523  ::  1.592589  ::  [-2.616577625274658, -0.036597952246665955, 0.05546911805868149]
1.074390997598827  ::  1.608546  ::  [-2.599815607070923, -0.03691219538450241, 0.05546993017196655]
1.0734982705299654  ::  1.624013  ::  [-2.574673652648926, -0.037384696304798126, 0.05546785518527031]
1.0758382506509294  ::  1.639969  ::  [-2.5579049587249756, -0.037700287997722626, 0.05546620115637779]
1.0789221877828958  ::  1.655927  ::  [-2.5411601066589355, -0.038015611469745636, 0.055465538054704666]
1.0789221877828958  ::  1.671884  ::  [-2.516019344329834, -0.038487620651721954, 0.055467020720243454]
1.0783998917548014  ::  1.687842  ::  [-2.499246597290039, -0.038801733404397964, 0.055468443781137466]
1.0753695289191372  ::  1.703799  ::  [-2.4741129875183105, -0.03927230462431908, 0.055469680577516556]
1.0727437480700905  ::  1.719757  ::  [-2.4573512077331543, -0.039587270468473434, 0.055468522012233734]
1.0727437480700905  ::  1.735714  ::  [-2.440592050552368, -0.039902396500110626, 0.055467668920755386]
1.0764109193241527  ::  1.751671  ::  [-2.4238336086273193, -0.04021790623664856, 0.05546628683805466]
1.0764109193241527  ::  1.767165  ::  [-2.4070682525634766, -0.040533408522605896, 0.05546567216515541]
1.0783546417515502  ::  1.78252  ::  [-2.3903143405914307, -0.04084845632314682, 0.055466584861278534]
1.0762440065763104  ::  1.797481  ::  [-2.3651716709136963, -0.041319020092487335, 0.055468715727329254]
1.0738584562869777  ::  1.813438  ::  [-2.348407506942749, -0.04163371026515961, 0.05546922981739044]
1.0722621130118988  ::  1.829395  ::  [-2.3316457271575928, -0.04194743558764458, 0.05546946078538895]
1.0727338229514527  ::  1.844358  ::  [-2.2981245517730713, -0.042578015476465225, 0.05546678230166435]
1.0748541698019187  ::  1.859315  ::  [-2.2981245517730713, -0.042578015476465225, 0.05546678230166435]
1.0779550756851044  ::  1.874275  ::  [-2.281357526779175, -0.042893458157777786, 0.05546557158231735]
1.0782234807751447  ::  1.890235  ::  [-2.2562170028686523, -0.04336543753743172, 0.055465031415224075]
1.076544534899791  ::  1.905192  ::  [-2.2394683361053467, -0.04367903620004654, 0.05546833574771881]
1.076544534899791  ::  1.920152  ::  [-2.2227039337158203, -0.04399300366640091, 0.05546952411532402]
1.072307896623679  ::  1.93611  ::  [-2.2059314250946045, -0.044307734817266464, 0.055467478930950165]
1.072307896623679  ::  1.95107  ::  [-2.189181327819824, -0.04462181031703949, 0.055468715727329254]
1.0750337824327487  ::  1.967027  ::  [-2.1640427112579346, -0.045094966888427734, 0.055466197431087494]
1.0771722719731975  ::  1.982985  ::  [-2.147284746170044, -0.04540926218032837, 0.05546557158231735]
1.0771722719731975  ::  1.998942  ::  [-2.130518674850464, -0.04572448134422302, 0.05546582490205765]
1.0771181640683662  ::  2.013903  ::  [-2.0969998836517334, -0.04635224491357803, 0.05546925961971283]
1.0734570759515336  ::  2.032853  ::  [-2.071856737136841, -0.04682299494743347, 0.055469002574682236]
1.0734570759515336  ::  2.04482  ::  [-2.071856737136841, -0.04682299494743347, 0.055469002574682236]
1.0719517662914864  ::  2.060777  ::  [-2.0550954341888428, -0.04713798314332962, 0.05546867102384567]
1.0743389174064057  ::  2.076756  ::  [-2.0215792655944824, -0.047768428921699524, 0.05546607822179794]
1.077672049721372  ::  2.092713  ::  [-2.0215792655944824, -0.047768428921699524, 0.05546607822179794]
1.077672049721372  ::  2.108218  ::  [-1.9964417219161987, -0.04824073240160942, 0.055466074496507645]
1.0773850750545257  ::  2.124175  ::  [-1.9796671867370605, -0.04855496808886528, 0.0554676316678524]
1.0773850750545257  ::  2.140132  ::  [-1.9629062414169312, -0.04886874184012413, 0.05546696111559868]
1.0748538496368012  ::  2.15609  ::  [-1.9461534023284912, -0.04918257147073746, 0.05546921491622925]
1.0723364980408285  ::  2.172047  ::  [-1.929390788078308, -0.049497153609991074, 0.05546904355287552]
1.0738249456713624  ::  2.188004  ::  [-1.9126237630844116, -0.04981287196278572, 0.055467262864112854]
1.0762530779213018  ::  2.203962  ::  [-1.8958725929260254, -0.050127703696489334, 0.05546633154153824]
1.0762530779213018  ::  2.219909  ::  [-1.8791162967681885, -0.05044310539960861, 0.05546526238322258]
1.0779362926648868  ::  2.235867  ::  [-1.8623558282852173, -0.0507575199007988, 0.05546669289469719]
1.075584466434581  ::  2.251824  ::  [-1.8372093439102173, -0.05122831091284752, 0.05546882003545761]
1.0731159933798562  ::  2.266783  ::  [-1.8204487562179565, -0.05154258757829666, 0.05546935647726059]
1.0716957409193166  ::  2.282741  ::  [-1.803684115409851, -0.051857247948646545, 0.05546919256448746]
1.0722163294001186  ::  2.297702  ::  [-1.7701678276062012, -0.05248691886663437, 0.05546637997031212]
1.0742930270729198  ::  2.315655  ::  [-1.7534071207046509, -0.052801646292209625, 0.05546509474515915]
1.0774374754120644  ::  2.329616  ::  [-1.7534071207046509, -0.052801646292209625, 0.05546509474515915]
1.0778291440722823  ::  2.345573  ::  [-1.7282578945159912, -0.05327386036515236, 0.05546591430902481]
1.0758175466400077  ::  2.361532  ::  [-1.7198880910873413, -0.05343027040362358, 0.05546770989894867]
1.0736672109902174  ::  2.376695  ::  [-1.6947340965270996, -0.05390135198831558, 0.05546904727816582]
1.07198026098693  ::  2.392653  ::  [-1.6779825687408447, -0.05421486124396324, 0.05546978861093521]
1.072684410801676  ::  2.407613  ::  [-1.6612200736999512, -0.054529499262571335, 0.05546877160668373]
1.0749193767641512  ::  2.422572  ::  [-1.6360805034637451, -0.05500214919447899, 0.05546654388308525]
1.076837059095338  ::  2.438529  ::  [-1.619325041770935, -0.055317215621471405, 0.05546586215496063]
1.076837059095338  ::  2.45349  ::  [-1.602566123008728, -0.05563148111104965, 0.05546637624502182]
1.0764372795854806  ::  2.469352  ::  [-1.5858025550842285, -0.05594562739133835, 0.05546782165765762]
1.0740462864891531  ::  2.48531  ::  [-1.56903076171875, -0.05625903233885765, 0.05546734482049942]
1.0740462864891531  ::  2.501272  ::  [-1.5522792339324951, -0.056572917848825455, 0.05546978861093521]
1.0719106784347605  ::  2.517229  ::  [-1.5355151891708374, -0.05688728019595146, 0.05546845495700836]
1.0739685930873442  ::  2.533186  ::  [-1.5103775262832642, -0.057359546422958374, 0.05546676367521286]
1.0763838120108842  ::  2.548215  ::  [-1.4936184883117676, -0.057674869894981384, 0.055465735495090485]
1.0763838120108842  ::  2.56316  ::  [-1.4768500328063965, -0.057989370077848434, 0.05546494945883751]
1.0772158144291564  ::  2.579129  ::  [-1.460099697113037, -0.058303650468587875, 0.05546686798334122]
1.0752433838629036  ::  2.595087  ::  [-1.4265754222869873, -0.05893140286207199, 0.05546937137842178]
1.072898814708591  ::  2.60956  ::  [-1.4265754222869873, -0.05893140286207199, 0.05546937137842178]
1.0715005469194423  ::  2.625517  ::  [-1.4098137617111206, -0.059244927018880844, 0.055468861013650894]
1.0721973329364896  ::  2.641475  ::  [-1.3930511474609375, -0.05956002324819565, 0.055467285215854645]
1.0721973329364896  ::  2.657433  ::  [-1.3762941360473633, -0.05987539514899254, 0.055466510355472565]
1.0744277098656159  ::  2.67339  ::  [-1.359535813331604, -0.06019023060798645, 0.055465713143348694]
1.0767312978849086  ::  2.689347  ::  [-1.3427741527557373, -0.060505155473947525, 0.05546574294567108]
1.076980066181085  ::  2.705354  ::  [-1.3260107040405273, -0.06081867963075638, 0.05546722933650017]
1.0746286668376024  ::  2.72131  ::  [-1.3092525005340576, -0.06113236024975777, 0.055468909442424774]
1.0714643682611824  ::  2.737268  ::  [-1.2924894094467163, -0.061446696519851685, 0.05546950921416283]
1.0715538010506274  ::  2.753225  ::  [-1.2673481702804565, -0.0619177483022213, 0.05546869337558746]
1.072311845326793  ::  2.768185  ::  [-1.250586986541748, -0.06223271042108536, 0.055466167628765106]
1.072311845326793  ::  2.783145  ::  [-1.2422099113464355, -0.06239021569490433, 0.05546628683805466]
1.0746653791043912  ::  2.798105  ::  [-1.2254493236541748, -0.0627056434750557, 0.05546512082219124]
1.0776430214173995  ::  2.814062  ::  [-1.2003123760223389, -0.063177190721035, 0.05546654388308525]
1.0756938561830072  ::  2.830021  ::  [-1.1667863130569458, -0.06380435824394226, 0.055469729006290436]
1.0732881354912815  ::  2.845978  ::  [-1.1500235795974731, -0.06411878019571304, 0.05546930432319641]
1.0716781318378628  ::  2.860939  ::  [-1.1332626342773438, -0.06443308293819427, 0.05546777695417404]
1.0719429083899066  ::  2.877895  ::  [-1.1165049076080322, -0.06474810093641281, 0.0554661825299263]
1.075139650364884  ::  2.892851  ::  [-1.1165049076080322, -0.06474810093641281, 0.0554661825299263]
1.0777094023183955  ::  2.908815  ::  [-1.0913667678833008, -0.06522058695554733, 0.05546529218554497]
1.0773660785908965  ::  2.924773  ::  [-1.0662277936935425, -0.06569253653287888, 0.055466923862695694]
1.0753458367004538  ::  2.94073  ::  [-1.0494654178619385, -0.06600558757781982, 0.05546831339597702]
1.0721254025067928  ::  2.956345  ::  [-1.032696008682251, -0.0663197711110115, 0.05546946078538895]
1.0716023594267579  ::  2.971305  ::  [-1.0075573921203613, -0.06679133325815201, 0.05546838790178299]
1.0716023594267579  ::  2.986264  ::  [-0.9907886385917664, -0.06710643321275711, 0.055466774851083755]
1.0752560837458915  ::  3.002222  ::  [-0.9740412831306458, -0.06742073595523834, 0.05546575412154198]
1.0772383327090762  ::  3.017182  ::  [-0.9572803974151611, -0.06773599982261658, 0.0554659403860569]
1.0775098327285841  ::  3.032142  ::  [-0.9237597584724426, -0.06836411356925964, 0.05546831339597702]
1.0759366480636599  ::  3.047029  ::  [-0.9237597584724426, -0.06836411356925964, 0.05546831339597702]
1.0735253778432339  ::  3.062985  ::  [-0.9069984555244446, -0.06867795437574387, 0.05546906590461731]
1.0715965964546457  ::  3.078996  ::  [-0.8902360200881958, -0.06899155676364899, 0.055468976497650146]
1.071285395960587  ::  3.095953  ::  [-0.8567142486572266, -0.06962085515260696, 0.05546656996011734]
1.072907992775288  ::  3.109912  ::  [-0.8399562239646912, -0.06993577629327774, 0.055465880781412125]
1.0753908732602935  ::  3.124872  ::  [-0.8399562239646912, -0.06993577629327774, 0.055465880781412125]
1.0753908732602935  ::  3.14083  ::  [-0.8231964707374573, -0.07025066018104553, 0.055466100573539734]
1.0765468827773181  ::  3.155791  ::  [-0.8148164749145508, -0.07040758430957794, 0.05546567589044571]
1.0766469877373412  ::  3.17075  ::  [-0.7980564832687378, -0.07072211802005768, 0.0554673969745636]
1.0743966538492336  ::  3.18571  ::  [-0.7812936902046204, -0.07103507220745087, 0.055468738079071045]
1.0721288176013777  ::  3.201575  ::  [-0.7645199298858643, -0.07134935259819031, 0.055467817932367325]
1.0713451601158246  ::  3.216536  ::  [-0.7477684020996094, -0.07166336476802826, 0.055469222366809845]
1.0723250788183099  ::  3.231495  ::  [-0.7310086488723755, -0.07197774946689606, 0.05546708032488823]
1.0745934486746946  ::  3.246504  ::  [-0.7142390012741089, -0.0722937062382698, 0.05546552687883377]
1.0767259617996194  ::  3.261466  ::  [-0.6974918842315674, -0.07260804623365402, 0.0554657056927681]
1.0775064176339992  ::  3.278161  ::  [-0.6639677882194519, -0.07323677837848663, 0.05546756088733673]
1.0763549971503232  ::  3.292121  ::  [-0.6639677882194519, -0.07323677837848663, 0.05546756088733673]
1.0763549971503232  ::  3.308079  ::  [-0.6472077369689941, -0.07354965060949326, 0.05546906217932701]
1.0752501073303677  ::  3.324035  ::  [-0.6388256549835205, -0.07370678335428238, 0.05546986311674118]
1.0712290468999344  ::  3.338995  ::  [-0.6220638751983643, -0.07402113080024719, 0.05546915531158447]
1.072530624823645  ::  3.353956  ::  [-0.5801652669906616, -0.07480785995721817, 0.055465735495090485]
1.0750294068428117  ::  3.369423  ::  [-0.5801652669906616, -0.07480785995721817, 0.055465735495090485]
1.0761523326310443  ::  3.38538  ::  [-0.5634011030197144, -0.07512287050485611, 0.05546523258090019]
1.0775139948751098  ::  3.40034  ::  [-0.5550277233123779, -0.075279600918293, 0.05546562746167183]
1.0770244624106902  ::  3.4153  ::  [-0.5382543802261353, -0.07559429109096527, 0.055466607213020325]
1.0749410412704248  ::  3.431257  ::  [-0.5215044021606445, -0.0759073868393898, 0.055468764156103134]
1.0726001006541086  ::  3.447068  ::  [-0.504741907119751, -0.07622139155864716, 0.055469635874032974]
1.0712974555133403  ::  3.463026  ::  [-0.4879804253578186, -0.07653588056564331, 0.055468857288360596]
1.0712974555133403  ::  3.478985  ::  [-0.47121545672416687, -0.07684992998838425, 0.055467624217271805]
1.074207542986589  ::  3.495939  ::  [-0.4377009868621826, -0.07748053222894669, 0.055465444922447205]
1.0754281191356112  ::  3.508903  ::  [-0.4377009868621826, -0.07748053222894669, 0.055465444922447205]
1.0772468704455387  ::  3.523863  ::  [-0.4293222725391388, -0.0776371955871582, 0.05546552687883377]
1.0774857136230775  ::  3.53982  ::  [-0.41256284713745117, -0.07795216888189316, 0.05546633154153824]
1.0745311231985182  ::  3.55478  ::  [-0.39579978585243225, -0.07826589792966843, 0.0554678849875927]
1.0721713995619846  ::  3.570246  ::  [-0.3706549406051636, -0.07873611152172089, 0.05546906217932701]
1.071176006212161  ::  3.586204  ::  [-0.3538888990879059, -0.07905036956071854, 0.05546828359365463]
1.0714280828812168  ::  3.60167  ::  [-0.3371332287788391, -0.07936447113752365, 0.05546748265624046]
1.0743730683522559  ::  3.617628  ::  [-0.32874417304992676, -0.079522505402565, 0.055466435849666595]
1.0764971504624241  ::  3.633585  ::  [-0.3036164939403534, -0.07999488711357117, 0.05546579882502556]
1.077463622229981  ::  3.648436  ::  [-0.28685685992240906, -0.08030916750431061, 0.055465634912252426]
1.0770809181930485  ::  3.664393  ::  [-0.2700958847999573, -0.08062300086021423, 0.055466797202825546]
1.0770809181930485  ::  3.68035  ::  [-0.2617136240005493, -0.0807797759771347, 0.05546857416629791]
1.0727505782592606  ::  3.696308  ::  [-0.24495024979114532, -0.08109337836503983, 0.05546955391764641]
1.0711434560918975  ::  3.711269  ::  [-0.2281837910413742, -0.08140746504068375, 0.05546906217932701]
1.0713387568134778  ::  3.726229  ::  [-0.211429625749588, -0.08172169327735901, 0.05546744912862778]
1.072222946145877  ::  3.742185  ::  [-0.19466590881347656, -0.08203715085983276, 0.05546588450670242]
1.0745533213133207  ::  3.758143  ::  [-0.18629081547260284, -0.08219406008720398, 0.05546583607792854]
1.0766593674552118  ::  3.772945  ::  [-0.16952332854270935, -0.08250917494297028, 0.055464375764131546]
1.0772278739819097  ::  3.787905  ::  [-0.15277259051799774, -0.0828232690691948, 0.055466361343860626]
1.0758528715246214  ::  3.803863  ::  [-0.13601109385490417, -0.08313706517219543, 0.0554671511054039]
1.0735254845649396  ::  3.819819  ::  [-0.119247205555439, -0.08345025777816772, 0.05546890199184418]
1.0714833647248116  ::  3.835777  ::  [-0.10248477011919022, -0.0837642252445221, 0.055468905717134476]
1.0710872137529508  ::  3.851735  ::  [-0.08572015166282654, -0.08407869935035706, 0.05546851456165314]
1.0710872137529508  ::  3.867692  ::  [-0.06896563619375229, -0.08439292013645172, 0.055466391146183014]
1.0749007004656392  ::  3.88365  ::  [-0.03544558212161064, -0.0850229263305664, 0.05546499043703079]
1.0768164618061222  ::  3.899606  ::  [-0.03544558212161064, -0.0850229263305664, 0.05546499043703079]
1.0771509276320412  ::  3.915095  ::  [-0.018687302246689796, -0.08533687889575958, 0.05546601861715317]
1.0754856421350274  ::  3.931033  ::  [-0.0019245538860559464, -0.08565031737089157, 0.05546706169843674]
1.073052067078093  ::  3.948986  ::  [0.03159959986805916, -0.08627667278051376, 0.05546769127249718]
1.0460122019276588  ::  3.962947  ::  [0.03159959986805916, -0.08627667278051376, 0.05546769127249718]
1.0285638433626265  ::  3.978236  ::  [0.048352960497140884, -0.08658498525619507, 0.05546923726797104]
1.0298942361468981  ::  3.993803  ::  [0.08186909556388855, -0.08719396591186523, 0.055462583899497986]
1.032337843044176  ::  4.009759  ::  [0.08186909556388855, -0.08719396591186523, 0.055462583899497986]
1.0341585153448074  ::  4.025717  ::  [0.09864160418510437, -0.08749840408563614, 0.05546332895755768]
1.0356273261814777  ::  4.041674  ::  [0.11538982391357422, -0.08780054748058319, 0.05546553060412407]
1.038893543986919  ::  4.057048  ::  [0.1321319192647934, -0.08812520653009415, 0.05544326454401016]
1.0377661358870436  ::  4.073007  ::  [0.14890892803668976, -0.08840739727020264, 0.055464088916778564]
1.0359322300948952  ::  4.087965  ::  [0.165667325258255, -0.08870986849069595, 0.055464260280132294]
1.0360570944906595  ::  4.102925  ::  [0.18243373930454254, -0.08901175111532211, 0.05546756461262703]
1.0368138581063557  ::  4.118883  ::  [0.19919176399707794, -0.08931665867567062, 0.05546451359987259]
1.0391480752552076  ::  4.13484  ::  [0.20758762955665588, -0.08946967124938965, 0.05546455830335617]
1.0412518802412773  ::  4.150531  ::  [0.22433212399482727, -0.08977316319942474, 0.05546465888619423]
1.0418885819379695  ::  4.166001  ::  [0.24109148979187012, -0.0900772362947464, 0.05546542629599571]
1.0406316136872755  ::  4.18096  ::  [0.2578524649143219, -0.09038126468658447, 0.05546623095870018]
1.0382989973640104  ::  4.196918  ::  [0.27461519837379456, -0.09068446606397629, 0.055467553436756134]
1.036203836836109  ::  4.213302  ::  [0.2913800776004791, -0.09098802506923676, 0.055467624217271805]
1.0356234842000696  ::  4.229089  ::  [0.3248991072177887, -0.09159623086452484, 0.055465102195739746]
1.0369521694370485  ::  4.244277  ::  [0.34165966510772705, -0.0919003039598465, 0.05546516925096512]
1.0394210693785966  ::  4.260014  ::  [0.34165966510772705, -0.0919003039598465, 0.05546516925096512]
1.04144686079774  ::  4.27597  ::  [0.3584175109863281, -0.0922049805521965, 0.055464647710323334]
1.0419434368947411  ::  4.291927  ::  [0.37517955899238586, -0.09250915050506592, 0.05546525865793228]
1.0404709975200745  ::  4.306888  ::  [0.39194780588150024, -0.09281207621097565, 0.055466391146183014]
1.0380546046577708  ::  4.321848  ::  [0.4087021052837372, -0.09311553835868835, 0.0554678812623024]
1.0360278527432754  ::  4.337805  ::  [0.42546364665031433, -0.09341852366924286, 0.05546706169843674]
1.0357155850321589  ::  4.352765  ::  [0.4422262907028198, -0.09372259676456451, 0.05546610429883003]
1.03722004091856  ::  4.367725  ::  [0.45898815989494324, -0.09402632713317871, 0.05546506494283676]
1.0396500941592035  ::  4.383682  ::  [0.4925036132335663, -0.09463617205619812, 0.0554635152220726]
1.0415082257785644  ::  4.399312  ::  [0.4925036132335663, -0.09463617205619812, 0.0554635152220726]
1.041658810105422  ::  4.415265  ::  [0.5092692375183105, -0.09493955969810486, 0.055464718490839005]
1.0399141236593068  ::  4.431207  ::  [0.5427892208099365, -0.09554649144411087, 0.05546768754720688]
1.0372965603816053  ::  4.447163  ::  [0.5427892208099365, -0.09554649144411087, 0.05546768754720688]
1.0355926416270986  ::  4.46312  ::  [0.5595519542694092, -0.09584995359182358, 0.055467016994953156]
1.0355910408015119  ::  4.479078  ::  [0.576316237449646, -0.09615379571914673, 0.05546571686863899]
1.038537520376432  ::  4.496034  ::  [0.6182173490524292, -0.09691493958234787, 0.055462561547756195]
1.0409324621758735  ::  4.510994  ::  [0.6182173490524292, -0.09691493958234787, 0.055462561547756195]
1.041772575443785  ::  4.528946  ::  [0.6349685788154602, -0.09721863269805908, 0.055464670062065125]
1.039507834125397  ::  4.542907  ::  [0.6517311334609985, -0.09752298146486282, 0.05546586588025093]
1.03710189999026  ::  4.558509  ::  [0.6768759489059448, -0.09797713905572891, 0.0554676353931427]
1.0356541133296286  ::  4.574466  ::  [0.6936411261558533, -0.09828035533428192, 0.05546656250953674]
1.0358300974224623  ::  4.590423  ::  [0.7103992700576782, -0.09858489036560059, 0.0554661899805069]
1.0390231041377376  ::  4.606052  ::  [0.7271581888198853, -0.09888919442892075, 0.055464040488004684]
1.0403020570598225  ::  4.621012  ::  [0.7522938847541809, -0.09934522211551666, 0.055463045835494995]
1.0416785536209916  ::  4.636968  ::  [0.7606861591339111, -0.09949879348278046, 0.05546289309859276]
1.0403072864234058  ::  4.652927  ::  [0.7774360775947571, -0.09980174154043198, 0.055464643985033035]
1.037861651813718  ::  4.668883  ::  [0.8025813102722168, -0.10025672614574432, 0.05546668544411659]
1.0356076893876138  ::  4.684841  ::  [0.8193467855453491, -0.10055966675281525, 0.05546634644269943]
1.0358369276116324  ::  4.6998  ::  [0.8361044526100159, -0.10086286067962646, 0.05546607822179794]
1.0379234436813656  ::  4.71476  ::  [0.861243724822998, -0.10131993889808655, 0.05546339601278305]
1.0403539238088322  ::  4.729721  ::  [0.8947694301605225, -0.101927749812603, 0.055462565273046494]
1.0411679969805332  ::  4.745681  ::  [0.8947694301605225, -0.101927749812603, 0.055462565273046494]
1.0383295197718638  ::  4.761637  ::  [0.945049524307251, -0.10283753275871277, 0.05546736344695091]
1.0370799153188688  ::  4.77662  ::  [0.9534356594085693, -0.10298997908830643, 0.05546644330024719]
1.0352580690794737  ::  4.792554  ::  [0.9534356594085693, -0.10298997908830643, 0.05546644330024719]
1.0352580690794737  ::  4.808516  ::  [0.9701993465423584, -0.10329319536685944, 0.055465854704380035]
1.035206735938993  ::  4.824474  ::  [0.9869500398635864, -0.10359776020050049, 0.055463869124650955]
1.0379850221056013  ::  4.840431  ::  [1.0037115812301636, -0.1039016917347908, 0.05546310916543007]
1.0379850221056013  ::  4.855749  ::  [1.0120887756347656, -0.10405469685792923, 0.05546307563781738]
1.0402355694371206  ::  4.871707  ::  [1.028848648071289, -0.10435821115970612, 0.05546274408698082]
1.0408982045083175  ::  4.887664  ::  [1.0456122159957886, -0.10466127097606659, 0.05546415597200394]
1.0388675038907083  ::  4.903621  ::  [1.0707558393478394, -0.10511566698551178, 0.05546683445572853]
1.0353959535233435  ::  4.919578  ::  [1.0958973169326782, -0.10557104647159576, 0.05546592175960541]
1.0346328933270061  ::  4.935539  ::  [1.1126593351364136, -0.10587462037801743, 0.055464860051870346]
1.0379406258759962  ::  4.951494  ::  [1.1294151544570923, -0.10617867112159729, 0.05546242743730545]
1.0391170192388253  ::  4.96745  ::  [1.1461753845214844, -0.10648317635059357, 0.055462297052145004]
1.0400363200124265  ::  4.98341  ::  [1.1545556783676147, -0.10663481056690216, 0.05546318739652634]
1.0400363200124265  ::  4.998735  ::  [1.162938117980957, -0.10678697377443314, 0.055463336408138275]
1.0406265977671039  ::  5.014693  ::  [1.1713168621063232, -0.10693822801113129, 0.05546453222632408]
1.0385139348794543  ::  5.03065  ::  [1.1880786418914795, -0.10724163055419922, 0.055465858429670334]
1.0350647960703037  ::  5.046608  ::  [1.2048417329788208, -0.10754429548978806, 0.05546615272760391]
1.0350550843950774  ::  5.061739  ::  [1.2551252841949463, -0.10845579206943512, 0.055463094264268875]
1.037090160602624  ::  5.077035  ::  [1.2551252841949463, -0.10845579206943512, 0.055463094264268875]
1.037090160602624  ::  5.092991  ::  [1.2718815803527832, -0.10875967890024185, 0.05546285957098007]
1.0407084533154383  ::  5.108948  ::  [1.297020435333252, -0.10921508818864822, 0.05546373501420021]
1.0407084533154383  ::  5.124905  ::  [1.3137823343276978, -0.10951867699623108, 0.05546456202864647]
1.035706727130579  ::  5.140863  ::  [1.3389393091201782, -0.1099734902381897, 0.05546549707651138]
1.0345031197327759  ::  5.155823  ::  [1.3556898832321167, -0.11027546226978302, 0.05546560138463974]
1.03599914460442  ::  5.170783  ::  [1.3808296918869019, -0.11073216050863266, 0.055463992059230804]
1.038465269781618  ::  5.185743  ::  [1.3975882530212402, -0.11103587597608566, 0.0554627850651741]
1.040864267005879  ::  5.201701  ::  [1.414350152015686, -0.11134085804224014, 0.0554632768034935]
1.040864267005879  ::  5.216662  ::  [1.439496636390686, -0.11179536581039429, 0.05546412616968155]
1.040609415572473  ::  5.232625  ::  [1.4478704929351807, -0.1119467243552208, 0.05546557158231735]
1.0375235574498023  ::  5.24801  ::  [1.4730147123336792, -0.11240055412054062, 0.055466413497924805]
1.0350903025579854  ::  5.26396  ::  [1.4897756576538086, -0.11270441114902496, 0.05546577274799347]
1.0340949092081617  ::  5.279918  ::  [1.5065360069274902, -0.11300843209028244, 0.05546396225690842]
1.0360930597055078  ::  5.295875  ::  [1.5316765308380127, -0.11346442997455597, 0.055463679134845734]
1.0394807268121284  ::  5.311692  ::  [1.556814432144165, -0.11392001062631607, 0.055463459342718124]
1.040333006354499  ::  5.329164  ::  [1.573577880859375, -0.11422319710254669, 0.055464837700128555]
1.040333006354499  ::  5.342745  ::  [1.573577880859375, -0.11422319710254669, 0.055464837700128555]
1.0380017774134092  ::  5.357704  ::  [1.5987228155136108, -0.11467734724283218, 0.05546562373638153]
1.0346736610186145  ::  5.373664  ::  [1.6238632202148438, -0.11513210833072662, 0.05546509101986885]
1.0342658773808235  ::  5.389763  ::  [1.6406245231628418, -0.11543595790863037, 0.055463485419750214]
1.0393731513327007  ::  5.405745  ::  [1.6657637357711792, -0.11589214205741882, 0.05546220391988754]
1.0393731513327007  ::  5.420705  ::  [1.6825189590454102, -0.11619601398706436, 0.05546227842569351]
1.0393441230287281  ::  5.435667  ::  [1.707663655281067, -0.11665091663599014, 0.05546426773071289]
1.0393441230287281  ::  5.451622  ::  [1.7244371175765991, -0.11695387959480286, 0.055466122925281525]
1.034279431037458  ::  5.46758  ::  [1.7495707273483276, -0.11740851402282715, 0.055466149002313614]
1.034279431037458  ::  5.483537  ::  [1.7663334608078003, -0.1177121251821518, 0.05546392872929573]
1.0358743869303617  ::  5.499437  ::  [1.7914677858352661, -0.11816819757223129, 0.055462777614593506]
1.0382750917019155  ::  5.515395  ::  [1.808226466178894, -0.11847318708896637, 0.05546226724982262]
1.0384796772118985  ::  5.531329  ::  [1.8333709239959717, -0.11892736703157425, 0.05546362325549126]
1.0360326552200356  ::  5.546297  ::  [1.8752740621566772, -0.1196848601102829, 0.05546659603714943]
1.0360326552200356  ::  5.561831  ::  [1.8752740621566772, -0.1196848601102829, 0.05546659603714943]
1.0358489871643857  ::  5.577379  ::  [1.900415062904358, -0.12014007568359375, 0.055464066565036774]
1.038342219654852  ::  5.593364  ::  [1.9255549907684326, -0.1205967515707016, 0.05546357482671738]
1.0399349343919342  ::  5.609321  ::  [1.9423145055770874, -0.12090059369802475, 0.05546221882104874]
1.039870047594819  ::  5.625278  ::  [1.9590731859207153, -0.12120342999696732, 0.055462662130594254]
1.039870047594819  ::  5.641239  ::  [1.9758368730545044, -0.12150648981332779, 0.055464841425418854]
1.0390927934116128  ::  5.65719  ::  [1.9842188358306885, -0.12165768444538116, 0.055466178804636]
1.0368797053988228  ::  5.673046  ::  [2.0009827613830566, -0.12196041643619537, 0.05546612665057182]
1.034559255350017  ::  5.689003  ::  [2.017740488052368, -0.12226368486881256, 0.05546470731496811]
1.035140248316291  ::  5.704466  ::  [2.0345029830932617, -0.12256710231304169, 0.05546408146619797]
1.0375146995482225  ::  5.720424  ::  [2.0512611865997314, -0.12287159264087677, 0.055462516844272614]
1.0375146995482225  ::  5.735653  ::  [2.0680294036865234, -0.12317599356174469, 0.05546015128493309]
1.0400646012644588  ::  5.750902  ::  [2.09315824508667, -0.12363062798976898, 0.055462632328271866]
1.0363848368491144  ::  5.766859  ::  [2.109921455383301, -0.12393397092819214, 0.05546442046761513]
1.034205686338763  ::  5.782847  ::  [2.135075092315674, -0.12438780069351196, 0.05546606704592705]
1.034205686338763  ::  5.798115  ::  [2.151826858520508, -0.12469074130058289, 0.05546445772051811]
1.0335794433692373  ::  5.814051  ::  [2.168588876724243, -0.12499478459358215, 0.05546363815665245]
1.038749896570937  ::  5.829013  ::  [2.2104833126068115, -0.1257539838552475, 0.05546199902892113]
1.038749896570937  ::  5.844968  ::  [2.2104833126068115, -0.1257539838552475, 0.05546199902892113]
1.0381997461776336  ::  5.860927  ::  [2.227243661880493, -0.1260571926832199, 0.05546310171484947]
1.0346995943931194  ::  5.877953  ::  [2.2775473594665527, -0.1269654631614685, 0.05546507611870766]
1.033570372024246  ::  5.892912  ::  [2.2775473594665527, -0.1269654631614685, 0.05546507611870766]
1.0353092954982488  ::  5.908898  ::  [2.2942936420440674, -0.12726850807666779, 0.055463261902332306]
1.0353092954982488  ::  5.923834  ::  [2.3194351196289062, -0.12772497534751892, 0.05546320602297783]
1.0397131666873203  ::  5.938903  ::  [2.344571352005005, -0.12818028032779694, 0.05546173080801964]
1.0397131666873203  ::  5.954858  ::  [2.3613367080688477, -0.12848339974880219, 0.055463600903749466]
1.0386934407885786  ::  5.97079  ::  [2.3780951499938965, -0.12878651916980743, 0.055465418845415115]
1.036634032032114  ::  5.986775  ::  [2.39486026763916, -0.1290890872478485, 0.055466167628765106]
1.0335655695474857  ::  6.002291  ::  [2.411625862121582, -0.12939229607582092, 0.055464547127485275]
1.0335655695474857  ::  6.018253  ::  [2.4283828735351562, -0.12969495356082916, 0.05546417832374573]
1.0358676634628974  ::  6.034243  ::  [2.4535207748413086, -0.13015127182006836, 0.05546289309859276]
1.0400492333388263  ::  6.050204  ::  [2.4702789783477783, -0.1304553598165512, 0.05546242743730545]
1.0388320722843887  ::  6.06616  ::  [2.495419502258301, -0.1309099644422531, 0.05546306446194649]
1.0351126073944936  ::  6.082115  ::  [2.512192726135254, -0.13121291995048523, 0.05546533316373825]
1.0351126073944936  ::  6.097657  ::  [2.537327766418457, -0.13166743516921997, 0.05546566843986511]
1.033485314824738  ::  6.113615  ::  [2.554088830947876, -0.1319705843925476, 0.0554635152220726]
1.0361172855327203  ::  6.130571  ::  [2.58760929107666, -0.13257929682731628, 0.05546311289072037]
1.0361172855327203  ::  6.14553  ::  [2.58760929107666, -0.13257929682731628, 0.05546311289072037]
1.0397410210525293  ::  6.161487  ::  [2.604365825653076, -0.13288164138793945, 0.05546152591705322]
1.0396515882630846  ::  6.178441  ::  [2.629509925842285, -0.1333368867635727, 0.05546329915523529]
1.037239997877541  ::  6.193401  ::  [2.629509925842285, -0.1333368867635727, 0.05546329915523529]
1.037239997877541  ::  6.209358  ::  [2.654653549194336, -0.13378986716270447, 0.055466100573539734]
1.0348374788369892  ::  6.225315  ::  [2.671415328979492, -0.13409316539764404, 0.055465176701545715]
1.034709092624934  ::  6.240529  ::  [2.69655704498291, -0.13454878330230713, 0.055464282631874084]
1.0374435161704663  ::  6.256491  ::  [2.7133259773254395, -0.13485251367092133, 0.05546148866415024]
1.0391649372847211  ::  6.27145  ::  [2.7300729751586914, -0.13515569269657135, 0.055461473762989044]
1.0391649372847211  ::  6.287518  ::  [2.7468347549438477, -0.1354597508907318, 0.05546245351433754]
1.0395012173796385  ::  6.303474  ::  [2.755213975906372, -0.1356116086244583, 0.05546382814645767]
1.0344516798705892  ::  6.319474  ::  [2.7803595066070557, -0.13606439530849457, 0.05546524375677109]
1.0344516798705892  ::  6.335409  ::  [2.805501937866211, -0.1365193873643875, 0.055464968085289]
1.034667044272856  ::  6.350851  ::  [2.8222622871398926, -0.13682350516319275, 0.05546332523226738]
1.0369913363030703  ::  6.366836  ::  [2.839021921157837, -0.13712702691555023, 0.05546226352453232]
1.0393557556946582  ::  6.382767  ::  [2.8557817935943604, -0.137430801987648, 0.0554613322019577]
1.0393557556946582  ::  6.398835  ::  [2.8725507259368896, -0.13773514330387115, 0.05546138063073158]
1.0398322681109724  ::  6.414811  ::  [2.8976824283599854, -0.1381894052028656, 0.055464185774326324]
1.0367720231976894  ::  6.430778  ::  [2.92282772064209, -0.13864260911941528, 0.055465828627347946]
1.0340027016543667  ::  6.446294  ::  [2.947969913482666, -0.13909834623336792, 0.055463314056396484]
1.0350445189462052  ::  6.462242  ::  [2.973109483718872, -0.13955354690551758, 0.055463604629039764]
1.0374571765488063  ::  6.478105  ::  [2.9898672103881836, -0.13985709846019745, 0.055462662130594254]
1.038483305749895  ::  6.494061  ::  [3.0401525497436523, -0.14076675474643707, 0.0554644837975502]
1.038483305749895  ::  6.509945  ::  [3.0401525497436523, -0.14076675474643707, 0.0554644837975502]
1.033343801842872  ::  6.525948  ::  [3.065295696258545, -0.1412212997674942, 0.055465079843997955]
1.0338610819507945  ::  6.541903  ::  [3.082059621810913, -0.1415252387523651, 0.055464137345552444]
1.0338610819507945  ::  6.55786  ::  [3.098815679550171, -0.14182838797569275, 0.05546262115240097]
1.0360808934310488  ::  6.573326  ::  [3.115575075149536, -0.14213231205940247, 0.05546131730079651]
1.038481811646014  ::  6.589283  ::  [3.132331609725952, -0.14243550598621368, 0.055462051182985306]
1.0397471041897588  ::  6.604243  ::  [3.1490936279296875, -0.1427386850118637, 0.055464163422584534]
1.0382834159949663  ::  6.6202  ::  [3.17423677444458, -0.14319273829460144, 0.05546552315354347]
1.0333879846290654  ::  6.635602  ::  [3.1910126209259033, -0.14349566400051117, 0.0554649755358696]
1.0333879846290654  ::  6.651662  ::  [3.2161407470703125, -0.1439509093761444, 0.0554647371172905]
1.0348967093836978  ::  6.667619  ::  [3.241288185119629, -0.14440633356571198, 0.05545998364686966]
1.0394226702041833  ::  6.683627  ::  [3.2664272785186768, -0.1448623687028885, 0.05546228960156441]
1.0394226702041833  ::  6.699265  ::  [3.2831783294677734, -0.14516469836235046, 0.0554647296667099]
1.0372437331372435  ::  6.715234  ::  [3.3083245754241943, -0.14561885595321655, 0.05546609312295914]
1.0336631131865701  ::  6.731157  ::  [3.3250904083251953, -0.14592187106609344, 0.05546598508954048]
1.0336631131865701  ::  6.747138  ::  [3.3502326011657715, -0.1463765799999237, 0.05546683818101883]
1.0346378025254719  ::  6.762274  ::  [3.3669991493225098, -0.14668108522891998, 0.055462390184402466]
1.0355539016478998  ::  6.778031  ::  [3.3753697872161865, -0.1468329131603241, 0.05546405166387558]
1.0388693181597064  ::  6.792725  ::  [3.3753697872161865, -0.1468329131603241, 0.05546405166387558]
1.0389512804297467  ::  6.808683  ::  [3.4005019664764404, -0.1472873091697693, 0.055461686104536057]
1.0389512804297467  ::  6.824148  ::  [3.425651788711548, -0.1477411687374115, 0.05546613782644272]
1.033211893814526  ::  6.839737  ::  [3.442411422729492, -0.14804452657699585, 0.05546753108501434]
1.033211893814526  ::  6.855019  ::  [3.4675564765930176, -0.14849813282489777, 0.05546646565198898]
1.0348073833159588  ::  6.870977  ::  [3.484314203262329, -0.1488019824028015, 0.05546559393405914]
