1.4630504258788264  ::  0.01496  ::  [-4.524865627288818, -4.1490424337098375e-05, 0.055466171354055405]
1.4630504258788264  ::  0.030919  ::  [-4.52486515045166, -4.151447501499206e-05, 0.05546622723340988]
1.7356411412199195  ::  0.045877  ::  [-4.533160209655762, 0.00035677533014677465, 0.06392429023981094]
1.6296199567152199  ::  0.061837  ::  [-4.530904769897461, 0.0002623603795655072, 0.06186853349208832]
1.6406922269683393  ::  0.077792  ::  [-4.52162504196167, -0.00017588809714652598, 0.05643670633435249]
1.6406922269683393  ::  0.093281  ::  [-4.491009712219238, -0.0010865600779652596, 0.061158835887908936]
1.2868870405795036  ::  0.108691  ::  [-4.453369140625, -0.002243258524686098, 0.05605306476354599]
1.40658375790645  ::  0.123839  ::  [-4.444191932678223, -0.0026031960733234882, 0.056735631078481674]
1.40658375790645  ::  0.13982  ::  [-4.420814037322998, -0.0032366979867219925, 0.05608348175883293]
1.3748678812172015  ::  0.155755  ::  [-4.388182640075684, -0.003893595654517412, 0.05551764369010925]
1.3748678812172015  ::  0.171716  ::  [-4.365144729614258, -0.00444443803280592, 0.055941142141819]
1.3519765022139039  ::  0.187794  ::  [-4.336696147918701, -0.005087736528366804, 0.055571459233760834]
1.3390114157870445  ::  0.204731  ::  [-4.293936252593994, -0.006075418088585138, 0.05546804517507553]
1.3401135308426495  ::  0.221687  ::  [-4.268794059753418, -0.006664972752332687, 0.055465854704380035]
1.3401135308426495  ::  0.235693  ::  [-4.268794059753418, -0.006664972752332687, 0.055465854704380035]
1.3424800846683531  ::  0.251604  ::  [-4.252044677734375, -0.007058130111545324, 0.055466461926698685]
1.3449696886208227  ::  0.267181  ::  [-4.243661403656006, -0.007254327181726694, 0.05546599626541138]
1.3423286465678492  ::  0.283159  ::  [-4.218522548675537, -0.007843327708542347, 0.05546809360384941]
1.3423286465678492  ::  0.299121  ::  [-4.193383693695068, -0.008430389687418938, 0.055469807237386703]
1.3394483344505137  ::  0.314834  ::  [-4.176624298095703, -0.008822944946587086, 0.05546983703970909]
1.3401727613893581  ::  0.330819  ::  [-4.151487350463867, -0.009412544779479504, 0.05546719208359718]
1.3401727613893581  ::  0.346749  ::  [-4.134729385375977, -0.009805797599256039, 0.05546645075082779]
1.3451845194145609  ::  0.362736  ::  [-4.109588146209717, -0.01039530523121357, 0.05546633154153824]
1.3451845194145609  ::  0.37771  ::  [-4.09283447265625, -0.010787850245833397, 0.055467598140239716]
1.3409115957584832  ::  0.392655  ::  [-4.067692279815674, -0.011375488713383675, 0.055469855666160583]
1.3393497235943717  ::  0.408383  ::  [-4.05092716217041, -0.011767682619392872, 0.055470097810029984]
1.3411155409382314  ::  0.424367  ::  [-4.025786399841309, -0.012356778606772423, 0.05546802282333374]
1.3445391732597003  ::  0.440298  ::  [-4.0006561279296875, -0.01294749230146408, 0.055466003715991974]
1.3456199439741492  ::  0.456281  ::  [-3.975520372390747, -0.013536284677684307, 0.055466171354055405]
1.3445746048660199  ::  0.472213  ::  [-3.9587631225585938, -0.013929123058915138, 0.05546777322888374]
1.342163227923888  ::  0.489168  ::  [-3.9252374172210693, -0.014713321812450886, 0.055469609797000885]
1.340201149363096  ::  0.502163  ::  [-3.9252374172210693, -0.014713321812450886, 0.055469609797000885]
1.340201149363096  ::  0.517746  ::  [-3.9084765911102295, -0.015105776488780975, 0.05546969175338745]
1.339552708278768  ::  0.53271  ::  [-3.891718864440918, -0.01549895852804184, 0.05546828359365463]
1.3416106229313516  ::  0.548662  ::  [-3.8665847778320312, -0.01608910784125328, 0.05546625703573227]
1.3450975412243489  ::  0.564623  ::  [-3.841449022293091, -0.016678597778081894, 0.05546686798334122]
1.3452970040924543  ::  0.58058  ::  [-3.8163058757781982, -0.017266791313886642, 0.05546874925494194]
1.3398636953294152  ::  0.596511  ::  [-3.791163444519043, -0.017855392768979073, 0.055469609797000885]
1.339516956507331  ::  0.612157  ::  [-3.7743942737579346, -0.018248217180371284, 0.055469024926424026]
1.339516956507331  ::  0.62808  ::  [-3.749269485473633, -0.018837813287973404, 0.0554671585559845]
1.343912930290175  ::  0.643996  ::  [-3.732513427734375, -0.01923072710633278, 0.05546588450670242]
1.3452427894659176  ::  0.660025  ::  [-3.7157540321350098, -0.019624216482043266, 0.05546630173921585]
1.3429453913055602  ::  0.675978  ::  [-3.6906089782714844, -0.020212354138493538, 0.05546802282333374]
1.3417557644512144  ::  0.691917  ::  [-3.6654744148254395, -0.020800765603780746, 0.05546966567635536]
1.3417557644512144  ::  0.707874  ::  [-3.6570827960968018, -0.020997393876314163, 0.0554678775370121]
1.3400423474648933  ::  0.723021  ::  [-3.640334129333496, -0.021389538422226906, 0.055469200015068054]
1.3400423474648933  ::  0.738938  ::  [-3.6151890754699707, -0.021980028599500656, 0.05546634644269943]
1.3455670100080814  ::  0.754895  ::  [-3.5733046531677246, -0.022962264716625214, 0.05546683818101883]
1.3457392588412127  ::  0.769856  ::  [-3.5565435886383057, -0.023354221135377884, 0.05546821653842926]
1.3457392588412127  ::  0.78584  ::  [-3.5565435886383057, -0.023354221135377884, 0.05546821653842926]
1.3394711728955508  ::  0.801792  ::  [-3.5314011573791504, -0.02394283190369606, 0.05547019839286804]
1.33941781204266  ::  0.817754  ::  [-3.506251573562622, -0.024532116949558258, 0.05546867102384567]
1.33941781204266  ::  0.833684  ::  [-3.48950457572937, -0.024925166741013527, 0.05546683818101883]
1.3458111892709095  ::  0.848685  ::  [-3.464370012283325, -0.025515219196677208, 0.05546634644269943]
1.3458111892709095  ::  0.863631  ::  [-3.4392337799072266, -0.026104291900992393, 0.05546702444553375]
1.3426941684101508  ::  0.879592  ::  [-3.422471761703491, -0.026496823877096176, 0.05546916276216507]
1.3426941684101508  ::  0.894562  ::  [-3.3973300457000732, -0.027084890753030777, 0.055469706654548645]
1.3398946446240918  ::  0.909516  ::  [-3.372185707092285, -0.027674904093146324, 0.055468473583459854]
1.3400975225867822  ::  0.925469  ::  [-3.355435848236084, -0.028068434447050095, 0.05546683445572853]
1.3463014687872694  ::  0.941424  ::  [-3.338676691055298, -0.028461674228310585, 0.05546628311276436]
1.3464681680917001  ::  0.957403  ::  [-3.313539981842041, -0.029051491990685463, 0.05546718090772629]
1.3464681680917001  ::  0.973362  ::  [-3.2883994579315186, -0.029640400782227516, 0.055469367653131485]
1.344371406738212  ::  0.988845  ::  [-3.2716379165649414, -0.03003287874162197, 0.05546983703970909]
1.3407445762889352  ::  1.005069  ::  [-3.2297418117523193, -0.031015921384096146, 0.05546769127249718]
1.3424148777061207  ::  1.019329  ::  [-3.2297418117523193, -0.031015921384096146, 0.05546769127249718]
1.3424148777061207  ::  1.035314  ::  [-3.2129852771759033, -0.03140975907444954, 0.055465877056121826]
1.3449372452222652  ::  1.051244  ::  [-3.196225643157959, -0.031803227961063385, 0.05546598881483078]
1.3468445755479912  ::  1.067202  ::  [-3.1794683933258057, -0.03219699114561081, 0.05546701326966286]
1.3470726398332462  ::  1.08318  ::  [-3.1627092361450195, -0.03258904069662094, 0.05546820908784866]
1.3442583884517894  ::  1.098142  ::  [-3.137568235397339, -0.03317848965525627, 0.05546967312693596]
1.341176265588821  ::  1.113579  ::  [-3.1124279499053955, -0.033767879009246826, 0.05546888709068298]
1.3438100505658015  ::  1.129565  ::  [-3.0872914791107178, -0.03435821458697319, 0.055466506630182266]
1.3438100505658015  ::  1.145523  ::  [-3.07053542137146, -0.03475199639797211, 0.0554656982421875]
1.3464446893164281  ::  1.161481  ::  [-3.0453929901123047, -0.03534207493066788, 0.0554671585559845]
1.3435134709454348  ::  1.17741  ::  [-3.028637647628784, -0.03573466092348099, 0.055468618869781494]
1.3435134709454348  ::  1.193367  ::  [-3.003495931625366, -0.03632279485464096, 0.05546976998448372]
1.3417619543101498  ::  1.208921  ::  [-2.9867300987243652, -0.03671629726886749, 0.05546942353248596]
1.3411442490770866  ::  1.224744  ::  [-2.9615988731384277, -0.03730682656168938, 0.055466827005147934]
1.3427907515538828  ::  1.240735  ::  [-2.944842576980591, -0.037700850516557693, 0.05546603351831436]
1.3460745784407782  ::  1.256658  ::  [-2.919703245162964, -0.03829042240977287, 0.05546637997031212]
1.3463659286975616  ::  1.271957  ::  [-2.8945655822753906, -0.03887929767370224, 0.05546873062849045]
1.3409353946988725  ::  1.288747  ::  [-2.852665424346924, -0.03986062854528427, 0.05546865239739418]
1.3406763811189408  ::  1.302568  ::  [-2.852665424346924, -0.03986062854528427, 0.05546865239739418]
1.3406763811189408  ::  1.31853  ::  [-2.827528238296509, -0.04045102745294571, 0.05546640604734421]
1.3461545129984085  ::  1.333492  ::  [-2.8107705116271973, -0.04084528237581253, 0.05546538531780243]
1.34655898826332  ::  1.348452  ::  [-2.7856338024139404, -0.04143436253070831, 0.055466774851083755]
1.3460041421149622  ::  1.364408  ::  [-2.7688729763031006, -0.041827086359262466, 0.0554683655500412]
1.3460041421149622  ::  1.380367  ::  [-2.7604944705963135, -0.04202369600534439, 0.05546895042061806]
1.345037456903994  ::  1.396322  ::  [-2.7521116733551025, -0.04221980646252632, 0.055469196289777756]
1.3425209590816674  ::  1.411849  ::  [-2.735337972640991, -0.04261273890733719, 0.05546913668513298]
1.340139144052037  ::  1.427804  ::  [-2.7102041244506836, -0.043202176690101624, 0.055467937141656876]
1.341690130602159  ::  1.443761  ::  [-2.685070276260376, -0.0437924861907959, 0.05546523258090019]
1.342860547549464  ::  1.459718  ::  [-2.6767001152038574, -0.04398897662758827, 0.055465586483478546]
1.346181620311677  ::  1.475675  ::  [-2.659933567047119, -0.044382087886333466, 0.055465612560510635]
1.3444691638207078  ::  1.491633  ::  [-2.6348023414611816, -0.044970668852329254, 0.05546807497739792]
1.3444691638207078  ::  1.50759  ::  [-2.618032455444336, -0.045363448560237885, 0.05546892434358597]
1.3409508693462107  ::  1.523547  ::  [-2.5929033756256104, -0.04595222324132919, 0.05546938627958298]
1.340269984863325  ::  1.53894  ::  [-2.567765712738037, -0.04654281586408615, 0.0554669164121151]
1.3458694593222662  ::  1.554899  ::  [-2.55100679397583, -0.04693610221147537, 0.055465828627347946]
1.3458694593222662  ::  1.570569  ::  [-2.5258729457855225, -0.047525834292173386, 0.05546651780605316]
1.3442977687612228  ::  1.587524  ::  [-2.483971357345581, -0.048507191240787506, 0.05546918138861656]
1.3410396618054208  ::  1.602512  ::  [-2.483971357345581, -0.048507191240787506, 0.05546918138861656]
1.3403586706008295  ::  1.618492  ::  [-2.4588303565979004, -0.0490964874625206, 0.055469416081905365]
1.3403586706008295  ::  1.634452  ::  [-2.4420738220214844, -0.04948963597416878, 0.055467329919338226]
1.3429802893033507  ::  1.649409  ::  [-2.416938066482544, -0.05008101090788841, 0.05546589195728302]
1.3459670029613504  ::  1.664758  ::  [-2.39180064201355, -0.05067044124007225, 0.055466849356889725]
1.3465146987554208  ::  1.680692  ::  [-2.375041961669922, -0.05106295645236969, 0.055467892438173294]
1.341784259146658  ::  1.696701  ::  [-2.358271360397339, -0.051455557346343994, 0.05546928197145462]
1.341784259146658  ::  1.712659  ::  [-2.333137035369873, -0.05204445868730545, 0.05546944960951805]
1.3407923876131254  ::  1.72811  ::  [-2.3080010414123535, -0.05263439565896988, 0.055467285215854645]
1.344641839540662  ::  1.744068  ::  [-2.2912344932556152, -0.05302920565009117, 0.055464111268520355]
1.3472215166128114  ::  1.760023  ::  [-2.274488925933838, -0.053421903401613235, 0.05546596273779869]
1.3469825667135666  ::  1.775981  ::  [-2.24935245513916, -0.054011374711990356, 0.0554673932492733]
1.3469825667135666  ::  1.791936  ::  [-2.2409703731536865, -0.05420796945691109, 0.05546872317790985]
1.3440195452742505  ::  1.807895  ::  [-2.232590436935425, -0.054404210299253464, 0.05546940118074417]
1.3427351495451707  ::  1.823854  ::  [-2.215829610824585, -0.05479670315980911, 0.05546940118074417]
1.3405531175487633  ::  1.839332  ::  [-2.207448720932007, -0.054992951452732086, 0.05546938627958298]
1.3402965585680646  ::  1.855289  ::  [-2.1906890869140625, -0.05538592115044594, 0.05546850711107254]
1.3419247049114664  ::  1.871026  ::  [-2.173919439315796, -0.05578004568815231, 0.05546630546450615]
1.3442387516579255  ::  1.886985  ::  [-2.1404175758361816, -0.056566447019577026, 0.05546584725379944]
1.3442387516579255  ::  1.901932  ::  [-2.1404175758361816, -0.056566447019577026, 0.05546584725379944]
1.345291774728871  ::  1.917889  ::  [-2.1152749061584473, -0.05715597793459892, 0.05546693876385689]
1.3418852178803273  ::  1.933848  ::  [-2.098520278930664, -0.057548075914382935, 0.055468685925006866]
1.340908287385604  ::  1.949804  ::  [-2.073366403579712, -0.0581367090344429, 0.05546838790178299]
1.340908287385604  ::  1.965415  ::  [-2.0649964809417725, -0.0583336278796196, 0.055468909442424774]
1.3416516040663717  ::  1.981373  ::  [-2.0482399463653564, -0.05872707441449165, 0.05546751618385315]
1.343942598924382  ::  1.996705  ::  [-2.0314838886260986, -0.05912090837955475, 0.05546603351831436]
1.3470546038649691  ::  2.012282  ::  [-2.0147175788879395, -0.05951443687081337, 0.055465273559093475]
1.3470546038649691  ::  2.028242  ::  [-1.9895849227905273, -0.06010431796312332, 0.055466923862695694]
1.3457564410358436  ::  2.044169  ::  [-1.981208086013794, -0.060300230979919434, 0.05546821281313896]
1.3457564410358436  ::  2.060162  ::  [-1.964436411857605, -0.06069255247712135, 0.05546871945261955]
1.34237517723157  ::  2.075806  ::  [-1.9392939805984497, -0.061281777918338776, 0.05546867102384567]
1.341070397656686  ::  2.091759  ::  [-1.922548532485962, -0.061675313860177994, 0.05546749755740166]
1.3434280935808096  ::  2.107842  ::  [-1.9057891368865967, -0.062069136649370193, 0.055466458201408386]
1.3434280935808096  ::  2.123758  ::  [-1.889030933380127, -0.06246345862746239, 0.055465180426836014]
1.3467403084414427  ::  2.139115  ::  [-1.8638966083526611, -0.0630529373884201, 0.055466730147600174]
1.3430857303486627  ::  2.154902  ::  [-1.8136056661605835, -0.06423108279705048, 0.0554688461124897]
1.341227598729302  ::  2.170674  ::  [-1.7968544960021973, -0.06462415307760239, 0.05546891316771507]
1.341227598729302  ::  2.185138  ::  [-1.7968544960021973, -0.06462415307760239, 0.05546891316771507]
1.3449300948679779  ::  2.201096  ::  [-1.771718144416809, -0.06521488726139069, 0.05546663701534271]
1.3449300948679779  ::  2.217058  ::  [-1.7465715408325195, -0.06580570340156555, 0.055464133620262146]
1.3468623980728567  ::  2.233015  ::  [-1.738202691078186, -0.0660020187497139, 0.0554664209485054]
1.3450971143375259  ::  2.249055  ::  [-1.721434235572815, -0.06639528274536133, 0.0554671585559845]
1.3450971143375259  ::  2.264999  ::  [-1.6963003873825073, -0.06698306649923325, 0.05546922609210014]
1.3405616552852258  ::  2.280944  ::  [-1.6795419454574585, -0.06737614423036575, 0.05546906590461731]
1.3405616552852258  ::  2.296885  ::  [-1.6544041633605957, -0.06796620786190033, 0.055467020720243454]
1.3414605722130228  ::  2.312871  ::  [-1.6376453638076782, -0.0683603584766388, 0.055465973913669586]
1.3461564339891126  ::  2.328825  ::  [-1.620877742767334, -0.06875438243150711, 0.05546500161290169]
1.3468493780247515  ::  2.344799  ::  [-1.6041321754455566, -0.06914687156677246, 0.05546661838889122]
1.3459408561434338  ::  2.360721  ::  [-1.595752239227295, -0.06934352219104767, 0.05546718090772629]
1.3459408561434338  ::  2.376176  ::  [-1.5706027746200562, -0.06993229687213898, 0.05546838790178299]
1.3435204078563108  ::  2.391633  ::  [-1.553849697113037, -0.07032474875450134, 0.05546998605132103]
1.3407871582495419  ::  2.406595  ::  [-1.5287113189697266, -0.0709148421883583, 0.05546792969107628]
1.344421672661635  ::  2.422259  ::  [-1.5035732984542847, -0.07150525599718094, 0.05546638369560242]
1.3468351840378825  ::  2.438217  ::  [-1.486816167831421, -0.07189898192882538, 0.05546488240361214]
1.3454034056331186  ::  2.454348  ::  [-1.4616676568984985, -0.07248866558074951, 0.055466655641794205]
1.3417689979427312  ::  2.469295  ::  [-1.411393165588379, -0.0736665427684784, 0.05546874552965164]
1.3410812832706756  ::  2.484268  ::  [-1.411393165588379, -0.0736665427684784, 0.05546874552965164]
1.3410812832706756  ::  2.499233  ::  [-1.3862583637237549, -0.07425681501626968, 0.055466700345277786]
1.3423874502277349  ::  2.515263  ::  [-1.369491696357727, -0.07465110719203949, 0.05546516925096512]
1.345883226422312  ::  2.530161  ::  [-1.3443665504455566, -0.07524066418409348, 0.055466409772634506]
1.347140194673006  ::  2.546124  ::  [-1.3276022672653198, -0.07563396543264389, 0.0554674006998539]
1.341756938389978  ::  2.562082  ::  [-1.3024628162384033, -0.07622235268354416, 0.05546946823596954]
1.341756938389978  ::  2.578039  ::  [-1.2773220539093018, -0.07681156694889069, 0.055468760430812836]
1.340674353406531  ::  2.593677  ::  [-1.26056706905365, -0.07720465958118439, 0.055467527359724045]
1.3416121170352326  ::  2.609635  ::  [-1.2438092231750488, -0.07759891450405121, 0.055466484278440475]
1.3449849498247495  ::  2.625595  ::  [-1.2186753749847412, -0.07818922400474548, 0.05546583980321884]
1.3467827836803439  ::  2.640948  ::  [-1.2019048929214478, -0.07858254015445709, 0.05546646937727928]
1.343674513999459  ::  2.656907  ::  [-1.1851561069488525, -0.0789751261472702, 0.055468324571847916]
1.343674513999459  ::  2.672412  ::  [-1.160011887550354, -0.07956359535455704, 0.05546990782022476]
1.3424278977542259  ::  2.687823  ::  [-1.1516324281692505, -0.07976038753986359, 0.05546949431300163]
1.3415730568909165  ::  2.702788  ::  [-1.1097393035888672, -0.08074428141117096, 0.055465951561927795]
1.3438682138954523  ::  2.718744  ::  [-1.1097393035888672, -0.08074428141117096, 0.055465951561927795]
1.346574569632364  ::  2.734736  ::  [-1.092982292175293, -0.08113738894462585, 0.055465131998062134]
1.345289960459873  ::  2.74969  ::  [-1.0678433179855347, -0.08172692358493805, 0.055467311292886734]
1.3429555298676095  ::  2.765644  ::  [-1.0427029132843018, -0.0823151022195816, 0.055468980222940445]
1.3429555298676095  ::  2.781627  ::  [-1.0259411334991455, -0.08270807564258575, 0.05546988919377327]
1.342015204917969  ::  2.797558  ::  [-1.0008025169372559, -0.0832977443933487, 0.05546770244836807]
1.344528607810828  ::  2.813222  ::  [-0.9756680727005005, -0.08388854563236237, 0.05546535551548004]
1.344528607810828  ::  2.829198  ::  [-0.9588999152183533, -0.08428272604942322, 0.0554649718105793]
1.3470467064587412  ::  2.845119  ::  [-0.9337633848190308, -0.08487182855606079, 0.05546731501817703]
1.3465862022982944  ::  2.860283  ::  [-0.917011022567749, -0.08526419848203659, 0.05546857789158821]
1.3431213753983937  ::  2.87624  ::  [-0.8918704986572266, -0.08585350215435028, 0.05546922981739044]
1.3408932396250888  ::  2.891204  ::  [-0.8667307496070862, -0.08644364774227142, 0.055467668920755386]
1.3414719914355415  ::  2.907134  ::  [-0.8499741554260254, -0.08683715760707855, 0.05546632781624794]
1.344880682718201  ::  2.923114  ::  [-0.8248389959335327, -0.08742716908454895, 0.055465683341026306]
1.346179699320973  ::  2.939109  ::  [-0.7829385995864868, -0.0884094163775444, 0.05546930432319641]
1.3438946808784862  ::  2.955047  ::  [-0.7829385995864868, -0.0884094163775444, 0.05546930432319641]
1.3426463570859606  ::  2.970966  ::  [-0.7577968835830688, -0.08899850398302078, 0.05546969175338745]
1.3410794690016774  ::  2.985948  ::  [-0.7577968835830688, -0.08899850398302078, 0.05546969175338745]
1.3410794690016774  ::  3.001307  ::  [-0.7410324811935425, -0.08939232677221298, 0.05546784773468971]
1.3427890440065904  ::  3.017241  ::  [-0.7242812514305115, -0.08978527039289474, 0.055466510355472565]
1.3427890440065904  ::  3.032984  ::  [-0.7075232267379761, -0.09017974138259888, 0.05546562373638153]
1.3469181068032747  ::  3.048968  ::  [-0.690758228302002, -0.09057281911373138, 0.05546524375677109]
1.3457474764125579  ::  3.064541  ::  [-0.6656235456466675, -0.0911625549197197, 0.05546746775507927]
1.3457474764125579  ::  3.080527  ::  [-0.6488658785820007, -0.09155493974685669, 0.05546921491622925]
1.341292592248123  ::  3.096498  ::  [-0.6404858231544495, -0.0917508527636528, 0.055469222366809845]
1.341292592248123  ::  3.11175  ::  [-0.6153455972671509, -0.09234029054641724, 0.05546839162707329]
1.340587375216319  ::  3.127707  ::  [-0.598588228225708, -0.09273385256528854, 0.05546741932630539]
1.345360290063983  ::  3.142667  ::  [-0.5734519958496094, -0.09332474321126938, 0.055465225130319595]
1.345360290063983  ::  3.157652  ::  [-0.5566965341567993, -0.09371766448020935, 0.05546543747186661]
1.3440575382015088  ::  3.173608  ::  [-0.5315570831298828, -0.09430690109729767, 0.05546749010682106]
1.3440575382015088  ::  3.188548  ::  [-0.5064041018486023, -0.0948960930109024, 0.05546743795275688]
1.3405241959664964  ::  3.205145  ::  [-0.4645172357559204, -0.09587834775447845, 0.0554664321243763]
1.3405241959664964  ::  3.219908  ::  [-0.4645172357559204, -0.09587834775447845, 0.0554664321243763]
1.3454425724991403  ::  3.235894  ::  [-0.4477599263191223, -0.09627189487218857, 0.055465348064899445]
1.3465865224634117  ::  3.250824  ::  [-0.4226231276988983, -0.09686216711997986, 0.05546533316373825]
1.3465865224634117  ::  3.26581  ::  [-0.4058634042739868, -0.09725529700517654, 0.05546741560101509]
1.3456998785317795  ::  3.281767  ::  [-0.3891012370586395, -0.0976472944021225, 0.05546913295984268]
1.3435056802609129  ::  3.297704  ::  [-0.37233060598373413, -0.098039910197258, 0.055467285215854645]
1.3405378563448365  ::  3.313676  ::  [-0.34720197319984436, -0.09862916171550751, 0.05546848848462105]
1.341129521481689  ::  3.329619  ::  [-0.3220604658126831, -0.09921979904174805, 0.0554661825299263]
1.3433404750603632  ::  3.345578  ::  [-0.3053096532821655, -0.09961316734552383, 0.055465683341026306]
1.346448211132719  ::  3.360536  ::  [-0.280172735452652, -0.10020272433757782, 0.05546678975224495]
1.3455735200321342  ::  3.375499  ::  [-0.25502997636795044, -0.10079170763492584, 0.05546886846423149]
1.3410036965905725  ::  3.390857  ::  [-0.2382565140724182, -0.10118411481380463, 0.055468689650297165]
1.3410036965905725  ::  3.406814  ::  [-0.22151131927967072, -0.10157635807991028, 0.05546838790178299]
1.3406780886662333  ::  3.422776  ::  [-0.19637349247932434, -0.10216721147298813, 0.05546675994992256]
1.3438628778101633  ::  3.438295  ::  [-0.1712397038936615, -0.10275711864233017, 0.05546509101986885]
1.3461060613439837  ::  3.454252  ::  [-0.15448236465454102, -0.1031506359577179, 0.05546543374657631]
1.3428377091044268  ::  3.47027  ::  [-0.10419861972332001, -0.1043282151222229, 0.055469077080488205]
1.3403329506697361  ::  3.486224  ::  [-0.10419861972332001, -0.1043282151222229, 0.055469077080488205]
1.340361872252003  ::  3.502181  ::  [-0.07905963808298111, -0.10491745173931122, 0.0554676279425621]
1.340361872252003  ::  3.518321  ::  [-0.0706816166639328, -0.10511466860771179, 0.05546687915921211]
1.3417334596147061  ::  3.53428  ::  [-0.053924381732940674, -0.10550810396671295, 0.055465590208768845]
1.3452872924172283  ::  3.550206  ::  [-0.02878745272755623, -0.1060982272028923, 0.055465903133153915]
1.34654735559739  ::  3.566193  ::  [-0.012023228220641613, -0.10649123787879944, 0.05546664446592331]
1.3424514832512036  ::  3.582146  ::  [0.013111462816596031, -0.10707922279834747, 0.05546841025352478]
1.3424514832512036  ::  3.59708  ::  [0.029871726408600807, -0.10747097432613373, 0.055467937141656876]
1.3398814111325748  ::  3.613061  ::  [0.05500783398747444, -0.10805890709161758, 0.055464256554841995]
1.3312267076805224  ::  3.629021  ::  [0.08012071996927261, -0.10861103236675262, 0.05543062835931778]
1.3294234310179331  ::  3.644976  ::  [0.09689341485500336, -0.10903185606002808, 0.0554591603577137]
1.3304846716602239  ::  3.660217  ::  [0.12203054130077362, -0.10962025821208954, 0.05546640232205391]
1.3427044136939057  ::  3.676174  ::  [0.13879108428955078, -0.11000853031873703, 0.05546731874346733]
1.3515875015963303  ::  3.691646  ::  [0.15544205904006958, -0.1104423776268959, 0.05544174462556839]
1.3455053248621398  ::  3.707561  ::  [0.1639256775379181, -0.11059937626123428, 0.055469658225774765]
1.3455053248621398  ::  3.723542  ::  [0.1806882917881012, -0.1109987199306488, 0.0554640106856823]
1.3463503473285174  ::  3.738813  ::  [0.20582741498947144, -0.11158807575702667, 0.05546484515070915]
1.3513644532312472  ::  3.754437  ::  [0.24771037697792053, -0.11257364600896835, 0.05546575039625168]
1.3502542273260028  ::  3.770394  ::  [0.27285927534103394, -0.1131644994020462, 0.05546689033508301]
1.346707011269239  ::  3.786352  ::  [0.2979947328567505, -0.11375585943460464, 0.05546800419688225]
1.345235745833336  ::  3.802308  ::  [0.2979947328567505, -0.11375585943460464, 0.05546800419688225]
1.345235745833336  ::  3.817514  ::  [0.3147582411766052, -0.11415024101734161, 0.055465973913669586]
1.346562936966434  ::  3.833471  ::  [0.3398919999599457, -0.11474322527647018, 0.055464304983615875]
1.3515301920403258  ::  3.848438  ::  [0.36503276228904724, -0.1153358593583107, 0.05546383932232857]
1.3509184632227864  ::  3.863399  ::  [0.3817827105522156, -0.1157301664352417, 0.05546567589044571]
1.3509184632227864  ::  3.879366  ::  [0.39854294061660767, -0.11612413823604584, 0.055465973913669586]
1.345449509410016  ::  3.894286  ::  [0.42368438839912415, -0.11671535670757294, 0.0554678700864315]
1.3456506798254142  ::  3.910268  ::  [0.4404534697532654, -0.11710980534553528, 0.0554661825299263]
1.3456506798254142  ::  3.925231  ::  [0.46557971835136414, -0.11770229041576385, 0.05546434968709946]
1.3477716670061146  ::  3.94019  ::  [0.4823364019393921, -0.11809608340263367, 0.05546320602297783]
1.3500735474781147  ::  3.956122  ::  [0.4990943670272827, -0.11849132180213928, 0.05546482279896736]
1.350874280436593  ::  3.972077  ::  [0.5158621072769165, -0.11888483166694641, 0.05546494200825691]
1.3491232974098368  ::  3.988039  ::  [0.5242354273796082, -0.11908146739006042, 0.05546637624502182]
1.3456606049440518  ::  4.00499  ::  [0.5661345720291138, -0.12006637454032898, 0.055466558784246445]
1.344915900881109  ::  4.022273  ::  [0.5745160579681396, -0.120263010263443, 0.05546565353870392]
1.344915900881109  ::  4.035712  ::  [0.5745160579681396, -0.120263010263443, 0.05546565353870392]
1.3455113012776636  ::  4.051671  ::  [0.5996543765068054, -0.12085749208927155, 0.0554635189473629]
1.3477716670061146  ::  4.0676  ::  [0.6164085865020752, -0.1212509498000145, 0.05546404793858528]
1.3506084366674913  ::  4.08358  ::  [0.6331765651702881, -0.12164562940597534, 0.055463485419750214]
1.3506084366674913  ::  4.098524  ::  [0.6583150029182434, -0.12223700433969498, 0.055465470999479294]
1.34458143505519  ::  4.113484  ::  [0.6834464073181152, -0.12282624840736389, 0.05546683818101883]
1.34458143505519  ::  4.12944  ::  [0.7085862159729004, -0.12341836839914322, 0.05546633154153824]
1.3444874132323963  ::  4.145397  ::  [0.7169637680053711, -0.12361552566289902, 0.05546458810567856]
1.348114884011908  ::  4.160957  ::  [0.7337231636047363, -0.12401019036769867, 0.05546427518129349]
1.348114884011908  ::  4.176924  ::  [0.75047767162323, -0.12440533190965652, 0.05546306446194649]
1.3506795133235419  ::  4.192855  ::  [0.7756149768829346, -0.124996617436409, 0.05546410754323006]
1.3507393842004853  ::  4.20884  ::  [0.7839982509613037, -0.12519365549087524, 0.05546557158231735]
1.3494053628782172  ::  4.224794  ::  [0.8007583618164062, -0.12558771669864655, 0.05546732619404793]
1.348147007245348  ::  4.24077  ::  [0.809140682220459, -0.12578463554382324, 0.05546749010682106]
1.3442537994184407  ::  4.256364  ::  [0.8259048461914062, -0.12617868185043335, 0.05546552687883377]
1.3457034003480701  ::  4.272292  ::  [0.8677938580513, -0.12716452777385712, 0.05546345189213753]
1.3457034003480701  ::  4.287253  ::  [0.8677938580513, -0.12716452777385712, 0.05546345189213753]
1.3505396011672623  ::  4.30321  ::  [0.8929287195205688, -0.12775571644306183, 0.05546245351433754]
1.3505396011672623  ::  4.31827  ::  [0.909686803817749, -0.12815065681934357, 0.055464617908000946]
1.3490942691058643  ::  4.334226  ::  [0.9264508485794067, -0.12854407727718353, 0.05546693503856659]
1.3452881461908746  ::  4.350183  ::  [0.934829592704773, -0.12874048948287964, 0.0554669126868248]
1.3445318094620013  ::  4.365142  ::  [0.9599707126617432, -0.12933099269866943, 0.05546659231185913]
1.3445318094620013  ::  4.380661  ::  [0.9683518409729004, -0.1295280158519745, 0.05546585097908974]
1.3461407458983625  ::  4.396229  ::  [0.9851124286651611, -0.12992359697818756, 0.05546300485730171]
1.3461407458983625  ::  4.411623  ::  [1.0018632411956787, -0.13031795620918274, 0.05546325072646141]
1.3503550793379662  ::  4.427579  ::  [1.0270003080368042, -0.13091012835502625, 0.055462874472141266]
1.3502729036245145  ::  4.443536  ::  [1.0353786945343018, -0.13110631704330444, 0.055463533848524094]
1.3502729036245145  ::  4.459494  ::  [1.052141785621643, -0.13149969279766083, 0.055466413497924805]
1.345129664457789  ::  4.475045  ::  [1.0689032077789307, -0.13189412653446198, 0.05546630546450615]
1.345129664457789  ::  4.491003  ::  [1.0940431356430054, -0.13248570263385773, 0.05546577274799347]
1.3455655159042006  ::  4.50696  ::  [1.1191757917404175, -0.1330760419368744, 0.05546288937330246]
1.3455655159042006  ::  4.52199  ::  [1.1275583505630493, -0.13327455520629883, 0.05546338111162186]
1.3489882944520233  ::  4.537949  ::  [1.152700662612915, -0.1338661164045334, 0.055461518466472626]
1.3489882944520233  ::  4.552331  ::  [1.152700662612915, -0.1338661164045334, 0.055461518466472626]
1.3507187869112693  ::  4.568288  ::  [1.1694505214691162, -0.1342599093914032, 0.055463653057813644]
1.3495335356468607  ::  4.584241  ::  [1.1945924758911133, -0.13485127687454224, 0.05546662211418152]
1.3445163348146631  ::  4.60023  ::  [1.2197387218475342, -0.13544227182865143, 0.05546692758798599]
1.3445167617014864  ::  4.61521  ::  [1.2364904880523682, -0.13583610951900482, 0.055463843047618866]
1.3450903908700615  ::  4.630616  ::  [1.244873285293579, -0.13603341579437256, 0.055463965982198715]
1.345978422183869  ::  4.646698  ::  [1.253248929977417, -0.13623063266277313, 0.055463485419750214]
1.345978422183869  ::  4.662655  ::  [1.2616404294967651, -0.1364293098449707, 0.05546259135007858]
1.348382862215125  ::  4.678643  ::  [1.278383731842041, -0.1368226706981659, 0.05546246096491814]
1.3503433399503302  ::  4.6946  ::  [1.2951431274414062, -0.13721764087677002, 0.05546267330646515]
1.3469377435971384  ::  4.710243  ::  [1.3202853202819824, -0.13780765235424042, 0.05546623840928078]
1.3469377435971384  ::  4.726201  ::  [1.3454266786575317, -0.13839834928512573, 0.05546716973185539]
1.344567667955144  ::  4.741989  ::  [1.3705625534057617, -0.13899020850658417, 0.0554632768034935]
1.3453639186019795  ::  4.757557  ::  [1.3873248100280762, -0.13938485085964203, 0.05546317249536514]
1.3488131641328358  ::  4.773545  ::  [1.4124565124511719, -0.13997699320316315, 0.05546291917562485]
1.349923069872963  ::  4.789205  ::  [1.4292151927947998, -0.14037162065505981, 0.0554637685418129]
1.3464681680917001  ::  4.806162  ::  [1.4795033931732178, -0.14155255258083344, 0.05546681210398674]
1.3444056644057678  ::  4.820842  ::  [1.5046364068984985, -0.14214462041854858, 0.055462706834077835]
1.3453979628261237  ::  4.836801  ::  [1.5046364068984985, -0.14214462041854858, 0.055462706834077835]
1.3476742300887363  ::  4.852756  ::  [1.521392583847046, -0.14253969490528107, 0.05546311289072037]
1.3476742300887363  ::  4.868712  ::  [1.5381476879119873, -0.1429344266653061, 0.055462613701820374]
1.3488440067058067  ::  4.884672  ::  [1.54652738571167, -0.1431313008069992, 0.055462174117565155]
1.3504796235686132  ::  4.900627  ::  [1.571665644645691, -0.14372187852859497, 0.05546462535858154]
1.3456728779402167  ::  4.916584  ::  [1.5968071222305298, -0.14431340992450714, 0.05546620860695839]
1.3456728779402167  ::  4.931993  ::  [1.6135741472244263, -0.14470693469047546, 0.0554661862552166]
1.3451691514889283  ::  4.947888  ::  [1.6387114524841309, -0.14529770612716675, 0.05546364188194275]
1.3488691930283712  ::  4.963819  ::  [1.6554642915725708, -0.14569273591041565, 0.05546404793858528]
1.349960635913398  ::  4.979798  ::  [1.680598258972168, -0.1462840735912323, 0.05546260625123978]
1.3494538145326418  ::  4.995731  ::  [1.6973567008972168, -0.1466779112815857, 0.05546332523226738]
1.3494538145326418  ::  5.011712  ::  [1.7141292095184326, -0.14707177877426147, 0.055465180426836014]
1.3474516086104762  ::  5.027675  ::  [1.730880618095398, -0.14746452867984772, 0.05546675994992256]
1.3440943571900033  ::  5.043631  ::  [1.7560205459594727, -0.1480552703142166, 0.05546555668115616]
1.343811758113094  ::  5.059561  ::  [1.7727844715118408, -0.14845013618469238, 0.055463455617427826]
1.3463628337680937  ::  5.075586  ::  [1.7979146242141724, -0.14904208481311798, 0.05546320974826813]
1.3493495474260935  ::  5.091504  ::  [1.8230522871017456, -0.14963291585445404, 0.05546272546052933]
1.3467877996005155  ::  5.107434  ::  [1.839808702468872, -0.15002641081809998, 0.055464718490839005]
1.3455559109506803  ::  5.123391  ::  [1.8649561405181885, -0.1506175845861435, 0.05546630173921585]
1.3439911573005126  ::  5.138674  ::  [1.8733315467834473, -0.15081334114074707, 0.05546598881483078]
1.3439911573005126  ::  5.154332  ::  [1.8901011943817139, -0.15120771527290344, 0.0554635152220726]
1.3468545006666288  ::  5.169268  ::  [1.9152268171310425, -0.15180017054080963, 0.05546319857239723]
1.3468545006666288  ::  5.185255  ::  [1.9319841861724854, -0.1521943062543869, 0.0554625503718853]
1.349590525037748  ::  5.201183  ::  [1.9571187496185303, -0.1527843475341797, 0.05546271428465843]
1.349590525037748  ::  5.216172  ::  [1.9738900661468506, -0.15317901968955994, 0.05546293407678604]
1.3466017836673385  ::  5.232099  ::  [1.9990347623825073, -0.15376929938793182, 0.05546485632658005]
1.3443217811450237  ::  5.247059  ::  [2.0157814025878906, -0.15416303277015686, 0.05546494573354721]
1.343930966258452  ::  5.263017  ::  [2.0409202575683594, -0.1547544151544571, 0.05546391382813454]
1.3470508686052667  ::  5.279015  ::  [2.066053628921509, -0.15534649789333344, 0.055462054908275604]
1.34911966887184  ::  5.29496  ::  [2.0828211307525635, -0.15574084222316742, 0.0554623119533062]
1.3496566924953324  ::  5.310908  ::  [2.099571466445923, -0.1561337411403656, 0.055464763194322586]
1.3469888632942077  ::  5.326848  ::  [2.1247129440307617, -0.1567230522632599, 0.055465929210186005]
1.3437442032733344  ::  5.342827  ::  [2.149853229522705, -0.15731492638587952, 0.0554652139544487]
1.3437442032733344  ::  5.358767  ::  [2.175001859664917, -0.15790633857250214, 0.0554625503718853]
1.3456675418549275  ::  5.374724  ::  [2.191746711730957, -0.15829980373382568, 0.05546266958117485]
1.348763751983059  ::  5.390682  ::  [2.2168827056884766, -0.15889157354831696, 0.055462274700403214]
1.3463025360043273  ::  5.40664  ::  [2.2336463928222656, -0.15928451716899872, 0.05546394735574722]
1.3463025360043273  ::  5.422199  ::  [2.2587859630584717, -0.15987469255924225, 0.05546530336141586]
1.343702795251491  ::  5.438159  ::  [2.2839303016662598, -0.16046570241451263, 0.0554644912481308]
1.3472517188555475  ::  5.454116  ::  [2.3090662956237793, -0.16105660796165466, 0.055462729185819626]
1.349104621111325  ::  5.469428  ::  [2.350951671600342, -0.16204100847244263, 0.05546237900853157]
1.349104621111325  ::  5.484388  ::  [2.350951671600342, -0.16204100847244263, 0.05546237900853157]
1.3483211770691834  ::  5.499992  ::  [2.3760955333709717, -0.16263121366500854, 0.055465590208768845]
1.345831466395008  ::  5.515972  ::  [2.392866611480713, -0.16302433609962463, 0.055465638637542725]
1.3426488116851936  ::  5.531913  ::  [2.417994499206543, -0.16361558437347412, 0.05546426773071289]
1.3436577586916514  ::  5.547046  ::  [2.426377773284912, -0.16381236910820007, 0.05546242743730545]
1.3436577586916514  ::  5.562396  ::  [2.4431302547454834, -0.16420641541481018, 0.05546301603317261]
1.348550415293202  ::  5.578395  ::  [2.4598870277404785, -0.1646014153957367, 0.05546201765537262]
1.3492110226519891  ::  5.594229  ::  [2.47664737701416, -0.16499482095241547, 0.0554623082280159]
1.3482391080774374  ::  5.610182  ::  [2.4850237369537354, -0.16519196331501007, 0.055462636053562164]
1.3461501374084714  ::  5.62612  ::  [2.5101664066314697, -0.1657814085483551, 0.05546567216515541]
1.3433603252976385  ::  5.642146  ::  [2.552064895629883, -0.16676579415798187, 0.055463794618844986]
1.3433603252976385  ::  5.657828  ::  [2.552064895629883, -0.16676579415798187, 0.055463794618844986]
1.347245528996612  ::  5.673758  ::  [2.5688235759735107, -0.16716085374355316, 0.05546336993575096]
1.349162144110741  ::  5.689736  ::  [2.5939583778381348, -0.1677519977092743, 0.05546172708272934]
1.349162144110741  ::  5.70567  ::  [2.6107230186462402, -0.1681462675333023, 0.055462054908275604]
1.3482493533611926  ::  5.721626  ::  [2.627476930618286, -0.1685389131307602, 0.055464327335357666]
1.3446120641847492  ::  5.737585  ::  [2.669381618499756, -0.169523224234581, 0.05546707659959793]
1.343431401953689  ::  5.753543  ::  [2.694528102874756, -0.17011435329914093, 0.05546236410737038]
1.343431401953689  ::  5.7695  ::  [2.694528102874756, -0.17011435329914093, 0.05546236410737038]
1.3461880236140238  ::  5.785487  ::  [2.719663143157959, -0.1707063913345337, 0.05545990914106369]
1.3485945980793954  ::  5.800416  ::  [2.736410140991211, -0.17110095918178558, 0.05546269938349724]
1.3491797531921952  ::  5.816404  ::  [2.761549234390259, -0.17169097065925598, 0.055463775992393494]
1.3476481899925254  ::  5.831364  ::  [2.778320074081421, -0.17208389937877655, 0.05546482652425766]
1.3429011017976609  ::  5.847291  ::  [2.7950727939605713, -0.17247644066810608, 0.05546692758798599]
1.3429011017976609  ::  5.862879  ::  [2.820211410522461, -0.1730681210756302, 0.05546475201845169]
1.3474573715825884  ::  5.87884  ::  [2.8453457355499268, -0.17366036772727966, 0.055462270975112915]
1.3493681170028995  ::  5.894798  ::  [2.86210298538208, -0.1740541309118271, 0.05546240881085396]
1.3493681170028995  ::  5.909775  ::  [2.887242555618286, -0.1746445745229721, 0.055464304983615875]
1.348348177660746  ::  5.925601  ::  [2.9040098190307617, -0.17503730952739716, 0.05546515807509422]
1.344857737551458  ::  5.941526  ::  [2.929147958755493, -0.17562808096408844, 0.05546565353870392]
1.3433140080773294  ::  5.956528  ::  [2.9459011554718018, -0.17602084577083588, 0.055463556200265884]
1.3466443656279452  ::  5.972444  ::  [2.971038341522217, -0.1766127645969391, 0.055462826043367386]
1.3466443656279452  ::  5.987404  ::  [2.9877963066101074, -0.17700766026973724, 0.0554618202149868]
1.3481312124328924  ::  6.004361  ::  [3.0380749702453613, -0.17818844318389893, 0.055465731769800186]
1.3444818637036957  ::  6.019318  ::  [3.0380749702453613, -0.17818844318389893, 0.055465731769800186]
1.3431571271698306  ::  6.035275  ::  [3.063216209411621, -0.17877836525440216, 0.055464960634708405]
1.3431571271698306  ::  6.050264  ::  [3.0799741744995117, -0.1791723370552063, 0.05546260625123978]
1.3485109282620629  ::  6.065581  ::  [3.1051104068756104, -0.17976438999176025, 0.055462151765823364]
1.349466941302453  ::  6.081643  ::  [3.130248785018921, -0.18035541474819183, 0.05546347051858902]
1.3487874442017425  ::  6.097605  ::  [3.1470069885253906, -0.1807488352060318, 0.05546287074685097]
1.3487874442017425  ::  6.112922  ::  [3.1637704372406006, -0.18114325404167175, 0.055465422570705414]
1.3452011680006628  ::  6.128246  ::  [3.1889116764068604, -0.18173298239707947, 0.05546652898192406]
1.3440571113146855  ::  6.144228  ::  [3.19728946685791, -0.18193021416664124, 0.05546490103006363]
1.3436460193040154  ::  6.160213  ::  [3.2224299907684326, -0.18252095580101013, 0.055464617908000946]
1.3452851579831127  ::  6.176176  ::  [3.2391982078552246, -0.1829165816307068, 0.05546155944466591]
1.3501963841614693  ::  6.192143  ::  [3.255941152572632, -0.18330954015254974, 0.05546199902892113]
1.3501963841614693  ::  6.208087  ::  [3.281081438064575, -0.18390074372291565, 0.05546647310256958]
1.345581951046891  ::  6.224083  ::  [3.2978463172912598, -0.18429502844810486, 0.0554647222161293]
1.345581951046891  ::  6.240041  ::  [3.3229808807373047, -0.18488477170467377, 0.055466748774051666]
1.344004604235441  ::  6.256004  ::  [3.339742422103882, -0.18527910113334656, 0.05546609312295914]
1.3459663626311158  ::  6.27193  ::  [3.3565027713775635, -0.18567292392253876, 0.05546354502439499]
1.348438997832366  ::  6.287887  ::  [3.39001202583313, -0.18646198511123657, 0.05546339973807335]
1.348438997832366  ::  6.302392  ::  [3.39001202583313, -0.18646198511123657, 0.05546339973807335]
1.3499829407499062  ::  6.318358  ::  [3.406771659851074, -0.18685616552829742, 0.05546550452709198]
1.348879545033832  ::  6.334314  ::  [3.4319112300872803, -0.18744702637195587, 0.05546680837869644]
1.3477599276184786  ::  6.350271  ::  [3.440303325653076, -0.18764442205429077, 0.055467259138822556]
1.345247378499266  ::  6.366228  ::  [3.4570529460906982, -0.18803732097148895, 0.05546709522604942]
1.3436156036178677  ::  6.382186  ::  [3.473820447921753, -0.1884317696094513, 0.05546599626541138]
