[-4.500211238861084, 0.0005238354788161814, 0.03531888872385025]
[-4.250080585479736, -0.4476209580898285, 0.035467132925987244]
[-4.000479221343994, 0.0017542870482429862, 0.03546738252043724]
[-4.257450580596924, 0.4369027018547058, 0.0354650653898716]
[-3.744028091430664, 0.42691195011138916, 0.035462524741888046]
[-3.2438745498657227, 0.42760372161865234, 0.03546372801065445]
[-2.7392356395721436, 0.4270769953727722, 0.035462476313114166]
[-2.2354087829589844, 0.4270167350769043, 0.0354657806456089]
[-1.7310903072357178, 0.4270433485507965, 0.035466574132442474]
[-1.2250263690948486, 0.42697227001190186, 0.03546355664730072]
[-0.7208009958267212, 0.42709046602249146, 0.03546778857707977]
[-0.21560834348201752, 0.4270939230918884, 0.035467471927404404]
[0.2890034317970276, 0.4272472858428955, 0.03546453267335892]
[0.791881799697876, 0.42582985758781433, 0.03546829894185066]
[1.2981693744659424, 0.4270467460155487, 0.03546465188264847]
[1.8029093742370605, 0.42689162492752075, 0.035462889820337296]
[2.3070907592773438, 0.41950175166130066, 0.03546134755015373]
[2.8115429878234863, 0.41214609146118164, 0.03546394035220146]
[3.3164052963256836, 0.404388964176178, 0.035463348031044006]
[3.0532970428466797, 0.8439918756484985, 0.03546682745218277]
[2.5439345836639404, 0.8450186252593994, 0.03546610102057457]
[2.0397725105285645, 0.8525561690330505, 0.03546518087387085]
[1.5340096950531006, 0.852737545967102, 0.03546622022986412]
[1.0206122398376465, 0.845513105392456, 0.035465750843286514]
[0.5257170796394348, 0.8551041483879089, 0.03546790033578873]
[0.020452387630939484, 0.8556970953941345, 0.03546442836523056]
[-0.48225218057632446, 0.8539767265319824, 0.03546448424458504]
[-0.989177942276001, 0.8524774312973022, 0.03546584025025368]
[-1.4951331615447998, 0.8521978855133057, 0.035467490553855896]
[-1.735990285873413, 0.415556401014328, 0.035468898713588715]
[-1.9879395961761475, -0.0022712021600455046, 0.03546597436070442]
[-2.4966347217559814, -0.00011887067375937477, 0.035321153700351715]
[-2.7395033836364746, -0.44818609952926636, 0.035465724766254425]
[-2.4857468605041504, -0.8746474981307983, 0.03546329587697983]
[-2.2377707958221436, -1.3218458890914917, 0.03546786680817604]
[-1.727929711341858, -1.3163964748382568, 0.03546569496393204]
[-1.2282501459121704, -1.32285737991333, 0.03546785190701485]
[-1.4871344566345215, -1.7615292072296143, 0.03546568751335144]
[-0.9823321104049683, -1.7686495780944824, 0.03546573594212532]
[-1.244450330734253, -2.2060084342956543, 0.03546461835503578]
[-1.501823902130127, -2.6506361961364746, 0.0354677252471447]
[-0.9966259002685547, -2.6573777198791504, 0.035464588552713394]
[-1.2584247589111328, -3.095006227493286, 0.035464346408843994]
[-1.5151106119155884, -3.5404882431030273, 0.03546532616019249]
[-1.0093311071395874, -3.547152280807495, 0.03546087443828583]
[-1.2672868967056274, -3.095425844192505, 0.035466767847537994]
[-0.9886766076087952, -2.654510974884033, 0.03546462953090668]
[-1.2524433135986328, -2.205169439315796, 0.035464808344841]
[-0.9752700328826904, -1.7662372589111328, 0.035463470965623856]
[-1.235960602760315, -1.3224518299102783, 0.035463590174913406]
[-0.9694771766662598, -0.8783469796180725, 0.03546585515141487]
[-0.7227532863616943, -0.4375104010105133, 0.03546440601348877]
[-0.47107434272766113, 0.0019321974832564592, 0.03546684607863426]
[-0.21427512168884277, 0.4299522042274475, 0.03546583652496338]
[0.020362604409456253, 0.8584001660346985, 0.03546580299735069]
[0.531165599822998, 0.8493247628211975, 0.03546861559152603]
[1.0228941440582275, 0.8449828028678894, 0.035457320511341095]
[1.536502480506897, 0.8534961342811584, 0.035459719598293304]
[2.042738914489746, 0.8520622849464417, 0.0354616716504097]
[2.546663999557495, 0.8444526195526123, 0.035466551780700684]
[2.2822372913360596, 1.283234715461731, 0.03546581417322159]
[2.0332062244415283, 0.8408582210540771, 0.035466164350509644]
[1.8023446798324585, 0.4239669740200043, 0.03546370193362236]
[1.5451891422271729, -0.0020889737643301487, 0.03546600416302681]
[1.295001745223999, -0.44348251819610596, 0.03546841815114021]
[0.7839189767837524, -0.43621915578842163, 0.035462137311697006]
[0.28446537256240845, -0.44038838148117065, 0.03546535223722458]
[-0.22106684744358063, -0.44059914350509644, 0.035466454923152924]
[-0.7266554832458496, -0.4402357339859009, 0.035466887056827545]
[-0.9730097651481628, -0.8894445896148682, 0.035465776920318604]
[-1.4866232872009277, -0.875751256942749, 0.035466231405735016]
[-1.9843451976776123, -0.876370906829834, 0.03546364977955818]
[-2.4878759384155273, -0.8740442395210266, 0.035463206470012665]
[-2.7317028045654297, -1.3137677907943726, 0.035462941974401474]
[-2.489227056503296, -1.770203709602356, 0.035465989261865616]
[-2.240793466567993, -2.217735767364502, 0.03546484559774399]
[-1.7330201864242554, -2.201596736907959, 0.035463832318782806]
[-2.0093839168548584, -2.66304874420166, 0.035462990403175354]
[-1.7507367134094238, -3.0969202518463135, 0.03546210378408432]
[-2.021446704864502, -3.552859306335449, 0.03546298295259476]
[-2.2782626152038574, -3.9980053901672363, 0.035466670989990234]
[-2.0265235900878906, -4.444390773773193, 0.035466913133859634]
[-2.5417840480804443, -4.438621520996094, 0.035466354340314865]
[-3.0555479526519775, -4.4469313621521, 0.03546752780675888]
[-3.5690035820007324, -4.454466819763184, 0.03546849638223648]
[-3.3058743476867676, -4.012423038482666, 0.03546455129981041]
[-2.7731757164001465, -4.004194736480713, 0.035461075603961945]
[-3.065138101577759, -3.5794613361358643, 0.03546689823269844]
[-2.5162971019744873, -3.558788299560547, 0.03546392545104027]
[-2.824155569076538, -3.1472339630126953, 0.03546807914972305]
[-2.25449538230896, -3.1016042232513428, 0.035465992987155914]
[-2.4989736080169678, -2.6503593921661377, 0.035463377833366394]
[-3.0861904621124268, -2.723101854324341, 0.03546593710780144]
[-3.3243186473846436, -3.1607913970947266, 0.035465922206640244]
[-3.564685821533203, -3.5948572158813477, 0.035466402769088745]
[-3.833129405975342, -3.15964674949646, 0.035465408116579056]
[-4.34578800201416, -3.1652426719665527, 0.03546801209449768]
[-4.603236675262451, -3.6102309226989746, 0.03546877205371857]
[-4.346584320068359, -3.164203643798828, 0.035467132925987244]
[-3.8296585083007812, -3.1658687591552734, 0.03546596318483353]
[-3.3217837810516357, -3.1602559089660645, 0.035467494279146194]
[-2.822221517562866, -3.14648175239563, 0.035467296838760376]
[-2.502279043197632, -2.6433849334716797, 0.03546784445643425]
[-2.240767002105713, -2.2153728008270264, 0.03546442836523056]
[-2.4961986541748047, -1.7681750059127808, 0.03546818718314171]
[-2.7321670055389404, -1.3115873336791992, 0.035465821623802185]
[-2.4789206981658936, -0.8739221096038818, 0.0354626327753067]
[-2.7503111362457275, -0.4368250370025635, 0.035464175045490265]
[-2.995954990386963, 0.002725281286984682, 0.035463981330394745]
[-3.2451984882354736, 0.4296070635318756, 0.03546830266714096]
[-3.4886717796325684, 0.8552207946777344, 0.03546801954507828]
[-3.753192186355591, 1.305116057395935, 0.03546513244509697]
[-4.017808437347412, 1.7397857904434204, 0.03546265512704849]
[-4.267833232879639, 2.174403667449951, 0.03546208143234253]
[-4.009134769439697, 2.6059515476226807, 0.035467199981212616]
[-3.5088937282562256, 2.5785398483276367, 0.03546864166855812]
[-3.0035297870635986, 2.5705184936523438, 0.03546915948390961]
[-2.4963877201080322, 2.5641584396362305, 0.03546025604009628]
[-1.9892492294311523, 2.5603275299072266, 0.03546532243490219]
[-1.4817259311676025, 2.5539376735687256, 0.0354684442281723]
[-0.9740763902664185, 2.547093391418457, 0.03546632453799248]
[-0.47663623094558716, 2.561567544937134, 0.03546562045812607]
[-0.7389582395553589, 2.123771905899048, 0.03546251356601715]
[-0.985847532749176, 1.6915661096572876, 0.03546520322561264]
[-1.2232182025909424, 1.266868233680725, 0.03546624258160591]
[-1.4973056316375732, 0.849922776222229, 0.03546254336833954]
[-1.731162667274475, 0.42442554235458374, 0.0354653038084507]
[-1.9881023168563843, -0.0018105993513017893, 0.035468876361846924]
[-2.239071846008301, -0.4433075487613678, 0.03546915203332901]
[-2.4872772693634033, -0.8771794438362122, 0.035465698689222336]
[-2.7324185371398926, -1.3160197734832764, 0.03546176850795746]
[-2.983250856399536, -1.7487542629241943, 0.03546050935983658]
[-2.7408885955810547, -2.2179062366485596, 0.035462915897369385]
[-3.347665548324585, -2.2983055114746094, 0.03546265512704849]
[-3.5964419841766357, -2.7381534576416016, 0.03546375408768654]
[-4.095067977905273, -2.732182025909424, 0.035466406494379044]
[-4.6085309982299805, -2.7377331256866455, 0.0354638509452343]
[-4.093011856079102, -2.740290641784668, 0.035466812551021576]
[-3.5938291549682617, -2.7385311126708984, 0.03546970710158348]
[-3.34895396232605, -2.2903196811676025, 0.03546696528792381]
[-2.9810500144958496, -1.7472401857376099, 0.03546670451760292]
[-2.7313127517700195, -1.31117582321167, 0.03546489030122757]
[-2.4848687648773193, -0.8716050386428833, 0.03546644002199173]
[-2.237212657928467, -0.4383648931980133, 0.03546445816755295]
[-1.9857090711593628, 0.0020880084484815598, 0.03546449542045593]
[-1.7300111055374146, 0.4290142059326172, 0.03546760976314545]
[-1.4948318004608154, 0.8549442291259766, 0.0354667603969574]
[-0.981631875038147, 0.8476435542106628, 0.035462841391563416]
[-0.47919315099716187, 0.8546618223190308, 0.03546805679798126]
[0.02269715629518032, 0.8553777933120728, 0.0354696586728096]
[0.5280613303184509, 0.854776918888092, 0.03546854108572006]
[1.0226742029190063, 0.8448814749717712, 0.03546217828989029]
[1.5362755060195923, 0.8536620140075684, 0.03546147793531418]
[1.7790124416351318, 1.2797999382019043, 0.03546157479286194]
[2.0171358585357666, 1.7024015188217163, 0.035465072840452194]
[2.2833058834075928, 2.1349456310272217, 0.03546834737062454]
[2.5195281505584717, 2.561432361602783, 0.035464804619550705]
[3.024635076522827, 2.5529050827026367, 0.035466454923152924]
[2.759260654449463, 3.0001590251922607, 0.0354667529463768]
[2.510103225708008, 2.5448660850524902, 0.03546709567308426]
[2.2812211513519287, 2.1304879188537598, 0.03546440228819847]
[2.0137503147125244, 1.6974802017211914, 0.03546293452382088]
[1.781614899635315, 1.2699999809265137, 0.03546332195401192]
[1.532511591911316, 0.8508949279785156, 0.03546395152807236]
[1.2976481914520264, 0.4247342348098755, 0.0354633629322052]
[1.0406736135482788, -0.001224694773554802, 0.03546476364135742]
[0.7893399596214294, -0.44386982917785645, 0.03546730428934097]
[0.5400508642196655, -0.8831298351287842, 0.03546885773539543]
[0.28977569937705994, -1.3222663402557373, 0.035468555986881256]
[-0.23172485828399658, -1.3162665367126465, 0.035463813692331314]
[-0.4728187918663025, -1.7628885507583618, 0.03546516224741936]
[-0.2156948745250702, -2.203644275665283, 0.03546440228819847]
[0.28864648938179016, -2.197402238845825, 0.03546462208032608]
[0.7954343557357788, -2.2024128437042236, 0.03546437993645668]
[1.2978507280349731, -2.203925609588623, 0.03546738252043724]
[0.9402512311935425, -2.8217484951019287, 0.03546372428536415]
[0.4324129521846771, -2.815570831298828, 0.03546784073114395]
[-0.1109917089343071, -2.806577682495117, 0.03546815738081932]
[-0.2225533425807953, -2.2033908367156982, 0.03546682745218277]
[-0.4763096272945404, -1.7621307373046875, 0.03546755015850067]
[-0.2177465856075287, -1.317078709602356, 0.03546459972858429]
[-0.4782930314540863, -0.8811784982681274, 0.03546598553657532]
[-0.7239587903022766, -0.4379805624485016, 0.035464778542518616]
[-0.9773837924003601, 0.002022447530180216, 0.035463862121105194]
[-1.2268970012664795, 0.4281311631202698, 0.03546605259180069]
[-1.4974874258041382, 0.8543229699134827, 0.035469211637973785]
[-1.7288963794708252, 1.277905821800232, 0.03546612709760666]
[-2.000176429748535, 1.7101415395736694, 0.03546465188264847]
[-2.2436251640319824, 2.137141466140747, 0.03546658158302307]
[-2.498542547225952, 2.5663702487945557, 0.035469092428684235]
[-2.7562637329101562, 3.024557590484619, 0.03546673804521561]
[-3.264758586883545, 3.0243754386901855, 0.035466212779283524]
[-3.7645270824432373, 3.0381157398223877, 0.03546731546521187]
[-4.266504287719727, 3.045010805130005, 0.03546717390418053]
[-4.512050628662109, 3.485325813293457, 0.03546581417322159]
[-4.266922950744629, 3.029737949371338, 0.03546687215566635]
[-3.755619525909424, 3.0431950092315674, 0.03546661138534546]
[-3.256462335586548, 3.0282397270202637, 0.03546804562211037]
[-3.0094966888427734, 3.4710519313812256, 0.03546494245529175]
[-2.502802848815918, 3.4463729858398438, 0.03546418622136116]
[-1.9997385740280151, 3.4388558864593506, 0.0354660339653492]
[-1.4963877201080322, 3.430896759033203, 0.03546705096960068]
[-0.9917130470275879, 3.4245223999023438, 0.035463593900203705]
[-0.4852577745914459, 3.418322801589966, 0.03546751290559769]
[-0.7505059838294983, 3.8556859493255615, 0.035462915897369385]
[-0.23001891374588013, 3.8444314002990723, 0.0354650542140007]
[-0.5098332166671753, 4.28739595413208, 0.03546819090843201]
[-1.0113948583602905, 4.279127597808838, 0.03546590358018875]
[-1.2693138122558594, 4.712445259094238, 0.03546478599309921]
[-0.7568202018737793, 4.712764739990234, 0.03546492010354996]
[-0.25671640038490295, 4.712388038635254, 0.035465337336063385]
[-0.5210794806480408, 4.275592803955078, 0.035467058420181274]
[-0.22227603197097778, 3.8407790660858154, 0.035460107028484344]
[-0.4925824701786041, 3.4177865982055664, 0.0354679636657238]
[-0.2262635976076126, 2.981509208679199, 0.035463687032461166]
[-0.4836956858634949, 2.56122088432312, 0.03546478599309921]
[-0.22207742929458618, 2.134256601333618, 0.03546348959207535]
[-0.4950656592845917, 1.706853985786438, 0.03546768054366112]
[-0.21529245376586914, 1.2792919874191284, 0.03546280413866043]
[-0.48966431617736816, 0.8521347641944885, 0.03546688333153725]
[-0.7209247350692749, 0.4237174391746521, 0.03546445816755295]
[-0.46488600969314575, -0.002642346080392599, 0.03546310216188431]
[-0.2182924747467041, -0.44380202889442444, 0.0354645736515522]
[-0.47750502824783325, -0.8818809390068054, 0.03546707704663277]
[-0.21664974093437195, -1.3240236043930054, 0.03546620160341263]
[-0.47930026054382324, -1.7629996538162231, 0.03546528518199921]
[-0.20783719420433044, -2.2076733112335205, 0.035466887056827545]
[-0.4726574420928955, -2.636685609817505, 0.03546511381864548]
