1.433681786386535  ::  0.015957  ::  [-4.649743556976318, 9.932411921909079e-05, 0.055466607213020325]
1.4336644974701984  ::  0.031887  ::  [-4.649747371673584, 9.94289293885231e-05, 0.05546613410115242]
1.4629402890784597  ::  0.047874  ::  [-4.649745941162109, 9.947807848220691e-05, 0.05546627193689346]
1.4629402890784597  ::  0.062832  ::  [-4.647880554199219, 5.2929412049707025e-05, 0.056710101664066315]
1.5146915652025887  ::  0.078787  ::  [-4.634541034698486, -0.0003235840704292059, 0.05605871230363846]
1.681941446913339  ::  0.09472  ::  [-4.621993541717529, -0.0005218942533247173, 0.057059675455093384]
1.681941446913339  ::  0.110703  ::  [-4.616196632385254, -0.0005666186916641891, 0.05581391602754593]
1.6752642966694167  ::  0.126633  ::  [-4.604661464691162, -0.0008976273238658905, 0.055734049528837204]
1.593481639260094  ::  0.142645  ::  [-4.594286918640137, -0.0010473080910742283, 0.05552678927779198]
1.6148714438630467  ::  0.158254  ::  [-4.584733963012695, -0.0013237136881798506, 0.055467598140239716]
1.614359499840413  ::  0.174235  ::  [-4.578441619873047, -0.0015014649834483862, 0.055466894060373306]
1.612743733214882  ::  0.189199  ::  [-4.5690107345581055, -0.001767959794960916, 0.05546840280294418]
1.6096339694301163  ::  0.204376  ::  [-4.559596538543701, -0.002029195660725236, 0.05546944960951805]
1.6096339694301163  ::  0.220089  ::  [-4.550168514251709, -0.002296459162607789, 0.0554695799946785]
1.6076262139792499  ::  0.236074  ::  [-4.540743827819824, -0.0025609915610402822, 0.055467601865530014]
1.6076262139792499  ::  0.251659  ::  [-4.534457206726074, -0.0027381940744817257, 0.05546947568655014]
1.60753133838281  ::  0.267616  ::  [-4.5250349044799805, -0.0030058841221034527, 0.0554654523730278]
1.6091273614927717  ::  0.283573  ::  [-4.5156049728393555, -0.0032676204573363066, 0.055464889854192734]
1.6105811245689265  ::  0.299523  ::  [-4.506174564361572, -0.003534716786816716, 0.05546626076102257]
1.6105811245689265  ::  0.315508  ::  [-4.496758460998535, -0.00379965384490788, 0.05546656996011734]
1.6120537773870047  ::  0.33045  ::  [-4.48733377456665, -0.004066110122948885, 0.05546623468399048]
1.6134172539000686  ::  0.346014  ::  [-4.477908134460449, -0.0043295021168887615, 0.05546630173921585]
1.6145174479649695  ::  0.361463  ::  [-4.468485355377197, -0.004592353943735361, 0.05546420440077782]
1.6151016425824172  ::  0.377451  ::  [-4.462194919586182, -0.004772832151502371, 0.055469315499067307]
1.6148035688581697  ::  0.393434  ::  [-4.452772617340088, -0.005037202499806881, 0.055466197431087494]
1.6135739213641558  ::  0.409402  ::  [-4.4433441162109375, -0.005302599631249905, 0.05547012388706207]
1.612291980234309  ::  0.42535  ::  [-4.4339189529418945, -0.005564518738538027, 0.055467985570430756]
1.611121456565298  ::  0.441173  ::  [-4.427618980407715, -0.005742654670029879, 0.055470727384090424]
1.6095399476073227  ::  0.457132  ::  [-4.41819429397583, -0.006007271818816662, 0.055466603487730026]
1.6077920595100341  ::  0.473088  ::  [-4.408776760101318, -0.006273339036852121, 0.055466122925281525]
1.607893765295644  ::  0.489046  ::  [-4.402490615844727, -0.006450259126722813, 0.05546987056732178]
1.607893765295644  ::  0.504295  ::  [-4.3962082862854, -0.006625560112297535, 0.05546789988875389]
1.607943497610538  ::  0.519963  ::  [-4.393065452575684, -0.006714825984090567, 0.05546492338180542]
1.607943497610538  ::  0.535454  ::  [-4.386785507202148, -0.006891901604831219, 0.055466797202825546]
1.609454356799286  ::  0.551025  ::  [-4.380503177642822, -0.0070678116753697395, 0.05546477809548378]
1.609454356799286  ::  0.566686  ::  [-4.371070861816406, -0.0073347254656255245, 0.05546744167804718]
1.6116328669794027  ::  0.582643  ::  [-4.364777088165283, -0.007513123098760843, 0.05546487122774124]
1.6116328669794027  ::  0.597605  ::  [-4.355368137359619, -0.007776134647428989, 0.055465638637542725]
1.6129216382984195  ::  0.613561  ::  [-4.345944881439209, -0.008040792308747768, 0.05546450987458229]
1.6137805345865486  ::  0.628493  ::  [-4.339661121368408, -0.008219016715884209, 0.0554637648165226]
1.6133209909214536  ::  0.643489  ::  [-4.3302178382873535, -0.008483519777655602, 0.05546555295586586]
1.6122483310566444  ::  0.659446  ::  [-4.320801258087158, -0.008746701292693615, 0.055469878017902374]
1.6122483310566444  ::  0.674379  ::  [-4.311377048492432, -0.009012104943394661, 0.055469874292612076]
1.6110781275527508  ::  0.689855  ::  [-4.308235168457031, -0.00910191610455513, 0.0554690957069397]
1.60968978488224  ::  0.705818  ::  [-4.30194616317749, -0.009278214536607265, 0.055468447506427765]
1.6077978224821463  ::  0.720954  ::  [-4.292523384094238, -0.009543754160404205, 0.05546692758798599]
1.6064003017449382  ::  0.736713  ::  [-4.283097267150879, -0.009809238836169243, 0.05546719580888748]
1.6058946543029458  ::  0.752671  ::  [-4.273670673370361, -0.010072351433336735, 0.055466897785663605]
1.6058946543029458  ::  0.768628  ::  [-4.264239311218262, -0.010338922962546349, 0.055468764156103134]
1.6059706401574623  ::  0.784668  ::  [-4.254815101623535, -0.010605606250464916, 0.05546668916940689]
1.6077068955888205  ::  0.800045  ::  [-4.245392322540283, -0.010870025493204594, 0.05546694993972778]
1.6077068955888205  ::  0.816061  ::  [-4.235968589782715, -0.01113396417349577, 0.05546484515070915]
1.6088279003863488  ::  0.832018  ::  [-4.229686737060547, -0.011313538067042828, 0.055464718490839005]
1.611709386442448  ::  0.847979  ::  [-4.22025728225708, -0.011574924923479557, 0.05546645447611809]
1.611709386442448  ::  0.862937  ::  [-4.210836410522461, -0.011840136721730232, 0.055466264486312866]
1.612563053366994  ::  0.878405  ::  [-4.204549789428711, -0.012016932480037212, 0.05546624958515167]
1.612569883556164  ::  0.894369  ::  [-4.201406002044678, -0.012103760614991188, 0.055468130856752396]
1.6121688233858371  ::  0.909326  ::  [-4.19825553894043, -0.012194743379950523, 0.05546775832772255]
1.6121688233858371  ::  0.925283  ::  [-4.1919755935668945, -0.012370036914944649, 0.05547047033905983]
1.6121087390654822  ::  0.941186  ::  [-4.185696125030518, -0.01254703663289547, 0.05546633526682854]
1.6101784635730132  ::  0.957144  ::  [-4.179401397705078, -0.012723582796752453, 0.055465951561927795]
1.609297689335199  ::  0.972613  ::  [-4.16998291015625, -0.012986782006919384, 0.0554673857986927]
1.609297689335199  ::  0.988568  ::  [-4.163687705993652, -0.013163238763809204, 0.055469341576099396]
1.607772102551053  ::  1.004266  ::  [-4.160555839538574, -0.013252446427941322, 0.05546874925494194]
1.6068256944641832  ::  1.020095  ::  [-4.151124954223633, -0.013515109196305275, 0.055469874292612076]
1.6068256944641832  ::  1.036051  ::  [-4.141701698303223, -0.013783183880150318, 0.05546712130308151]
1.6068256944641832  ::  1.051566  ::  [-4.141701698303223, -0.013783183880150318, 0.05546712130308151]
1.6067655034221224  ::  1.067524  ::  [-4.1354169845581055, -0.013958558440208435, 0.055469121783971786]
1.6067141702816414  ::  1.083566  ::  [-4.129136562347412, -0.014135682955384254, 0.05546637251973152]
1.6086848933006017  ::  1.099586  ::  [-4.1197123527526855, -0.014400744810700417, 0.05546433478593826]
1.6105992672589093  ::  1.115565  ::  [-4.110293388366699, -0.014666043221950531, 0.05546441674232483]
1.6125499265971828  ::  1.131546  ::  [-4.10086727142334, -0.014930976554751396, 0.05546063557267189]
1.6125499265971828  ::  1.147503  ::  [-4.091431140899658, -0.015198176726698875, 0.05546600744128227]
1.6141199096109335  ::  1.162918  ::  [-4.085152626037598, -0.015375657007098198, 0.05546567216515541]
1.6141199096109335  ::  1.179012  ::  [-4.075723648071289, -0.015639187768101692, 0.05546867847442627]
1.6141635587885983  ::  1.194966  ::  [-4.069441318511963, -0.015815014019608498, 0.05546818673610687]
1.6145891649512547  ::  1.209953  ::  [-4.0600152015686035, -0.01607731729745865, 0.05546797066926956]
1.6145476502077056  ::  1.225493  ::  [-4.056869983673096, -0.016171207651495934, 0.05547037348151207]
1.6128444785051395  ::  1.24145  ::  [-4.050590515136719, -0.0163470096886158, 0.055467747151851654]
1.6128444785051395  ::  1.257439  ::  [-4.041158676147461, -0.01661297306418419, 0.0554705373942852]
1.6113668097668896  ::  1.273365  ::  [-4.03487491607666, -0.016786791384220123, 0.055467389523983]
1.6103496451890866  ::  1.28921  ::  [-4.028591632843018, -0.016965404152870178, 0.05546953156590462]
1.6103496451890866  ::  1.305162  ::  [-4.022310733795166, -0.01714392378926277, 0.05546679347753525]
1.6096319417177063  ::  1.321219  ::  [-4.016026496887207, -0.017319265753030777, 0.055465810000896454]
1.608347866153744  ::  1.337145  ::  [-4.006594657897949, -0.01758537068963051, 0.055468037724494934]
1.6088769923710085  ::  1.352107  ::  [-3.9971752166748047, -0.017850277945399284, 0.055466584861278534]
1.6094972589250103  ::  1.367131  ::  [-3.990884780883789, -0.018028153106570244, 0.05546780303120613]
1.6094972589250103  ::  1.382728  ::  [-3.9846062660217285, -0.01820262521505356, 0.05546466261148453]
1.611587296811034  ::  1.398422  ::  [-3.9783096313476562, -0.018384233117103577, 0.05546189472079277]
1.611587296811034  ::  1.414018  ::  [-3.9688940048217773, -0.018647704273462296, 0.05546686053276062]
1.6139983535880487  ::  1.43  ::  [-3.9626078605651855, -0.01882266253232956, 0.05546709895133972]
1.6139983535880487  ::  1.446053  ::  [-3.9531807899475098, -0.01908877305686474, 0.05546404421329498]
1.6143710257846373  ::  1.46201  ::  [-3.9469075202941895, -0.01926456205546856, 0.05546405538916588]
1.6145481838162346  ::  1.477967  ::  [-3.943758487701416, -0.019354775547981262, 0.055469296872615814]
1.6150347280728923  ::  1.493925  ::  [-3.937479019165039, -0.019533468410372734, 0.05546576902270317]
1.6156145471004029  ::  1.509337  ::  [-3.9280457496643066, -0.019796039909124374, 0.05546800419688225]
1.6147998335984672  ::  1.52526  ::  [-3.91861891746521, -0.020061226561665535, 0.05546768754720688]
1.6134806465933027  ::  1.541253  ::  [-3.912334680557251, -0.020237093791365623, 0.055467650294303894]
1.6134806465933027  ::  1.556676  ::  [-3.909196138381958, -0.020325040444731712, 0.055467389523983]
1.6130384985662503  ::  1.572141  ::  [-3.90605092048645, -0.020417600870132446, 0.055467940866947174]
1.611246534404474  ::  1.588122  ::  [-3.8966224193573, -0.020678509026765823, 0.05546904727816582]
1.611246534404474  ::  1.603728  ::  [-3.8903427124023438, -0.020854933187365532, 0.05546566843986511]
1.6090086869559428  ::  1.619149  ::  [-3.8809165954589844, -0.021123379468917847, 0.055465999990701675]
1.6089878762233154  ::  1.635019  ::  [-3.865201234817505, -0.021565785631537437, 0.055467765778303146]
1.6097104888931615  ::  1.650485  ::  [-3.865201234817505, -0.021565785631537437, 0.055467765778303146]
1.6097104888931615  ::  1.666601  ::  [-3.8589179515838623, -0.02174295112490654, 0.05546730384230614]
1.6108818663358186  ::  1.682168  ::  [-3.8494958877563477, -0.022009413689374924, 0.055466361343860626]
1.6135431855128908  ::  1.698261  ::  [-3.8432111740112305, -0.022186439484357834, 0.05546446144580841]
1.614487886052468  ::  1.714268  ::  [-3.8337931632995605, -0.022450771182775497, 0.055464498698711395]
1.614487886052468  ::  1.729225  ::  [-3.8275041580200195, -0.02262694388628006, 0.05546582490205765]
1.616314641490329  ::  1.745159  ::  [-3.818075656890869, -0.022892586886882782, 0.05546694993972778]
1.6164813407947598  ::  1.761118  ::  [-3.8117899894714355, -0.023072224110364914, 0.055466655641794205]
1.616609727006815  ::  1.777073  ::  [-3.8023629188537598, -0.0233365036547184, 0.0554676316678524]
1.6162945778096423  ::  1.793031  ::  [-3.799227714538574, -0.023422397673130035, 0.05546599254012108]
1.6152606579240316  ::  1.808214  ::  [-3.792930841445923, -0.02359757013618946, 0.05546269938349724]
1.6145862834651985  ::  1.824155  ::  [-3.7835164070129395, -0.023865627124905586, 0.05546855553984642]
1.6132887609663078  ::  1.840137  ::  [-3.7772302627563477, -0.024042660370469093, 0.05546779930591583]
1.6127760698917337  ::  1.855545  ::  [-3.7709434032440186, -0.024216746911406517, 0.05546930804848671]
1.6127760698917337  ::  1.871453  ::  [-3.7677998542785645, -0.02430802397429943, 0.055467166006565094]
1.6117630674604562  ::  1.887278  ::  [-3.7615158557891846, -0.024483924731612206, 0.05546925589442253]
1.6090338732785072  ::  1.903241  ::  [-3.752092123031616, -0.024749599397182465, 0.055468641221523285]
1.6090338732785072  ::  1.918369  ::  [-3.742661952972412, -0.0250169038772583, 0.05546829104423523]
1.6090646091297722  ::  1.934382  ::  [-3.7363810539245605, -0.025193998590111732, 0.055466484278440475]
1.610034495991914  ::  1.950299  ::  [-3.7332334518432617, -0.025282084941864014, 0.055466651916503906]
1.610874395816414  ::  1.966359  ::  [-3.7238123416900635, -0.025547167286276817, 0.05546627938747406]
1.6127513104559923  ::  1.982164  ::  [-3.717529535293579, -0.025723790749907494, 0.05546393245458603]
1.6127799118731418  ::  1.998027  ::  [-3.708096981048584, -0.02599094808101654, 0.05546041578054428]
1.6127799118731418  ::  2.013178  ::  [-3.7049660682678223, -0.026077553629875183, 0.055464621633291245]
1.6138953671419696  ::  2.029113  ::  [-3.695539951324463, -0.02634429559111595, 0.05546479672193527]
1.6143357009000237  ::  2.045068  ::  [-3.6861088275909424, -0.026609543710947037, 0.055467721074819565]
1.6148270476334414  ::  2.061165  ::  [-3.682974338531494, -0.026697710156440735, 0.05546391010284424]
1.6148270476334414  ::  2.077258  ::  [-3.676685094833374, -0.026877056807279587, 0.055467184633016586]
1.6150657840892746  ::  2.092445  ::  [-3.670395851135254, -0.027051648125052452, 0.055468253791332245]
1.6151401691182043  ::  2.107817  ::  [-3.664114236831665, -0.027228062972426414, 0.05546886473894119]
1.61399856703146  ::  2.122942  ::  [-3.657829761505127, -0.02740129828453064, 0.05546760559082031]
1.61399856703146  ::  2.138878  ::  [-3.6515417098999023, -0.02758021093904972, 0.05546548217535019]
1.611479934775018  ::  2.153868  ::  [-3.642106771469116, -0.02784688211977482, 0.05546807497739792]
1.611479934775018  ::  2.168849  ::  [-3.6358306407928467, -0.02802242711186409, 0.05546899139881134]
1.60971710563892  ::  2.184215  ::  [-3.6295440196990967, -0.028198357671499252, 0.0554688423871994]
1.6087559699566523  ::  2.200135  ::  [-3.6232664585113525, -0.02837483212351799, 0.05546731874346733]
1.6085420996582662  ::  2.215033  ::  [-3.6169722080230713, -0.028551677241921425, 0.055466268211603165]
1.60840944457798  ::  2.231017  ::  [-3.6107001304626465, -0.028728649020195007, 0.05546453222632408]
1.60840944457798  ::  2.246238  ::  [-3.6044113636016846, -0.028904814273118973, 0.05546465143561363]
1.6083450913893937  ::  2.261465  ::  [-3.5949790477752686, -0.0291732344776392, 0.055463388562202454]
1.6086116822104357  ::  2.277421  ::  [-3.588707208633423, -0.02934931591153145, 0.05546470358967781]
1.609426502434077  ::  2.29309  ::  [-3.5824191570281982, -0.02952943742275238, 0.05546419322490692]
1.6118319029606851  ::  2.309043  ::  [-3.576138496398926, -0.029704421758651733, 0.055466003715991974]
1.6118319029606851  ::  2.324458  ::  [-3.5667147636413574, -0.029970798641443253, 0.05546489357948303]
1.6128689177757636  ::  2.340436  ::  [-3.560420036315918, -0.030145063996315002, 0.05546579137444496]
1.6141869308421644  ::  2.356368  ::  [-3.5447065830230713, -0.030587172135710716, 0.05546855926513672]
1.614156408434311  ::  2.372352  ::  [-3.5447065830230713, -0.030587172135710716, 0.05546855926513672]
1.614156408434311  ::  2.388283  ::  [-3.5384361743927, -0.030763372778892517, 0.05546966567635536]
1.6139298382529368  ::  2.404136  ::  [-3.5321507453918457, -0.03094179555773735, 0.05546862259507179]
1.6119704277347895  ::  2.41989  ::  [-3.522723436355591, -0.031207561492919922, 0.05546898394823074]
1.6119704277347895  ::  2.435851  ::  [-3.51330304145813, -0.03147133067250252, 0.05546705424785614]
1.6094882943017246  ::  2.451916  ::  [-3.5070128440856934, -0.03164661303162575, 0.0554678775370121]
1.6080351715558043  ::  2.466848  ::  [-3.4975898265838623, -0.03191041201353073, 0.055466003715991974]
1.6080351715558043  ::  2.482805  ::  [-3.488162040710449, -0.032175082713365555, 0.05546659976243973]
1.6077929132836803  ::  2.497929  ::  [-3.4818801879882812, -0.032351456582546234, 0.05546707659959793]
1.60778330833016  ::  2.513925  ::  [-3.472446918487549, -0.032616712152957916, 0.05546843260526657]
1.6083016556551406  ::  2.528885  ::  [-3.4661648273468018, -0.032794468104839325, 0.05546414852142334]
1.6096925596465903  ::  2.544854  ::  [-3.4598779678344727, -0.03297264873981476, 0.05546795576810837]
1.6096925596465903  ::  2.560811  ::  [-3.450456380844116, -0.03323626145720482, 0.05546518415212631]
1.6108711941652405  ::  2.5765  ::  [-3.4441773891448975, -0.03341541066765785, 0.05546324700117111]
1.6117785421077944  ::  2.592457  ::  [-3.4378883838653564, -0.0335918590426445, 0.05546646937727928]
1.6139642026421985  ::  2.608415  ::  [-3.428466796875, -0.033856648951768875, 0.05546519532799721]
1.6143838323893311  ::  2.624386  ::  [-3.419041633605957, -0.03412337973713875, 0.05546710267663002]
1.6143838323893311  ::  2.640353  ::  [-3.412759304046631, -0.03429919108748436, 0.05546789988875389]
1.6145708088178603  ::  2.656287  ::  [-3.4033284187316895, -0.034565530717372894, 0.05546749383211136]
1.6131098953874181  ::  2.672246  ::  [-3.397042751312256, -0.03473857790231705, 0.05546729639172554]
1.6118127997753502  ::  2.687882  ::  [-3.387622117996216, -0.0350022166967392, 0.05546756088733673]
1.6118127997753502  ::  2.702877  ::  [-3.37819242477417, -0.03526895493268967, 0.05546776205301285]
1.6107945679804894  ::  2.718792  ::  [-3.3750483989715576, -0.035357218235731125, 0.055470746010541916]
1.6107945679804894  ::  2.734763  ::  [-3.3719048500061035, -0.03544553741812706, 0.05546901375055313]
1.6085134982411167  ::  2.749681  ::  [-3.362483263015747, -0.03571237623691559, 0.05546588823199272]
1.6085134982411167  ::  2.765664  ::  [-3.3561952114105225, -0.03588712960481644, 0.05546741187572479]
1.6079351733174871  ::  2.781622  ::  [-3.3467719554901123, -0.03615448251366615, 0.05546511709690094]
1.607461542387229  ::  2.79756  ::  [-3.3404886722564697, -0.036328669637441635, 0.05546427518129349]
1.6086610943602124  ::  2.813245  ::  [-3.33105206489563, -0.03659483790397644, 0.055464696139097214]
1.6094101740130926  ::  2.829205  ::  [-3.32163667678833, -0.036861203610897064, 0.05546228960156441]
1.6104691734995618  ::  2.845155  ::  [-3.315357208251953, -0.037036385387182236, 0.0554644912481308]
1.6117173905703817  ::  2.861115  ::  [-3.3090641498565674, -0.037216030061244965, 0.05546380206942558]
1.6117173905703817  ::  2.877071  ::  [-3.2996459007263184, -0.037477754056453705, 0.05546357110142708]
1.612232322800777  ::  2.893057  ::  [-3.296499490737915, -0.037568654865026474, 0.05546651408076286]
1.6128160905314017  ::  2.909009  ::  [-3.290217161178589, -0.037745311856269836, 0.05546460673213005]
1.6138353895433204  ::  2.924967  ::  [-3.2839324474334717, -0.03791901841759682, 0.05546746030449867]
1.6134642114506124  ::  2.940928  ::  [-3.2776455879211426, -0.038097430020570755, 0.05546731501817703]
1.6134642114506124  ::  2.956857  ::  [-3.2713682651519775, -0.03827512636780739, 0.05546318367123604]
1.6109106811963796  ::  2.972838  ::  [-3.265078544616699, -0.03845050185918808, 0.05546407401561737]
1.6097838067050334  ::  2.988443  ::  [-3.2556557655334473, -0.038713544607162476, 0.055466178804636]
1.6097838067050334  ::  3.004092  ::  [-3.249354362487793, -0.03889030963182449, 0.05546632409095764]
1.6081872499865428  ::  3.020023  ::  [-3.2399415969848633, -0.03915530443191528, 0.055468007922172546]
1.6064313577613207  ::  3.03598  ::  [-3.23051118850708, -0.03942129760980606, 0.05546867102384567]
1.6064313577613207  ::  3.051824  ::  [-3.2273738384246826, -0.03950778394937515, 0.05546422675251961]
1.605748979174554  ::  3.066753  ::  [-3.22108793258667, -0.03968482464551926, 0.055468011647462845]
1.605748979174554  ::  3.081736  ::  [-3.211663007736206, -0.0399496927857399, 0.05546710640192032]
1.6066741496419734  ::  3.097671  ::  [-3.205368757247925, -0.04012686014175415, 0.055465273559093475]
1.6074431862538345  ::  3.113628  ::  [-3.1959404945373535, -0.040393587201833725, 0.05546195060014725]
1.6074431862538345  ::  3.128753  ::  [-3.189673662185669, -0.040569860488176346, 0.05546191707253456]
1.6111487773219781  ::  3.144707  ::  [-3.180248260498047, -0.04083399847149849, 0.055459149181842804]
1.6121819501556482  ::  3.15987  ::  [-3.170823097229004, -0.04109862074255943, 0.0554608590900898]
1.6125916547841432  ::  3.175741  ::  [-3.1613972187042236, -0.04136355593800545, 0.055462971329689026]
1.6125916547841432  ::  3.191699  ::  [-3.155109405517578, -0.041538454592227936, 0.055464424192905426]
1.6130533328833538  ::  3.207657  ::  [-3.1488287448883057, -0.041719138622283936, 0.05546122044324875]
1.6131110693261816  ::  3.223614  ::  [-3.139387845993042, -0.04198335483670235, 0.05546226352453232]
1.611108329795487  ::  3.239647  ::  [-3.129972457885742, -0.0422419011592865, 0.05546638369560242]
1.611108329795487  ::  3.255528  ::  [-3.12054181098938, -0.0425126850605011, 0.05546974763274193]
1.6098368473928066  ::  3.27099  ::  [-3.1142513751983643, -0.042686827480793, 0.05546379089355469]
1.6071537569877554  ::  3.286529  ::  [-3.1048362255096436, -0.04295288026332855, 0.05546735227108002]
1.6071537569877554  ::  3.302464  ::  [-3.0954091548919678, -0.043215520679950714, 0.05546557158231735]
1.6058361708081776  ::  3.317649  ::  [-3.0859808921813965, -0.043481700122356415, 0.05546755716204643]
1.605304696713386  ::  3.333613  ::  [-3.079698324203491, -0.04365695267915726, 0.055465735495090485]
1.606603606594452  ::  3.349535  ::  [-3.070277452468872, -0.04392275586724281, 0.05546430125832558]
1.606603606594452  ::  3.365515  ::  [-3.0608487129211426, -0.04418943449854851, 0.055464617908000946]
1.6073310217410584  ::  3.38145  ::  [-3.0545687675476074, -0.04436637461185455, 0.05546104907989502]
1.60874817927213  ::  3.396411  ::  [-3.04514479637146, -0.04463059455156326, 0.0554640032351017]
1.6099995979941235  ::  3.41245  ::  [-3.0388622283935547, -0.04480636864900589, 0.055463626980781555]
1.6106847513452403  ::  3.427641  ::  [-3.0357189178466797, -0.04489464312791824, 0.05546092614531517]
1.6106847513452403  ::  3.443303  ::  [-3.029423713684082, -0.045072756707668304, 0.05546059459447861]
1.6119107703012576  ::  3.458963  ::  [-3.023149251937866, -0.045248016715049744, 0.05546630546450615]
1.6119107703012576  ::  3.47492  ::  [-3.01686692237854, -0.04542437568306923, 0.055465757846832275]
1.611364141724245  ::  3.490052  ::  [-3.007439136505127, -0.045689042657613754, 0.05546444654464722]
1.611364141724245  ::  3.506084  ::  [-3.001152276992798, -0.045865513384342194, 0.055466216057538986]
1.6107243450980853  ::  3.521351  ::  [-2.9948649406433105, -0.04603932797908783, 0.055465035140514374]
1.6083872464631772  ::  3.536836  ::  [-2.9854280948638916, -0.04630838334560394, 0.055465228855609894]
1.6072890801106863  ::  3.552937  ::  [-2.9697275161743164, -0.04674626886844635, 0.05546820908784866]
1.6058583689229802  ::  3.56855  ::  [-2.9697275161743164, -0.04674626886844635, 0.05546820908784866]
1.6058583689229802  ::  3.583679  ::  [-2.9603068828582764, -0.047012876719236374, 0.05546553060412407]
1.605296372420335  ::  3.599162  ::  [-2.9540200233459473, -0.04718855768442154, 0.05546493083238602]
1.6056736336502724  ::  3.615153  ::  [-2.9383134841918945, -0.047627855092287064, 0.05546359345316887]
1.6063705263890253  ::  3.630346  ::  [-2.9383134841918945, -0.047627855092287064, 0.05546359345316887]
1.6071048784465074  ::  3.64634  ::  [-2.9320192337036133, -0.04780655354261398, 0.05546505004167557]
1.6071048784465074  ::  3.662289  ::  [-2.925747871398926, -0.04798160120844841, 0.0554632693529129]
1.608951377399938  ::  3.677716  ::  [-2.9163224697113037, -0.048248954117298126, 0.05546266585588455]
1.608951377399938  ::  3.692931  ::  [-2.9163224697113037, -0.048248954117298126, 0.05546266585588455]
1.6113558174311942  ::  3.70847  ::  [-2.9100430011749268, -0.04842493683099747, 0.0554620586335659]
1.6113558174311942  ::  3.724205  ::  [-2.900609254837036, -0.048688460141420364, 0.05546489730477333]
1.6123269849538053  ::  3.740166  ::  [-2.897475004196167, -0.04877857118844986, 0.0554649718105793]
1.6123269849538053  ::  3.755404  ::  [-2.888047456741333, -0.049042098224163055, 0.05546533316373825]
1.6123656182112982  ::  3.771361  ::  [-2.884904384613037, -0.049131814390420914, 0.05546446889638901]
1.6117681901023335  ::  3.786931  ::  [-2.8786187171936035, -0.049304474145174026, 0.05546562373638153]
1.6110631865139413  ::  3.802888  ::  [-2.8691818714141846, -0.04956977814435959, 0.05546751990914345]
1.6110631865139413  ::  3.818202  ::  [-2.862903118133545, -0.04974726587533951, 0.05546765774488449]
1.6099298019985424  ::  3.8341  ::  [-2.8566203117370605, -0.04992097243666649, 0.055468298494815826]
1.6086715530873792  ::  3.849672  ::  [-2.8471946716308594, -0.05018705129623413, 0.05546751618385315]
1.6078858678894161  ::  3.86563  ::  [-2.840909481048584, -0.050362758338451385, 0.05546727031469345]
1.6063413913633469  ::  3.881233  ::  [-2.8314857482910156, -0.05063002556562424, 0.05546598881483078]
1.605353041646105  ::  3.897191  ::  [-2.8220534324645996, -0.05089385434985161, 0.05546540766954422]
1.605373532213615  ::  3.913149  ::  [-2.8157694339752197, -0.05107065662741661, 0.05546876788139343]
1.6058146130236097  ::  3.929107  ::  [-2.8126254081726074, -0.05116149038076401, 0.0554654598236084]
1.6070442605176236  ::  3.945063  ::  [-2.7969260215759277, -0.051602620631456375, 0.05546340346336365]
1.6070442605176236  ::  3.96102  ::  [-2.7969260215759277, -0.051602620631456375, 0.05546340346336365]
1.608351281248329  ::  3.976979  ::  [-2.793785572052002, -0.05169028043746948, 0.05546194314956665]
1.6092601232947639  ::  3.993014  ::  [-2.787504196166992, -0.05186495929956436, 0.055463168770074844]
1.6099502925660525  ::  4.008971  ::  [-2.781216859817505, -0.05204255133867264, 0.05546188727021217]
1.6107816546540898  ::  4.024928  ::  [-2.778076410293579, -0.0521308071911335, 0.05546428635716438]
1.6116055462227228  ::  4.040888  ::  [-2.771787643432617, -0.05230589956045151, 0.055463049560785294]
1.6115446081287215  ::  4.056843  ::  [-2.76236629486084, -0.05257361754775047, 0.055466823279857635]
1.6119485497851043  ::  4.0728  ::  [-2.7592194080352783, -0.05265801027417183, 0.05546429008245468]
1.611766589276747  ::  4.087929  ::  [-2.7529397010803223, -0.05283830314874649, 0.05546421557664871]
1.6112495226122359  ::  4.103054  ::  [-2.7435147762298584, -0.05310012027621269, 0.05546293407678604]
1.6112495226122359  ::  4.11896  ::  [-2.737231731414795, -0.05327934771776199, 0.055463582277297974]
1.6088370784530461  ::  4.134905  ::  [-2.7278013229370117, -0.05354149267077446, 0.055466167628765106]
1.6069870576833247  ::  4.150253  ::  [-2.721510887145996, -0.0537165030837059, 0.05547025799751282]
1.6069870576833247  ::  4.166215  ::  [-2.7120866775512695, -0.053983163088560104, 0.05546950548887253]
1.6061057498369815  ::  4.182148  ::  [-2.7058074474334717, -0.05415985733270645, 0.05546678975224495]
1.6053621129910964  ::  4.19818  ::  [-2.6963815689086914, -0.05442168936133385, 0.055463265627622604]
1.6048577462095732  ::  4.214138  ::  [-2.686954975128174, -0.05468819662928581, 0.055466100573539734]
1.6048577462095732  ::  4.229098  ::  [-2.6775283813476562, -0.054954662919044495, 0.05546524003148079]
1.6068562168720366  ::  4.245197  ::  [-2.6681036949157715, -0.05522095412015915, 0.05546434968709946]
1.6084002665112827  ::  4.261182  ::  [-2.6618199348449707, -0.055396515876054764, 0.05546502396464348]
1.6103237118145817  ::  4.277112  ::  [-2.652397632598877, -0.05566198751330376, 0.05546152964234352]
1.6110117466517546  ::  4.293068  ::  [-2.642970323562622, -0.055922843515872955, 0.05546317249536514]
1.6110117466517546  ::  4.309055  ::  [-2.636676788330078, -0.056101828813552856, 0.05546183884143829]
1.612818865295752  ::  4.324984  ::  [-2.627258539199829, -0.05636724829673767, 0.05546685308218002]
1.612818865295752  ::  4.340965  ::  [-2.6178336143493652, -0.05663086101412773, 0.05546632036566734]
1.6128497078687227  ::  4.356442  ::  [-2.6146903038024902, -0.05671904608607292, 0.055466778576374054]
1.612059113472294  ::  4.372418  ::  [-2.608393669128418, -0.0568971112370491, 0.055466797202825546]
1.6104774977926128  ::  4.388429  ::  [-2.602123975753784, -0.057073723524808884, 0.055466629564762115]
1.6104774977926128  ::  4.404221  ::  [-2.5926854610443115, -0.057339850813150406, 0.05546444654464722]
1.6080224716728164  ::  4.420152  ::  [-2.583268642425537, -0.05759819597005844, 0.05546633526682854]
1.6080224716728164  ::  4.435534  ::  [-2.5801167488098145, -0.057686708867549896, 0.0554690957069397]
1.6073605836535598  ::  4.45106  ::  [-2.5738377571105957, -0.05786553770303726, 0.05546603351831436]
1.6055998889515775  ::  4.46699  ::  [-2.564413547515869, -0.058129169046878815, 0.05546621233224869]
1.6055998889515775  ::  4.483093  ::  [-2.55812406539917, -0.058305174112319946, 0.055467355996370316]
1.605699673746483  ::  4.498083  ::  [-2.551833152770996, -0.05848536267876625, 0.05546354129910469]
1.6058648789470327  ::  4.513023  ::  [-2.5455589294433594, -0.05866112932562828, 0.055466532707214355]
1.6063130033896091  ::  4.528975  ::  [-2.539278030395508, -0.058836184442043304, 0.055464453995227814]
1.6080363454945679  ::  4.544998  ::  [-2.536139726638794, -0.05892649665474892, 0.055465489625930786]
1.6080363454945679  ::  4.560954  ::  [-2.526712417602539, -0.0591917559504509, 0.055464230477809906]
1.608343383842101  ::  4.576419  ::  [-2.523571491241455, -0.05927816405892372, 0.055464185774326324]
1.6098155030516506  ::  4.592355  ::  [-2.5172924995422363, -0.05945729836821556, 0.05546410009264946]
1.6110640402875875  ::  4.607655  ::  [-2.51100754737854, -0.05963269993662834, 0.055463843047618866]
1.6120081004969302  ::  4.62361  ::  [-2.507857322692871, -0.05971997603774071, 0.05546434968709946]
1.6126553676424948  ::  4.639616  ::  [-2.501577854156494, -0.059896230697631836, 0.05546573922038078]
1.6126553676424948  ::  4.655713  ::  [-2.4921538829803467, -0.0601627491414547, 0.055463988333940506]
1.6129637933722032  ::  4.671089  ::  [-2.4827194213867188, -0.060427334159612656, 0.05546281859278679]
1.6120025509682296  ::  4.687065  ::  [-2.4764437675476074, -0.06060290336608887, 0.055465344339609146]
1.6117602926961059  ::  4.702322  ::  [-2.467013120651245, -0.060868486762046814, 0.05546685308218002]
1.6117602926961059  ::  4.718305  ::  [-2.4638733863830566, -0.060957957059144974, 0.0554649718105793]
1.6097124098838655  ::  4.733973  ::  [-2.4607231616973877, -0.06104304641485214, 0.05546433851122856]
1.6097124098838655  ::  4.749224  ::  [-2.451296329498291, -0.06130906194448471, 0.05546507611870766]
1.6075916361465765  ::  4.764184  ::  [-2.445014715194702, -0.06148475408554077, 0.05546734482049942]
1.606754404364721  ::  4.779144  ::  [-2.4355862140655518, -0.06175031512975693, 0.05546898767352104]
1.606754404364721  ::  4.795129  ::  [-2.429299831390381, -0.06192571669816971, 0.055465083569288254]
1.6066287929170164  ::  4.811205  ::  [-2.423020601272583, -0.06210443004965782, 0.05546659231185913]
1.6071243017969596  ::  4.826354  ::  [-2.4073140621185303, -0.06254719942808151, 0.055464066565036774]
1.6079634545695192  ::  4.842463  ::  [-2.4073140621185303, -0.06254719942808151, 0.055464066565036774]
1.609023734716458  ::  4.858385  ::  [-2.397887945175171, -0.06280907988548279, 0.0554637536406517]
1.609023734716458  ::  4.874342  ::  [-2.3915984630584717, -0.06298699975013733, 0.05546319857239723]
1.612279707238144  ::  4.889144  ::  [-2.382166624069214, -0.06325212866067886, 0.05546355992555618]
1.612279707238144  ::  4.905068  ::  [-2.3727428913116455, -0.06351886689662933, 0.05546189099550247]
1.6130921795842583  ::  4.921052  ::  [-2.366473913192749, -0.06369422376155853, 0.055466555058956146]
1.6133387067246134  ::  4.936982  ::  [-2.363327980041504, -0.06378309428691864, 0.05546541139483452]
1.6137379526259419  ::  4.952939  ::  [-2.357043743133545, -0.06396003812551498, 0.055465877056121826]
1.6127144914674978  ::  4.968553  ::  [-2.350755453109741, -0.06413626670837402, 0.05547010526061058]
1.6116503693391508  ::  4.984305  ::  [-2.341331720352173, -0.06440004706382751, 0.05546814948320389]
1.6116503693391508  ::  5.000234  ::  [-2.331904649734497, -0.06466418504714966, 0.055467359721660614]
1.6088397464956907  ::  5.016219  ::  [-2.32247257232666, -0.06492969393730164, 0.05546886473894119]
1.6088397464956907  ::  5.031947  ::  [-2.316192388534546, -0.06510680913925171, 0.05546930432319641]
1.6070054138167191  ::  5.047932  ::  [-2.3067667484283447, -0.06537093967199326, 0.055467329919338226]
1.6061957162349552  ::  5.063885  ::  [-2.2973365783691406, -0.0656358152627945, 0.0554685965180397]
1.6062380847521505  ::  5.07956  ::  [-2.2910475730895996, -0.0658135637640953, 0.05546531453728676]
1.6062380847521505  ::  5.095541  ::  [-2.2816243171691895, -0.06607692688703537, 0.055463142693042755]
1.607180223970789  ::  5.111601  ::  [-2.2753491401672363, -0.06625527143478394, 0.05546460300683975]
1.607180223970789  ::  5.127535  ::  [-2.2690629959106445, -0.06642964482307434, 0.05546139180660248]
1.6092654593800528  ::  5.143015  ::  [-2.262784481048584, -0.06660708785057068, 0.05546408146619797]
1.6092654593800528  ::  5.15902  ::  [-2.256500720977783, -0.0667840838432312, 0.05546489357948303]
1.6106465449745706  ::  5.174355  ::  [-2.2470710277557373, -0.06705089658498764, 0.05546044185757637]
1.6118259265451613  ::  5.190312  ::  [-2.2407917976379395, -0.06722891330718994, 0.055464763194322586]
1.6132958045988892  ::  5.206296  ::  [-2.2345075607299805, -0.06740365922451019, 0.05546329915523529]
1.6132849189848997  ::  5.222306  ::  [-2.2250776290893555, -0.06766751408576965, 0.05546749755740166]
1.6132849189848997  ::  5.238132  ::  [-2.218797445297241, -0.0678439810872078, 0.05546825751662254]
1.6114147278127855  ::  5.253575  ::  [-2.1999430656433105, -0.06837314367294312, 0.055462613701820374]
1.6104826204344902  ::  5.269509  ::  [-2.1936590671539307, -0.0685507282614708, 0.05546877533197403]
1.6086277971880087  ::  5.285078  ::  [-2.1936590671539307, -0.0685507282614708, 0.05546877533197403]
1.607623759380017  ::  5.301036  ::  [-2.1842215061187744, -0.06881383061408997, 0.055470239371061325]
1.6065267669662893  ::  5.315997  ::  [-2.177945613861084, -0.06899099051952362, 0.05546867474913597]
1.6065267669662893  ::  5.331953  ::  [-2.16851544380188, -0.0692572146654129, 0.055467672646045685]
1.6063762893611375  ::  5.347261  ::  [-2.1653757095336914, -0.06934568285942078, 0.05546567589044571]
1.6062277327466896  ::  5.362221  ::  [-2.159080982208252, -0.06952034682035446, 0.055463142693042755]
1.606705632545179  ::  5.378339  ::  [-2.1528091430664062, -0.06969806551933289, 0.05546635761857033]
1.6075253619672862  ::  5.39431  ::  [-2.1433846950531006, -0.06996232271194458, 0.055465687066316605]
1.6075253619672862  ::  5.410262  ::  [-2.1371068954467773, -0.07014049589633942, 0.05546059459447861]
1.6080184162479967  ::  5.426356  ::  [-2.1339595317840576, -0.07022640854120255, 0.05546322092413902]
1.6089281120680776  ::  5.44229  ::  [-2.1276755332946777, -0.0704052522778511, 0.05546208471059799]
1.610726906419024  ::  5.458246  ::  [-2.118255138397217, -0.07066865265369415, 0.05546089634299278]
1.6109796234183145  ::  5.474273  ::  [-2.1151106357574463, -0.07075652480125427, 0.055465467274188995]
1.6127678523203886  ::  5.490256  ::  [-2.1088271141052246, -0.07093558460474014, 0.055464792996644974]
1.6127678523203886  ::  5.506188  ::  [-2.0994012355804443, -0.07119917869567871, 0.05546662211418152]
1.6130812939702686  ::  5.52115  ::  [-2.089972496032715, -0.07146292179822922, 0.05546727031469345]
1.6132237674474867  ::  5.537106  ::  [-2.083691358566284, -0.07164124399423599, 0.055462174117565155]
1.6124405368487567  ::  5.551917  ::  [-2.0774054527282715, -0.07181502878665924, 0.05546563118696213]
1.6104326746761846  ::  5.567411  ::  [-2.0711166858673096, -0.07199130207300186, 0.055467814207077026]
1.6090935307120389  ::  5.58334  ::  [-2.0648393630981445, -0.07216891646385193, 0.05546721816062927]
1.6090935307120389  ::  5.599297  ::  [-2.055403709411621, -0.07243315130472183, 0.05546910688281059]
1.6087775277412202  ::  5.615281  ::  [-2.0522687435150146, -0.07252240180969238, 0.0554678812623024]
1.6066584615512236  ::  5.630213  ::  [-2.0459790229797363, -0.07270047813653946, 0.05546877160668373]
1.6063947522162376  ::  5.646206  ::  [-2.036543369293213, -0.07296496629714966, 0.05546634644269943]
1.60650979821507  ::  5.662157  ::  [-2.0302751064300537, -0.07314231991767883, 0.055465247482061386]
1.60650979821507  ::  5.678115  ::  [-2.027128219604492, -0.07322607189416885, 0.05546708032488823]
1.6067343406840342  ::  5.694044  ::  [-2.0177087783813477, -0.07349168509244919, 0.0554620660841465]
1.6067343406840342  ::  5.71  ::  [-2.0114145278930664, -0.0736728236079216, 0.055463291704654694]
1.607880531804127  ::  5.725993  ::  [-2.008282423019409, -0.07375916093587875, 0.05546583980321884]
1.607880531804127  ::  5.741915  ::  [-2.0019872188568115, -0.07393723726272583, 0.05545707792043686]
1.6093147648081239  ::  5.757896  ::  [-1.9988559484481812, -0.07402552664279938, 0.055463485419750214]
1.610606310891491  ::  5.773148  ::  [-1.9925733804702759, -0.07420025020837784, 0.055464133620262146]
1.610606310891491  ::  5.78923  ::  [-1.983147382736206, -0.07446704804897308, 0.05546410754323006]
1.6128332727260324  ::  5.805038  ::  [-1.9768646955490112, -0.07464300841093063, 0.055461227893829346]
1.6129418087008123  ::  5.821268  ::  [-1.967436671257019, -0.07490909099578857, 0.055466145277023315]
1.6130252650747334  ::  5.836502  ::  [-1.9580094814300537, -0.07517145574092865, 0.05546475574374199]
1.6130252650747334  ::  5.852483  ::  [-1.9580094814300537, -0.07517145574092865, 0.05546475574374199]
1.6127075545566218  ::  5.868486  ::  [-1.9517223834991455, -0.07534819841384888, 0.055466342717409134]
1.6116484483484468  ::  5.884475  ::  [-1.9422889947891235, -0.07561511546373367, 0.05546894669532776]
1.6106989453321092  ::  5.900432  ::  [-1.9360140562057495, -0.07578952610492706, 0.05546652525663376]
1.6080762594125302  ::  5.916359  ::  [-1.9265859127044678, -0.07605379074811935, 0.0554669089615345]
1.6080762594125302  ::  5.93132  ::  [-1.9202935695648193, -0.07622784376144409, 0.05546582490205765]
1.6065587834780237  ::  5.947276  ::  [-1.9108635187149048, -0.07649554312229156, 0.055466122925281525]
1.606071278726014  ::  5.963234  ::  [-1.9077322483062744, -0.07658282667398453, 0.055467601865530014]
1.6055803588794195  ::  5.97922  ::  [-1.9014348983764648, -0.07675953954458237, 0.05546288192272186]
1.6063025446624426  ::  5.995149  ::  [-1.8920254707336426, -0.07702551037073135, 0.05546516925096512]
1.6063025446624426  ::  6.011106  ::  [-1.8826017379760742, -0.07729104161262512, 0.05546228215098381]
1.6072161891856376  ::  6.027062  ::  [-1.8794572353363037, -0.07737883180379868, 0.055464304983615875]
1.6082747617852837  ::  6.043021  ::  [-1.8731640577316284, -0.07755330950021744, 0.05546000972390175]
1.6082747617852837  ::  6.058978  ::  [-1.8668943643569946, -0.07773186266422272, 0.05546126142144203]
1.6099767595490861  ::  6.07395  ::  [-1.8637490272521973, -0.07781938463449478, 0.055463552474975586]
1.6099767595490861  ::  6.089894  ::  [-1.8574614524841309, -0.07799764722585678, 0.05546559765934944]
1.6108130308355897  ::  6.105887  ::  [-1.8511836528778076, -0.07817477732896805, 0.05546465888619423]
1.6118623186468328  ::  6.121835  ::  [-1.8417558670043945, -0.07843658328056335, 0.05546514317393303]
1.6123191942692832  ::  6.137516  ::  [-1.8386174440383911, -0.0785290002822876, 0.05546368658542633]
1.6131690192124208  ::  6.153405  ::  [-1.8291891813278198, -0.07879303395748138, 0.055464647710323334]
1.6131690192124208  ::  6.169362  ::  [-1.8197619915008545, -0.07905653119087219, 0.05546705424785614]
1.6110297826200317  ::  6.185007  ::  [-1.8134698867797852, -0.07923473417758942, 0.05546886846423149]
1.6110297826200317  ::  6.200932  ::  [-1.8040497303009033, -0.07949431240558624, 0.0554683543741703]
1.608659493534626  ::  6.216926  ::  [-1.7946202754974365, -0.07976193726062775, 0.05546749755740166]
1.608659493534626  ::  6.232907  ::  [-1.7883336544036865, -0.07993621379137039, 0.05546741560101509]
1.607396548868408  ::  6.248845  ::  [-1.7820481061935425, -0.08011315762996674, 0.05546471104025841]
1.6071581325776925  ::  6.264928  ::  [-1.7757693529129028, -0.08029171824455261, 0.05546514689922333]
1.6068198247703651  ::  6.280872  ::  [-1.769481897354126, -0.08046860992908478, 0.055465977638959885]
1.6068198247703651  ::  6.295807  ::  [-1.7600587606430054, -0.08073309063911438, 0.055465321987867355]
1.6073742440318999  ::  6.311764  ::  [-1.7506266832351685, -0.08100241422653198, 0.055464934557676315]
1.6083847918639445  ::  6.327586  ::  [-1.7412092685699463, -0.08126512914896011, 0.05546440929174423]
1.6093652441749584  ::  6.343542  ::  [-1.7349244356155396, -0.08144113421440125, 0.05546577647328377]
1.611831049187039  ::  6.359498  ::  [-1.7286443710327148, -0.08161666989326477, 0.0554632842540741]
1.611831049187039  ::  6.37548  ::  [-1.722357988357544, -0.08179482817649841, 0.05546588450670242]
1.6130722226252772  ::  6.391107  ::  [-1.7160773277282715, -0.08197130262851715, 0.05546236410737038]
1.6142751896928456  ::  6.40703  ::  [-1.7066428661346436, -0.0822349488735199, 0.055464886128902435]
1.6140930157410767  ::  6.422987  ::  [-1.7003662586212158, -0.08241114020347595, 0.05546499416232109]
1.6134140522488951  ::  6.439016  ::  [-1.6909366846084595, -0.08267784863710403, 0.05546705797314644]
1.6134140522488951  ::  6.454301  ::  [-1.681510090827942, -0.0829453393816948, 0.05546756833791733]
1.612009167713988  ::  6.469934  ::  [-1.6720805168151855, -0.08320724219083786, 0.05546501278877258]
1.6106401416722238  ::  6.485892  ::  [-1.662652611732483, -0.08346999436616898, 0.05546543002128601]
1.609207722937225  ::  6.500851  ::  [-1.653212070465088, -0.08373761177062988, 0.05546809360384941]
1.6078173525543045  ::  6.516401  ::  [-1.6469444036483765, -0.08391404151916504, 0.055466264486312866]
1.6078173525543045  ::  6.532323  ::  [-1.637518048286438, -0.0841798409819603, 0.05546863004565239]
1.6076693295483855  ::  6.547835  ::  [-1.6280893087387085, -0.08444478362798691, 0.055463820695877075]
1.608285327234156  ::  6.563446  ::  [-1.6186689138412476, -0.08471037447452545, 0.055462874472141266]
1.609118503591192  ::  6.579025  ::  [-1.6123924255371094, -0.08488956093788147, 0.055463749915361404]
1.6104010850512733  ::  6.595023  ::  [-1.6029635667800903, -0.08515198528766632, 0.05546347424387932]
1.6119474825680464  ::  6.610832  ::  [-1.5935437679290771, -0.08541695773601532, 0.05546177178621292]
1.6132996465802973  ::  6.626842  ::  [-1.5841102600097656, -0.08568336069583893, 0.055464550852775574]
1.614467395484958  ::  6.642798  ::  [-1.5746784210205078, -0.08594808727502823, 0.05546707659959793]
1.6144569367577914  ::  6.657863  ::  [-1.568397879600525, -0.08612483739852905, 0.0554690808057785]
1.613598680799897  ::  6.673791  ::  [-1.5589704513549805, -0.08638951927423477, 0.055468570441007614]
1.6126767119836511  ::  6.689748  ::  [-1.5495489835739136, -0.08665342628955841, 0.05546611547470093]
1.6113986128352125  ::  6.70541  ::  [-1.5432547330856323, -0.08682996034622192, 0.05546789616346359]
1.6113986128352125  ::  6.721122  ::  [-1.533831000328064, -0.08709830790758133, 0.05546983331441879]
1.609789889842263  ::  6.737163  ::  [-1.5244038105010986, -0.08735834807157516, 0.05546946078538895]
1.6078779704831883  ::  6.752736  ::  [-1.518118977546692, -0.0875348150730133, 0.055468473583459854]
1.6078779704831883  ::  6.768045  ::  [-1.5055543184280396, -0.08788961917161942, 0.05546430125832558]
1.608447544226944  ::  6.784001  ::  [-1.4992666244506836, -0.08806870132684708, 0.05546540766954422]
1.608447544226944  ::  6.799961  ::  [-1.48984694480896, -0.08833371847867966, 0.05546680837869644]
1.6099147542380272  ::  6.81492  ::  [-1.4804214239120483, -0.08859937638044357, 0.05546312779188156]
1.6109393893352348  ::  6.830897  ::  [-1.4772653579711914, -0.08868803083896637, 0.05546405911445618]
1.6109393893352348  ::  6.846854  ::  [-1.4709951877593994, -0.08886474370956421, 0.055465444922447205]
1.6137813883601948  ::  6.862811  ::  [-1.4615727663040161, -0.08912839740514755, 0.05546199902892113]
1.6137813883601948  ::  6.878797  ::  [-1.4521393775939941, -0.08939516544342041, 0.05546426773071289]
1.6148666413862864  ::  6.894754  ::  [-1.4427118301391602, -0.08966164290904999, 0.05546646937727928]
1.6144940759114035  ::  6.910683  ::  [-1.4332797527313232, -0.08992674946784973, 0.05546698346734047]
1.6135509761974127  ::  6.926641  ::  [-1.4238630533218384, -0.09019079804420471, 0.05546765774488449]
1.6123713811834104  ::  6.942598  ::  [-1.4175773859024048, -0.09036564826965332, 0.05546746402978897]
1.6123713811834104  ::  6.958615  ::  [-1.4081432819366455, -0.09063144028186798, 0.05547167733311653]
1.6097929847717305  ::  6.973546  ::  [-1.4018661975860596, -0.09080812335014343, 0.055468302220106125]
1.6097929847717305  ::  6.989574  ::  [-1.3924226760864258, -0.09107540547847748, 0.05546749755740166]
1.608800472907963  ::  7.005531  ::  [-1.386150598526001, -0.09124986827373505, 0.05547066032886505]
1.6075960117365136  ::  7.020898  ::  [-1.3767240047454834, -0.09151553362607956, 0.055469922721385956]
1.6075960117365136  ::  7.036523  ::  [-1.3673022985458374, -0.09178198873996735, 0.05546577647328377]
1.6083453048328051  ::  7.052477  ::  [-1.3578799962997437, -0.09204746782779694, 0.055462971329689026]
1.6090071928520617  ::  7.067505  ::  [-1.3484584093093872, -0.09231089055538177, 0.055459342896938324]
1.6102018356265793  ::  7.083068  ::  [-1.3421680927276611, -0.09248834103345871, 0.05546272546052933]
1.6117785421077944  ::  7.09902  ::  [-1.3327308893203735, -0.09275498241186142, 0.05546606704592705]
1.6142615293145057  ::  7.114025  ::  [-1.3233219385147095, -0.09302046149969101, 0.05546306073665619]
1.6142615293145057  ::  7.130058  ::  [-1.3138909339904785, -0.09328147023916245, 0.05546517297625542]
1.6146209680195776  ::  7.146019  ::  [-1.3076066970825195, -0.09346216171979904, 0.05546639487147331]
1.6146209680195776  ::  7.16204  ::  [-1.298182487487793, -0.09372731298208237, 0.0554683580994606]
1.6135344343330167  ::  7.177776  ::  [-1.291887879371643, -0.09390407055616379, 0.05547090619802475]
1.6125518475878868  ::  7.193221  ::  [-1.2793235778808594, -0.09425536543130875, 0.05546887218952179]
1.6125518475878868  ::  7.208939  ::  [-1.2793235778808594, -0.09425536543130875, 0.05546887218952179]
1.609468550786155  ::  7.22449  ::  [-1.2698974609375, -0.09452232718467712, 0.05546659976243973]
1.609468550786155  ::  7.240514  ::  [-1.2604674100875854, -0.09478698670864105, 0.05546708032488823]
1.6081313278127134  ::  7.256502  ::  [-1.2510380744934082, -0.09505175054073334, 0.055470965802669525]
1.6076649539584484  ::  7.272533  ::  [-1.24160635471344, -0.09531679004430771, 0.0554649792611599]
1.6076649539584484  ::  7.288455  ::  [-1.2321953773498535, -0.09558138996362686, 0.05546516925096512]
1.6080074239123012  ::  7.303808  ::  [-1.2259104251861572, -0.09576038271188736, 0.055465131998062134]
1.610427125147484  ::  7.319736  ::  [-1.2164866924285889, -0.09602519869804382, 0.05546421930193901]
1.610427125147484  ::  7.335763  ::  [-1.207060694694519, -0.09628987312316895, 0.05546414852142334]
1.6117964713543658  ::  7.35179  ::  [-1.1976386308670044, -0.09655508399009705, 0.055463846772909164]
1.6141765788367035  ::  7.366722  ::  [-1.1882109642028809, -0.0968216136097908, 0.05546596273779869]
1.6141765788367035  ::  7.381821  ::  [-1.178788661956787, -0.09708558022975922, 0.05546456575393677]
1.6146308931382152  ::  7.397153  ::  [-1.172494888305664, -0.09726093709468842, 0.0554649792611599]
1.614060145455696  ::  7.413103  ::  [-1.16306734085083, -0.09752660989761353, 0.0554688386619091]
1.614060145455696  ::  7.42907  ::  [-1.156783938407898, -0.0977029949426651, 0.05546792224049568]
1.612921424855008  ::  7.444997  ::  [-1.1473532915115356, -0.09796912223100662, 0.05547068268060684]
1.6114405544655845  ::  7.46099  ::  [-1.137923002243042, -0.0982334315776825, 0.05547131597995758]
1.6099317229892465  ::  7.476946  ::  [-1.1284871101379395, -0.09849873185157776, 0.05546855553984642]
1.6081447747476418  ::  7.492859  ::  [-1.1190743446350098, -0.09876313805580139, 0.05546848103404045]
1.6076904604461302  ::  7.508817  ::  [-1.1127967834472656, -0.09894096106290817, 0.055463507771492004]
1.6076904604461302  ::  7.523776  ::  [-1.1033706665039062, -0.09920606762170792, 0.05546395108103752]
1.608336126766108  ::  7.539733  ::  [-1.0970802307128906, -0.0993812307715416, 0.055462807416915894]
1.6098119812353597  ::  7.554693  ::  [-1.0876541137695312, -0.09964645653963089, 0.05546433851122856]
1.6098119812353597  ::  7.569655  ::  [-1.081375002861023, -0.09982382506132126, 0.05546523258090019]
1.6114768398455503  ::  7.58464  ::  [-1.071952223777771, -0.10008919984102249, 0.05546450614929199]
1.6126178016020598  ::  7.600571  ::  [-1.0656723976135254, -0.10026857256889343, 0.05546250566840172]
1.6140457380254156  ::  7.616529  ::  [-1.0562480688095093, -0.10053381323814392, 0.055462539196014404]
1.6151058047289426  ::  7.63252  ::  [-1.0499601364135742, -0.10070767998695374, 0.055464968085289]
1.6151058047289426  ::  7.647446  ::  [-1.040534496307373, -0.10097353160381317, 0.05546402931213379]
1.6148982310111977  ::  7.662864  ::  [-1.0342462062835693, -0.10115205496549606, 0.05546841770410538]
1.6140910947503726  ::  7.678354  ::  [-1.0248167514801025, -0.10141419619321823, 0.055468760430812836]
1.6127229224822546  ::  7.69434  ::  [-1.0153863430023193, -0.10167907923460007, 0.055470746010541916]
1.6119220828020704  ::  7.71029  ::  [-1.0091019868850708, -0.10185632109642029, 0.055471647530794144]
1.6102231799677356  ::  7.725795  ::  [-0.9996766448020935, -0.10212137550115585, 0.05547058954834938]
1.6085410324412084  ::  7.741748  ::  [-0.9965341091156006, -0.10220970958471298, 0.05547037720680237]
1.6078040123410817  ::  7.757211  ::  [-0.9871140122413635, -0.10247579962015152, 0.055465467274188995]
1.6078040123410817  ::  7.773167  ::  [-0.9776867628097534, -0.10274143517017365, 0.055465489625930786]
1.607373710423371  ::  7.789197  ::  [-0.9713990092277527, -0.1029171422123909, 0.05546466261148453]
1.6079147894716828  ::  7.80519  ::  [-0.9619747400283813, -0.10318171977996826, 0.05546533316373825]
1.6087429499085468  ::  7.821113  ::  [-0.952552318572998, -0.10344606637954712, 0.05546531826257706]
1.6101605343264418  ::  7.836073  ::  [-0.9431273937225342, -0.10371235758066177, 0.05546504631638527]
1.6113052313426537  ::  7.85203  ::  [-0.9431273937225342, -0.10371235758066177, 0.05546504631638527]
1.6123187673824602  ::  7.867025  ::  [-0.9368433952331543, -0.10389059782028198, 0.055465519428253174]
1.6123187673824602  ::  7.882947  ::  [-0.9305590391159058, -0.10406491905450821, 0.05546350032091141]
1.6138993158450834  ::  7.898904  ::  [-0.9242730140686035, -0.10424263775348663, 0.055466990917921066]
1.6138993158450834  ::  7.914891  ::  [-0.9148481488227844, -0.10450597107410431, 0.055465538054704666]
1.614006037550865  ::  7.930569  ::  [-0.905418872833252, -0.10477226227521896, 0.05546896159648895]
1.613450337628861  ::  7.946549  ::  [-0.8959906101226807, -0.10503675788640976, 0.055469807237386703]
1.611199149967107  ::  7.962507  ::  [-0.8896928429603577, -0.10521447658538818, 0.055469125509262085]
1.611199149967107  ::  7.978464  ::  [-0.8802765607833862, -0.10547756403684616, 0.05547040328383446]
1.609563746547712  ::  7.994078  ::  [-0.8708481788635254, -0.10574345290660858, 0.05547180026769638]
1.6073283536984138  ::  8.009007  ::  [-0.8614246845245361, -0.10600925981998444, 0.055467553436756134]
1.6069101113334563  ::  8.024324  ::  [-0.8519977331161499, -0.10627239942550659, 0.05546808987855911]
1.6069894055608518  ::  8.04028  ::  [-0.8457062244415283, -0.1064486876130104, 0.0554666742682457]
1.6069894055608518  ::  8.056256  ::  [-0.8362932801246643, -0.10671623051166534, 0.05546576529741287]
1.6072650677268854  ::  8.072218  ::  [-0.8331394791603088, -0.1068040207028389, 0.055464208126068115]
1.6077082829709957  ::  8.087685  ::  [-0.8268661499023438, -0.10698117315769196, 0.05546543747186661]
1.6091926751767098  ::  8.103503  ::  [-0.8174408674240112, -0.10724577307701111, 0.05546584352850914]
1.6121207986182355  ::  8.119531  ::  [-0.808019757270813, -0.10751251876354218, 0.055463507771492004]
1.6129777739156606  ::  8.135487  ::  [-0.7985886335372925, -0.10777834802865982, 0.055465441197156906]
1.6138537456767148  ::  8.151331  ::  [-0.7923085689544678, -0.10795644670724869, 0.055465251207351685]
1.6140946165666634  ::  8.167288  ::  [-0.7828822135925293, -0.10821639001369476, 0.055467162281274796]
1.6135428653477732  ::  8.183269  ::  [-0.7734544277191162, -0.10848219692707062, 0.05546779930591583]
1.6135428653477732  ::  8.199203  ::  [-0.7640256881713867, -0.10874708741903305, 0.05546882376074791]
1.6129962367707609  ::  8.214754  ::  [-0.7577369809150696, -0.10892365872859955, 0.05547136813402176]
1.610958919407393  ::  8.229938  ::  [-0.7451659440994263, -0.10927742719650269, 0.05547160655260086]
1.6084814817293824  ::  8.245901  ::  [-0.7388725876808167, -0.10945482552051544, 0.0554676353931427]
1.6084814817293824  ::  8.261619  ::  [-0.729454517364502, -0.10971914231777191, 0.055471159517765045]
1.6078130836860731  ::  8.277606  ::  [-0.7231715321540833, -0.10989806056022644, 0.0554685965180397]
1.6074713607841609  ::  8.293611  ::  [-0.7137391567230225, -0.11016113311052322, 0.05546789988875389]
1.6078314398194675  ::  8.30953  ::  [-0.7043200731277466, -0.11042799055576324, 0.05546297878026962]
1.6086368685330001  ::  8.325544  ::  [-0.698043704032898, -0.11060458421707153, 0.05546564981341362]
1.6101019441099678  ::  8.341501  ::  [-0.6886242628097534, -0.11086904257535934, 0.05546361953020096]
1.6118859041438105  ::  8.357458  ::  [-0.6791896224021912, -0.11113631725311279, 0.05546266585588455]
1.6118859041438105  ::  8.373416  ::  [-0.6697608232498169, -0.1114010438323021, 0.05545900762081146]
1.613264214973978  ::  8.38941  ::  [-0.6603453159332275, -0.11166691035032272, 0.05546288192272186]
1.6140668689231603  ::  8.405362  ::  [-0.650916337966919, -0.11193148046731949, 0.05546431615948677]
