1.432315428387415  ::  0.015961  ::  [-4.649735450744629, 9.923583274940029e-05, 0.05546628683805466]
1.432315428387415  ::  0.031717  ::  [-4.649735927581787, 9.932179091265425e-05, 0.05546623840928078]
1.450874439744515  ::  0.04764  ::  [-4.649735927581787, 9.93341818684712e-05, 0.055466439574956894]
1.4792751133653685  ::  0.063596  ::  [-4.649531364440918, 9.463632159167901e-05, 0.05650763213634491]
1.44830148613983  ::  0.079554  ::  [-4.640137672424316, -0.000160586743731983, 0.0564722903072834]
1.4401969330810809  ::  0.095512  ::  [-4.621899127960205, -0.0006580760236829519, 0.05693281069397926]
1.4401969330810809  ::  0.111469  ::  [-4.613395690917969, -0.0009367585298605263, 0.05593079328536987]
1.4849653012742239  ::  0.126434  ::  [-4.600337028503418, -0.001207423396408558, 0.0554790236055851]
1.4737775581354486  ::  0.141395  ::  [-4.593852519989014, -0.0013714313972741365, 0.055530793964862823]
1.4737775581354486  ::  0.157352  ::  [-4.5843939781188965, -0.0016247730236500502, 0.055469952523708344]
1.4726174931936042  ::  0.173407  ::  [-4.578114032745361, -0.001786180422641337, 0.05546693503856659]
1.4700615083401387  ::  0.18879  ::  [-4.568683624267578, -0.0020300138276070356, 0.055469341576099396]
1.4700615083401387  ::  0.204327  ::  [-4.559256076812744, -0.00227006571367383, 0.05546627193689346]
1.4692342016769209  ::  0.220276  ::  [-4.552969455718994, -0.0024336869828402996, 0.05546626076102257]
1.468096868458408  ::  0.23524  ::  [-4.543544769287109, -0.002675494411960244, 0.055466972291469574]
1.4671841844305649  ::  0.251192  ::  [-4.53411865234375, -0.002915005199611187, 0.05546517297625542]
1.466967859532946  ::  0.267154  ::  [-4.527825355529785, -0.003076000604778528, 0.05546330660581589]
1.4673442669892371  ::  0.283108  ::  [-4.521552085876465, -0.0032358597964048386, 0.05546192824840546]
1.4673442669892371  ::  0.299065  ::  [-4.515247821807861, -0.0033984589390456676, 0.055465299636125565]
1.4684924858217399  ::  0.314999  ::  [-4.508982181549072, -0.0035601735580712557, 0.05546535924077034]
1.4698543615092168  ::  0.330883  ::  [-4.502681255340576, -0.0037218215875327587, 0.055464211851358414]
1.4698543615092168  ::  0.346706  ::  [-4.493270397186279, -0.003965242765843868, 0.0554649718105793]
1.4719531505751149  ::  0.362729  ::  [-4.4775614738464355, -0.0043691061437129974, 0.05546582117676735]
1.4723371352725165  ::  0.378685  ::  [-4.4775614738464355, -0.0043691061437129974, 0.05546582117676735]
1.4723371352725165  ::  0.394739  ::  [-4.47442102432251, -0.004449630156159401, 0.055464841425418854]
1.4728788546510632  ::  0.409774  ::  [-4.464978218078613, -0.004691961221396923, 0.055464968085289]
1.472701056289231  ::  0.424982  ::  [-4.455567359924316, -0.0049348329193890095, 0.05546598136425018]
1.4723305185267581  ::  0.440455  ::  [-4.449278354644775, -0.005094832740724087, 0.055465199053287506]
1.4714330957028419  ::  0.456449  ::  [-4.442996025085449, -0.005254758521914482, 0.0554666742682457]
1.4711705603066194  ::  0.472397  ::  [-4.439849376678467, -0.005331801250576973, 0.055469341576099396]
1.468727166852753  ::  0.488326  ::  [-4.433568000793457, -0.005494055338203907, 0.05546768009662628]
1.468727166852753  ::  0.50429  ::  [-4.424127101898193, -0.005735618062317371, 0.055468954145908356]
1.466541079431526  ::  0.520248  ::  [-4.414710998535156, -0.005978225264698267, 0.055468227714300156]
1.466541079431526  ::  0.536204  ::  [-4.40842866897583, -0.006141458638012409, 0.055466003715991974]
1.4661141926084003  ::  0.552162  ::  [-4.405282497406006, -0.00622119614854455, 0.05546700209379196]
1.4656941359744444  ::  0.567971  ::  [-4.39900541305542, -0.006382213439792395, 0.05546686798334122]
1.4657471766622177  ::  0.583852  ::  [-4.392716884613037, -0.006544221192598343, 0.05546758323907852]
1.4657972291422292  ::  0.599838  ::  [-4.386429786682129, -0.006704364903271198, 0.05546848848462105]
1.4657972291422292  ::  0.615767  ::  [-4.377005577087402, -0.006946892943233252, 0.055463679134845734]
1.46723060837258  ::  0.631724  ::  [-4.3675689697265625, -0.007187686860561371, 0.05546287074685097]
1.4697080460505905  ::  0.647707  ::  [-4.36129903793335, -0.0073481067083776, 0.05546336621046066]
1.4705636339658403  ::  0.66369  ::  [-4.351870059967041, -0.007592590060085058, 0.05546396225690842]
1.4714259453485545  ::  0.679647  ::  [-4.345573902130127, -0.007754411548376083, 0.05546604096889496]
1.4714259453485545  ::  0.695606  ::  [-4.336159706115723, -0.007996599189937115, 0.055466245859861374]
1.4713164488784227  ::  0.710588  ::  [-4.326735973358154, -0.008233195170760155, 0.0554671436548233]
1.4706034411620967  ::  0.726563  ::  [-4.323588848114014, -0.008318377658724785, 0.05546685308218002]
1.47020440870418  ::  0.741867  ::  [-4.317305564880371, -0.00847727619111538, 0.05546809360384941]
1.47020440870418  ::  0.757389  ::  [-4.311020374298096, -0.008635723032057285, 0.0554661825299263]
1.4687284475132225  ::  0.773337  ::  [-4.301586627960205, -0.008879435248672962, 0.05546915903687477]
1.4674041378661806  ::  0.789294  ::  [-4.295303821563721, -0.009039102122187614, 0.05546804517507553]
1.465563935493391  ::  0.805294  ::  [-4.292162895202637, -0.009120235219597816, 0.055467430502176285]
1.4649095179935392  ::  0.821219  ::  [-4.2858710289001465, -0.009281670674681664, 0.055467087775468826]
1.4636187189621126  ::  0.836931  ::  [-4.279589653015137, -0.009441692382097244, 0.05546719580888748]
1.4636308852365716  ::  0.852788  ::  [-4.270167827606201, -0.009683428332209587, 0.05546608939766884]
1.4638979029444368  ::  0.869746  ::  [-4.257595539093018, -0.010006199590861797, 0.055466219782829285]
1.4638979029444368  ::  0.884495  ::  [-4.257595539093018, -0.010006199590861797, 0.055466219782829285]
1.464160118175542  ::  0.900452  ::  [-4.257595539093018, -0.010006199590861797, 0.055466219782829285]
1.464160118175542  ::  0.915982  ::  [-4.254445552825928, -0.010086491703987122, 0.055468544363975525]
1.4653116453809236  ::  0.93137  ::  [-4.245025157928467, -0.010326709598302841, 0.055462874472141266]
1.4654777043551195  ::  0.94735  ::  [-4.245025157928467, -0.010326709598302841, 0.055462874472141266]
1.4663390552424818  ::  0.96482  ::  [-4.235602378845215, -0.010567856952548027, 0.05546513944864273]
1.467434126665505  ::  0.978781  ::  [-4.235602378845215, -0.010567856952548027, 0.05546513944864273]
1.467434126665505  ::  0.994738  ::  [-4.229318618774414, -0.010729205794632435, 0.055465709418058395]
1.4680716821358435  ::  1.010714  ::  [-4.226178169250488, -0.010812565684318542, 0.0554659441113472]
1.46946898942964  ::  1.026653  ::  [-4.219888687133789, -0.010974115692079067, 0.05546540021896362]
1.4693626946106817  ::  1.042611  ::  [-4.213608264923096, -0.011135592125356197, 0.055466312915086746]
1.4697760277771732  ::  1.05859  ::  [-4.207320690155029, -0.011293986812233925, 0.055466823279857635]
1.4699569210684729  ::  1.074543  ::  [-4.20103645324707, -0.011456063017249107, 0.055469218641519547]
1.4693735802246715  ::  1.090511  ::  [-4.194754123687744, -0.011617466807365417, 0.05546910688281059]
1.4693735802246715  ::  1.106467  ::  [-4.188467979431152, -0.011776091530919075, 0.055467117577791214]
1.4677313466161064  ::  1.122397  ::  [-4.182190418243408, -0.011937249451875687, 0.055467039346694946]
1.4667601790934952  ::  1.138354  ::  [-4.175895690917969, -0.012098414823412895, 0.05546749383211136]
1.4651960657735623  ::  1.154451  ::  [-4.169614791870117, -0.01225741021335125, 0.05546855181455612]
1.464293840472886  ::  1.170422  ::  [-4.160185813903809, -0.012499436736106873, 0.055468641221523285]
1.464293840472886  ::  1.186362  ::  [-4.153896331787109, -0.012661270797252655, 0.055470265448093414]
1.46356236990146  ::  1.202308  ::  [-4.147614479064941, -0.012820743024349213, 0.055468011647462845]
1.4630429553594215  ::  1.218266  ::  [-4.141331195831299, -0.012981340289115906, 0.055468421429395676]
1.4626469111092666  ::  1.234224  ::  [-4.13504695892334, -0.013141632080078125, 0.05546491593122482]
1.4627931198461872  ::  1.249966  ::  [-4.128763198852539, -0.013304578140377998, 0.05546603724360466]
1.463457782629794  ::  1.265942  ::  [-4.11932373046875, -0.01354379951953888, 0.05546402558684349]
1.4641145480071731  ::  1.28188  ::  [-4.113051414489746, -0.013706858269870281, 0.0554681196808815]
1.4658040593313992  ::  1.29784  ::  [-4.097349166870117, -0.014110632240772247, 0.055463965982198715]
1.4670946449194144  ::  1.313796  ::  [-4.097349166870117, -0.014110632240772247, 0.055463965982198715]
1.4679724309494668  ::  1.329753  ::  [-4.091063976287842, -0.01426957082003355, 0.05546452850103378]
1.4679724309494668  ::  1.344995  ::  [-4.084780216217041, -0.014430684968829155, 0.05546485632658005]
1.4687064628418316  ::  1.360994  ::  [-4.078497886657715, -0.014590615406632423, 0.055462829768657684]
1.4687456297078534  ::  1.376938  ::  [-4.072203636169434, -0.014750492759048939, 0.05546717345714569]
1.4682343260154544  ::  1.39289  ::  [-4.065927505493164, -0.01491296011954546, 0.0554676428437233]
1.4682343260154544  ::  1.408879  ::  [-4.056493759155273, -0.015152226202189922, 0.0554695688188076]
1.4667758671842452  ::  1.42485  ::  [-4.05021333694458, -0.015314407646656036, 0.05546588823199272]
1.4662898565361164  ::  1.44079  ::  [-4.043927192687988, -0.015474280342459679, 0.055466409772634506]
1.4662898565361164  ::  1.455917  ::  [-4.040785789489746, -0.01555618830025196, 0.055469099432229996]
1.4655260492878386  ::  1.471842  ::  [-4.034486770629883, -0.01571749895811081, 0.05546807125210762]
1.4631628038350142  ::  1.487821  ::  [-4.0282158851623535, -0.01587420515716076, 0.055466897785663605]
1.4631628038350142  ::  1.503484  ::  [-4.021913051605225, -0.01603817753493786, 0.05546838790178299]
1.462403585620085  ::  1.519442  ::  [-4.012508392333984, -0.016275400295853615, 0.05546549707651138]
1.4621143697974173  ::  1.535399  ::  [-4.006213188171387, -0.016438091173768044, 0.055466633290052414]
1.4618140549173482  ::  1.551356  ::  [-3.999931812286377, -0.01660006307065487, 0.05546586960554123]
1.46244798184969  ::  1.566316  ::  [-3.990504741668701, -0.016841184347867966, 0.055466827005147934]
1.464039842813126  ::  1.58152  ::  [-3.984222173690796, -0.017000574618577957, 0.05546542629599571]
1.465655716160363  ::  1.596802  ::  [-3.968515396118164, -0.017406638711690903, 0.05546468868851662]
1.4665426802571127  ::  1.612646  ::  [-3.968515396118164, -0.017406638711690903, 0.05546468868851662]
1.4677880158418763  ::  1.628676  ::  [-3.962231397628784, -0.017563946545124054, 0.055464260280132294]
1.4677880158418763  ::  1.643624  ::  [-3.9528088569641113, -0.017808545380830765, 0.05546194687485695]
1.469010512981603  ::  1.659491  ::  [-3.9433748722076416, -0.018048256635665894, 0.055466942489147186]
1.4687833024699941  ::  1.675462  ::  [-3.9370744228363037, -0.0182090662419796, 0.05546807497739792]
1.468461643248769  ::  1.691406  ::  [-3.927659749984741, -0.018449965864419937, 0.05547049641609192]
1.468461643248769  ::  1.707392  ::  [-3.9213805198669434, -0.018609866499900818, 0.05546801909804344]
1.4658664915292814  ::  1.722354  ::  [-3.911944627761841, -0.018850864842534065, 0.055470578372478485]
1.4646408994600872  ::  1.738309  ::  [-3.902510404586792, -0.019092734903097153, 0.05546731501817703]
1.4646408994600872  ::  1.754266  ::  [-3.896235466003418, -0.019251231104135513, 0.05546995997428894]
1.4626300490797532  ::  1.770224  ::  [-3.886812210083008, -0.01949145831167698, 0.05546781048178673]
1.4626300490797532  ::  1.78573  ::  [-3.8773789405822754, -0.01973479613661766, 0.055464811623096466]
1.4621531097766158  ::  1.801687  ::  [-3.8679559230804443, -0.01997554674744606, 0.05546591803431511]
1.4633574642263596  ::  1.817615  ::  [-3.861673593521118, -0.020139602944254875, 0.055465877056121826]
1.4633574642263596  ::  1.833496  ::  [-3.852247953414917, -0.02037743665277958, 0.05546317622065544]
1.4643736683088104  ::  1.849438  ::  [-3.8428101539611816, -0.02061978355050087, 0.055464908480644226]
1.4672032876158998  ::  1.865422  ::  [-3.8365416526794434, -0.020781029015779495, 0.055463794618844986]
1.4679672015858836  ::  1.881133  ::  [-3.8271145820617676, -0.02102198824286461, 0.05546479672193527]
1.4689156373851633  ::  1.896784  ::  [-3.81768798828125, -0.02126498706638813, 0.055464163422584534]
1.4689156373851633  ::  1.912657  ::  [-3.8082592487335205, -0.021507037803530693, 0.05546634644269943]
1.4676301744390257  ::  1.928336  ::  [-3.798828363418579, -0.021748023107647896, 0.05546677112579346]
1.4669426732103816  ::  1.944323  ::  [-3.7894067764282227, -0.02198687754571438, 0.05546726658940315]
1.4669426732103816  ::  1.959964  ::  [-3.783116102218628, -0.022148815914988518, 0.055469878017902374]
1.4656214584928071  ::  1.975924  ::  [-3.7736949920654297, -0.02238759584724903, 0.055468395352363586]
1.4643439996746033  ::  1.99188  ::  [-3.764252185821533, -0.022627729922533035, 0.05546696484088898]
1.4631822271854664  ::  2.007838  ::  [-3.7579798698425293, -0.022788191214203835, 0.05546737462282181]
1.4627821275104917  ::  2.023794  ::  [-3.75484299659729, -0.022866610437631607, 0.055466726422309875]
1.461687589695997  ::  2.039753  ::  [-3.745412826538086, -0.023111002519726753, 0.055465199053287506]
1.461527507137325  ::  2.05571  ::  [-3.7422642707824707, -0.023189226165413857, 0.05546471104025841]
1.461527507137325  ::  2.071639  ::  [-3.735983371734619, -0.02335287071764469, 0.055467598140239716]
1.463081268451797  ::  2.08762  ::  [-3.7296979427337646, -0.0235105212777853, 0.055465925484895706]
1.463081268451797  ::  2.103611  ::  [-3.720275402069092, -0.023754311725497246, 0.055466651916503906]
1.464142935980911  ::  2.119568  ::  [-3.710850477218628, -0.023994434624910355, 0.0554652065038681]
1.4665075688159106  ::  2.135526  ::  [-3.7045650482177734, -0.02415618859231472, 0.0554632693529129]
1.4665075688159106  ::  2.151275  ::  [-3.6951375007629395, -0.024398792535066605, 0.0554649643599987]
1.4673381838520076  ::  2.166939  ::  [-3.6888561248779297, -0.024557586759328842, 0.05546482652425766]
1.4676620842290542  ::  2.182072  ::  [-3.682569742202759, -0.02472050115466118, 0.055467426776885986]
1.4677993283426893  ::  2.197997  ::  [-3.6731443405151367, -0.02496131882071495, 0.05546482652425766]
1.4671569703955907  ::  2.213612  ::  [-3.66372013092041, -0.025201713666319847, 0.05546575039625168]
1.4664473777738498  ::  2.229545  ::  [-3.6542935371398926, -0.0254435446113348, 0.0554661825299263]
1.4649617049076662  ::  2.245503  ::  [-3.6480047702789307, -0.025600573047995567, 0.05546649545431137]
1.4638488109597774  ::  2.261487  ::  [-3.638575792312622, -0.0258418470621109, 0.05546882003545761]
1.4638488109597774  ::  2.276419  ::  [-3.632291078567505, -0.026003176346421242, 0.05546706169843674]
1.4619075431316129  ::  2.292405  ::  [-3.622863531112671, -0.026244625449180603, 0.055464405566453934]
1.4608437411683832  ::  2.308379  ::  [-3.613438606262207, -0.026485806331038475, 0.05546696111559868]
1.4602355341671347  ::  2.324316  ::  [-3.604008674621582, -0.02672622725367546, 0.05546820908784866]
1.4618946298052131  ::  2.340248  ::  [-3.597717046737671, -0.02688741683959961, 0.05546281486749649]
1.4618946298052131  ::  2.356223  ::  [-3.588303804397583, -0.02712918445467949, 0.05546563118696213]
1.463168673528832  ::  2.37218  ::  [-3.578873872756958, -0.02736911177635193, 0.05546582490205765]
1.4644238275105277  ::  2.388138  ::  [-3.5694520473480225, -0.027611810714006424, 0.055463846772909164]
1.4665775782549033  ::  2.404097  ::  [-3.5600218772888184, -0.02785109542310238, 0.055466778576374054]
1.4665775782549033  ::  2.420124  ::  [-3.5568807125091553, -0.027933930978178978, 0.0554676316678524]
1.4672678542478976  ::  2.436109  ::  [-3.5505964756011963, -0.02809492126107216, 0.055467091500759125]
1.4674823648765183  ::  2.45146  ::  [-3.5411672592163086, -0.02833438292145729, 0.055465683341026306]
1.4674823648765183  ::  2.467394  ::  [-3.5317466259002686, -0.028573568910360336, 0.05546770244836807]
1.4669036130660655  ::  2.483333  ::  [-3.525456190109253, -0.028733406215906143, 0.05546838417649269]
1.4661953011047941  ::  2.499423  ::  [-3.516028881072998, -0.028976058587431908, 0.05546988546848297]
1.4646531724562522  ::  2.515384  ::  [-3.506591558456421, -0.029215866699814796, 0.055468931794166565]
1.461758452908636  ::  2.531337  ::  [-3.4971702098846436, -0.02945614419877529, 0.055464960634708405]
1.4605949728722067  ::  2.546752  ::  [-3.487734794616699, -0.029699167236685753, 0.055465321987867355]
1.460626135610295  ::  2.562708  ::  [-3.4783177375793457, -0.029940158128738403, 0.055466700345277786]
1.4613467205677313  ::  2.577963  ::  [-3.4720396995544434, -0.03010312095284462, 0.05546444654464722]
1.4613467205677313  ::  2.593766  ::  [-3.4626059532165527, -0.030342739075422287, 0.0554678738117218]
1.4632936446463023  ::  2.609195  ::  [-3.4563307762145996, -0.030503030866384506, 0.055463410913944244]
1.4632936446463023  ::  2.625152  ::  [-3.446901559829712, -0.03074480965733528, 0.0554661825299263]
1.4649264867447584  ::  2.641128  ::  [-3.437473773956299, -0.03098582662642002, 0.055465780198574066]
1.4658620092176387  ::  2.65656  ::  [-3.43119478225708, -0.03114781342446804, 0.05546572804450989]
1.4669225028079889  ::  2.672518  ::  [-3.4217638969421387, -0.03138773515820503, 0.055466823279857635]
1.4676137392963353  ::  2.688474  ::  [-3.4123406410217285, -0.031629037111997604, 0.05546494573354721]
1.4679399875509092  ::  2.704457  ::  [-3.4029111862182617, -0.03186597675085068, 0.055467553436756134]
1.4679399875509092  ::  2.72039  ::  [-3.3966262340545654, -0.03202681615948677, 0.0554659478366375]
1.46583009942761  ::  2.736375  ::  [-3.3903372287750244, -0.03219001740217209, 0.05546994134783745]
1.464197150607448  ::  2.751645  ::  [-3.380913496017456, -0.032431378960609436, 0.05546754226088524]
1.4629639812971433  ::  2.766995  ::  [-3.371488571166992, -0.03267092630267143, 0.055466312915086746]
1.4617367884023624  ::  2.782925  ::  [-3.365201473236084, -0.032831139862537384, 0.05546708405017853]
1.4615629387436444  ::  2.797884  ::  [-3.352627754211426, -0.033153221011161804, 0.05546897277235985]
1.461153020671738  ::  2.813841  ::  [-3.352627754211426, -0.033153221011161804, 0.05546897277235985]
1.461153020671738  ::  2.829826  ::  [-3.3463497161865234, -0.03331448510289192, 0.05546311289072037]
1.461384500051578  ::  2.845758  ::  [-3.333780527114868, -0.03363729268312454, 0.05546605587005615]
1.461384500051578  ::  2.861742  ::  [-3.333780527114868, -0.03363729268312454, 0.05546605587005615]
1.462521192939856  ::  2.876701  ::  [-3.324357271194458, -0.03387702256441116, 0.055464498698711395]
1.4645722774032697  ::  2.892658  ::  [-3.314932107925415, -0.03411856293678284, 0.05546198785305023]
1.4657936006042327  ::  2.908615  ::  [-3.308647632598877, -0.03427916020154953, 0.0554644837975502]
1.4657936006042327  ::  2.924629  ::  [-3.2992076873779297, -0.03452116250991821, 0.05546509847044945]
1.4676405264444865  ::  2.94053  ::  [-3.2897987365722656, -0.034763216972351074, 0.055463649332523346]
1.4676405264444865  ::  2.956483  ::  [-3.2835116386413574, -0.034922078251838684, 0.0554656907916069]
1.4670353076509999  ::  2.972444  ::  [-3.2740862369537354, -0.0351606048643589, 0.05546075105667114]
1.4663375611386007  ::  2.987407  ::  [-3.2646539211273193, -0.03540339320898056, 0.05546540394425392]
1.4650249908791946  ::  3.003376  ::  [-3.255228042602539, -0.035645611584186554, 0.05546620115637779]
1.4646042939150041  ::  3.01932  ::  [-3.2489407062530518, -0.035803645849227905, 0.05546746402978897]
1.4646042939150041  ::  3.035026  ::  [-3.245797872543335, -0.03588591143488884, 0.055468492209911346]
1.4631321747054549  ::  3.050826  ::  [-3.23637056350708, -0.036126602441072464, 0.05546722933650017]
1.4631321747054549  ::  3.066036  ::  [-3.23637056350708, -0.036126602441072464, 0.05546722933650017]
1.4631321747054549  ::  3.081405  ::  [-3.23637056350708, -0.036126602441072464, 0.05546722933650017]
1.4631321747054549  ::  3.097452  ::  [-3.23637056350708, -0.036126602441072464, 0.05546722933650017]
1.4631321747054549  ::  3.113471  ::  [-3.23637056350708, -0.036126602441072464, 0.05546722933650017]
1.4631321747054549  ::  3.130392  ::  [-3.23637056350708, -0.036126602441072464, 0.05546722933650017]
1.4631321747054549  ::  3.145415  ::  [-3.23637056350708, -0.036126602441072464, 0.05546722933650017]
1.4631321747054549  ::  3.16047  ::  [-3.23637056350708, -0.036126602441072464, 0.05546722933650017]
1.4614250542997749  ::  3.176225  ::  [-3.230072498321533, -0.03628678247332573, 0.05546410381793976]
1.4611179092305357  ::  3.191336  ::  [-3.2238047122955322, -0.03644386678934097, 0.05546392500400543]
1.461031357927147  ::  3.206721  ::  [-3.214374542236328, -0.0366862490773201, 0.05546518787741661]
1.461031357927147  ::  3.222549  ::  [-3.214374542236328, -0.0366862490773201, 0.05546518787741661]
1.461433698757943  ::  3.238619  ::  [-3.1986615657806396, -0.03709026053547859, 0.05546054616570473]
1.4621803238115902  ::  3.254328  ::  [-3.1986615657806396, -0.03709026053547859, 0.05546054616570473]
1.4621803238115902  ::  3.269851  ::  [-3.1892402172088623, -0.037333372980356216, 0.05546281486749649]
1.464199071598152  ::  3.285085  ::  [-3.1829564571380615, -0.037490587681531906, 0.05546265095472336]
1.464199071598152  ::  3.300292  ::  [-3.1766738891601562, -0.037655990570783615, 0.05546373873949051]
1.4653430215624235  ::  3.316242  ::  [-3.1703898906707764, -0.037816088646650314, 0.05546342581510544]
1.4669866425531635  ::  3.332051  ::  [-3.1609621047973633, -0.03805428743362427, 0.05546330660581589]
1.4673778843265584  ::  3.347521  ::  [-3.1546804904937744, -0.038215067237615585, 0.05546431988477707]
1.4673778843265584  ::  3.363247  ::  [-3.1452512741088867, -0.038457196205854416, 0.05546550825238228]
1.4672314621462261  ::  3.378382  ::  [-3.1389667987823486, -0.038614653050899506, 0.05546485632658005]
1.466535103016002  ::  3.394061  ::  [-3.1295368671417236, -0.03885545954108238, 0.05546807125210762]
1.4656385339657323  ::  3.409239  ::  [-3.1232523918151855, -0.039016641676425934, 0.05546794459223747]
1.4647963929854109  ::  3.424367  ::  [-3.116971492767334, -0.03917662054300308, 0.055467139929533005]
1.4624729547288429  ::  3.439774  ::  [-3.1075408458709717, -0.03941672295331955, 0.0554666630923748]
1.461404990619088  ::  3.454981  ::  [-3.1012487411499023, -0.03957914188504219, 0.05546807497739792]
1.4609413915291733  ::  3.470168  ::  [-3.0949714183807373, -0.03973931074142456, 0.055466488003730774]
1.4609413915291733  ::  3.485461  ::  [-3.08553409576416, -0.03998061269521713, 0.05546564608812332]
1.460442467554645  ::  3.500868  ::  [-3.0792622566223145, -0.04014139622449875, 0.05546485260128975]
1.4604482305267572  ::  3.516085  ::  [-3.0698351860046387, -0.04038364440202713, 0.05546482279896736]
1.4617786233110288  ::  3.531211  ::  [-3.06355357170105, -0.04054249823093414, 0.0554623007774353]
1.4625616404663473  ::  3.549894  ::  [-3.0509884357452393, -0.04086432605981827, 0.055462323129177094]
1.4644955444968129  ::  3.562858  ::  [-3.0509884357452393, -0.04086432605981827, 0.055462323129177094]
1.4644955444968129  ::  3.578288  ::  [-3.041557550430298, -0.04110709950327873, 0.055465325713157654]
1.4665051142166776  ::  3.593228  ::  [-3.035269021987915, -0.041268572211265564, 0.0554635152220726]
1.4667979585773419  ::  3.609356  ::  [-3.028993844985962, -0.04142837971448898, 0.055465567857027054]
1.4667979585773419  ::  3.624793  ::  [-3.0258424282073975, -0.041507672518491745, 0.05546550825238228]
1.4670926172070045  ::  3.640277  ::  [-3.019561290740967, -0.04166751354932785, 0.055465470999479294]
1.4674101142817042  ::  3.656008  ::  [-3.010131597518921, -0.041908249258995056, 0.055469147861003876]
1.46610939013164  ::  3.671331  ::  [-3.003847599029541, -0.04206924885511398, 0.05546566843986511]
1.464989665994581  ::  3.686906  ::  [-2.9944257736206055, -0.04230731725692749, 0.05546460300683975]
1.464989665994581  ::  3.703048  ::  [-2.98813796043396, -0.04246959090232849, 0.055466845631599426]
1.4622368863156543  ::  3.719071  ::  [-2.9787049293518066, -0.04270858317613602, 0.05546870455145836]
1.4609470477795796  ::  3.734938  ::  [-2.9724135398864746, -0.04287007078528404, 0.0554640032351017]
1.4609470477795796  ::  3.750424  ::  [-2.9629876613616943, -0.04311279207468033, 0.055464066565036774]
1.4602827051610903  ::  3.766031  ::  [-2.9567148685455322, -0.04327152669429779, 0.055463872849941254]
1.4602827051610903  ::  3.781518  ::  [-2.9472856521606445, -0.04351507127285004, 0.055464714765548706]
1.4609910171223617  ::  3.797437  ::  [-2.940999746322632, -0.04367406293749809, 0.05546492338180542]
1.4609910171223617  ::  3.813521  ::  [-2.931575298309326, -0.043915074318647385, 0.0554627925157547]
1.4631972749459816  ::  3.828722  ::  [-2.9158709049224854, -0.0443178154528141, 0.05546145886182785]
1.4641155085025253  ::  3.843423  ::  [-2.9158709049224854, -0.0443178154528141, 0.05546145886182785]
1.4641155085025253  ::  3.859179  ::  [-2.9095754623413086, -0.04447769373655319, 0.05546123906970024]
1.4650655451273917  ::  3.874525  ::  [-2.90330171585083, -0.04463843256235123, 0.055464040488004684]
1.465942904270621  ::  3.890134  ::  [-2.893878221511841, -0.04487869516015053, 0.055463530123233795]
1.4666042586813486  ::  3.9057  ::  [-2.88444447517395, -0.0451192669570446, 0.055464912205934525]
1.4662043724497855  ::  3.921732  ::  [-2.8781614303588867, -0.04528142139315605, 0.055465228855609894]
1.4652822969118338  ::  3.937401  ::  [-2.8718783855438232, -0.045442529022693634, 0.055465586483478546]
1.4641672685298293  ::  3.952724  ::  [-2.862441301345825, -0.04568110778927803, 0.05546746402978897]
1.4641672685298293  ::  3.968102  ::  [-2.8561651706695557, -0.04584357887506485, 0.055468328297138214]
1.4632269435801888  ::  3.984048  ::  [-2.8498802185058594, -0.046000588685274124, 0.05546656623482704]
1.4605485489301917  ::  3.999345  ::  [-2.8404483795166016, -0.04624227061867714, 0.05546950548887253]
1.4599758802569685  ::  4.014468  ::  [-2.8247430324554443, -0.04664376378059387, 0.0554661899805069]
1.4595680966191775  ::  4.030253  ::  [-2.8247430324554443, -0.04664376378059387, 0.0554661899805069]
1.4592844303252106  ::  4.045262  ::  [-2.8184614181518555, -0.04680509865283966, 0.05546388775110245]
1.4595280759795095  ::  4.061347  ::  [-2.8090310096740723, -0.04704296961426735, 0.055465083569288254]
1.4605550589542444  ::  4.076454  ::  [-2.8027422428131104, -0.04720524698495865, 0.05546454340219498]
1.461911811999844  ::  4.092574  ::  [-2.7933123111724854, -0.04744371399283409, 0.05546344444155693]
1.4627667595848592  ::  4.107548  ::  [-2.7870352268218994, -0.047605909407138824, 0.05546562373638153]
1.464230874666475  ::  4.122389  ::  [-2.780747175216675, -0.04776882380247116, 0.05546072870492935]
1.464230874666475  ::  4.137352  ::  [-2.7713310718536377, -0.048009373247623444, 0.05546289309859276]
1.464906743229189  ::  4.152062  ::  [-2.765044689178467, -0.048168666660785675, 0.05546358972787857]
1.4659979726708041  ::  4.168035  ::  [-2.7556099891662598, -0.048407964408397675, 0.055464763194322586]
1.4659979726708041  ::  4.18362  ::  [-2.749330759048462, -0.048570096492767334, 0.055467020720243454]
1.4657190021318915  ::  4.199694  ::  [-2.743046522140503, -0.048729442059993744, 0.05546475946903229]
1.4646447414414954  ::  4.21495  ::  [-2.7367606163024902, -0.048890262842178345, 0.05546596646308899]
1.463311787336285  ::  4.230958  ::  [-2.730478286743164, -0.04905035346746445, 0.05546936020255089]
1.463311787336285  ::  4.246633  ::  [-2.721048593521118, -0.04929292947053909, 0.055468522012233734]
1.4612290065262543  ::  4.262215  ::  [-2.7116215229034424, -0.049531154334545135, 0.055468518286943436]
1.4612290065262543  ::  4.277911  ::  [-2.705336570739746, -0.0496903732419014, 0.05546650290489197]
1.459652406766745  ::  4.293583  ::  [-2.699049234390259, -0.04985206574201584, 0.0554693341255188]
1.459652406766745  ::  4.309508  ::  [-2.6896252632141113, -0.050094909965991974, 0.05546601116657257]
1.4596876249296529  ::  4.3256  ::  [-2.683344602584839, -0.050254546105861664, 0.05546652525663376]
1.460169473431256  ::  4.340724  ::  [-2.673916816711426, -0.050493452697992325, 0.05546250194311142]
1.460169473431256  ::  4.355945  ::  [-2.6676316261291504, -0.050654761493206024, 0.05546305328607559]
1.4623329358508577  ::  4.371185  ::  [-2.6582067012786865, -0.05089723691344261, 0.055460039526224136]
1.4634554347522668  ::  4.386334  ::  [-2.6519274711608887, -0.051056988537311554, 0.05546167120337486]
1.4634554347522668  ::  4.401753  ::  [-2.6456382274627686, -0.05121757835149765, 0.05546325072646141]
1.4647851872063038  ::  4.417506  ::  [-2.6362130641937256, -0.051457297056913376, 0.05546266958117485]
1.4658068340957495  ::  4.433169  ::  [-2.6299312114715576, -0.05162016674876213, 0.05546422302722931]
1.4665355299028253  ::  4.448856  ::  [-2.623645305633545, -0.051778312772512436, 0.05546288937330246]
1.466149517493014  ::  4.464472  ::  [-2.607924222946167, -0.05217986926436424, 0.05546819046139717]
1.4653850699145012  ::  4.480253  ::  [-2.607924222946167, -0.05217986926436424, 0.05546819046139717]
1.4641924548523937  ::  4.495376  ::  [-2.598505735397339, -0.05241866409778595, 0.05546737462282181]
1.46327422129585  ::  4.511222  ::  [-2.5890800952911377, -0.05266350880265236, 0.05546840280294418]
1.4619349706099987  ::  4.526098  ::  [-2.5827832221984863, -0.052819572389125824, 0.055467091500759125]
1.4619349706099987  ::  4.542167  ::  [-2.576507329940796, -0.05298348888754845, 0.055467404425144196]
1.460433716374771  ::  4.558302  ::  [-2.567072868347168, -0.05322272703051567, 0.05546466261148453]
1.4597587015857032  ::  4.573996  ::  [-2.5607926845550537, -0.05338338762521744, 0.055467478930950165]
1.460174382629722  ::  4.588914  ::  [-2.554506301879883, -0.05354545637965202, 0.055463165044784546]
1.460174382629722  ::  4.605026  ::  [-2.545074701309204, -0.05378701910376549, 0.05546322464942932]
1.4608407529606213  ::  4.620788  ::  [-2.5388033390045166, -0.053946610540151596, 0.05546259135007858]
1.4616535454718529  ::  4.636775  ::  [-2.52937912940979, -0.05418764427304268, 0.055464599281549454]
1.462811796144699  ::  4.652057  ::  [-2.5199503898620605, -0.05442926287651062, 0.055464740842580795]
1.4640401629782436  ::  4.667624  ::  [-2.5136630535125732, -0.05459018796682358, 0.05546169728040695]
1.464768965507025  ::  4.682947  ::  [-2.507384777069092, -0.05475110560655594, 0.055463217198848724]
1.4667595387632606  ::  4.698072  ::  [-2.501096248626709, -0.05490884557366371, 0.05546486750245094]
1.4670424580052872  ::  4.713787  ::  [-2.4916741847991943, -0.055151719599962234, 0.055464811623096466]
1.466756337112087  ::  4.729822  ::  [-2.4759490489959717, -0.055549245327711105, 0.055463917553424835]
1.466756337112087  ::  4.745105  ::  [-2.4759490489959717, -0.055549245327711105, 0.055463917553424835]
1.4659748140606497  ::  4.760432  ::  [-2.466531753540039, -0.05579124391078949, 0.055468346923589706]
1.4632898026648942  ::  4.776212  ::  [-2.4602441787719727, -0.055951524525880814, 0.055468663573265076]
1.4632898026648942  ::  4.791761  ::  [-2.450819969177246, -0.05619146674871445, 0.05546646937727928]
1.4622369930373602  ::  4.807259  ::  [-2.441394329071045, -0.05643393471837044, 0.05546501651406288]
1.4615386061947262  ::  4.823118  ::  [-2.435105800628662, -0.05659442022442818, 0.055466484278440475]
1.4611287948445255  ::  4.838489  ::  [-2.4288222789764404, -0.0567549392580986, 0.0554683580994606]
1.4605344616650286  ::  4.853774  ::  [-2.4193954467773438, -0.05699523910880089, 0.05546298623085022]
1.4623810673401652  ::  4.869304  ::  [-2.413114070892334, -0.057155657559633255, 0.05546560510993004]
1.4631562938109615  ::  4.885046  ::  [-2.403690814971924, -0.0573996976017952, 0.05546358972787857]
1.4649541276665559  ::  4.900284  ::  [-2.3974077701568604, -0.0575592927634716, 0.05546276271343231]
1.4660442898911132  ::  4.91541  ::  [-2.3879852294921875, -0.05780114233493805, 0.05546513572335243]
1.467408726899529  ::  4.930619  ::  [-2.37227201461792, -0.05820374935865402, 0.05546038597822189]
1.468044574822575  ::  4.945776  ::  [-2.365987777709961, -0.05836067348718643, 0.055465612560510635]
1.468044574822575  ::  4.961198  ::  [-2.365987777709961, -0.05836067348718643, 0.055465612560510635]
1.4682580182341378  ::  4.976368  ::  [-2.3596997261047363, -0.05852646008133888, 0.055465616285800934]
1.4684622835790035  ::  4.991845  ::  [-2.3502755165100098, -0.05876683071255684, 0.055466894060373306]
1.4670666838324995  ::  5.007609  ::  [-2.340846061706543, -0.059005942195653915, 0.055467694997787476]
1.4670666838324995  ::  5.023162  ::  [-2.33455491065979, -0.05916693061590195, 0.055469416081905365]
1.4643972538057881  ::  5.039261  ::  [-2.3282759189605713, -0.05932868272066116, 0.05546845868229866]
1.4643972538057881  ::  5.055305  ::  [-2.318850040435791, -0.05956871062517166, 0.05546896532177925]
1.4621665567115443  ::  5.071155  ::  [-2.312563896179199, -0.05972857400774956, 0.05546609312295914]
1.4606615672166143  ::  5.08705  ::  [-2.3031294345855713, -0.05996813625097275, 0.0554681196808815]
1.460627096105647  ::  5.10224  ::  [-2.2936978340148926, -0.060210295021533966, 0.05546630918979645]
1.46086583256148  ::  5.117743  ::  [-2.2874271869659424, -0.060371898114681244, 0.05546749383211136]
1.4617922836893689  ::  5.133402  ::  [-2.2811403274536133, -0.06053086370229721, 0.05546275153756142]
1.4617922836893689  ::  5.149304  ::  [-2.2717182636260986, -0.06077459454536438, 0.05546409636735916]
1.4641307697064518  ::  5.165383  ::  [-2.2654333114624023, -0.06093193218111992, 0.0554618164896965]
1.4641307697064518  ::  5.181227  ::  [-2.2560131549835205, -0.061173178255558014, 0.05546366423368454]
1.4663630676262824  ::  5.196769  ::  [-2.2465808391571045, -0.06141706928610802, 0.05546445772051811]
1.4672187622632382  ::  5.212652  ::  [-2.2308743000030518, -0.061818696558475494, 0.05546431988477707]
1.4672187622632382  ::  5.227948  ::  [-2.2308743000030518, -0.061818696558475494, 0.05546431988477707]
1.4666087409929913  ::  5.244098  ::  [-2.22458553314209, -0.06197861582040787, 0.0554657056927681]
1.4666087409929913  ::  5.260199  ::  [-2.2151622772216797, -0.06222022324800491, 0.055465735495090485]
1.4648664024244034  ::  5.276287  ::  [-2.2057268619537354, -0.062457066029310226, 0.05546966567635536]
1.4648664024244034  ::  5.291607  ::  [-2.1994476318359375, -0.06261885911226273, 0.0554690845310688]
1.4626445632317395  ::  5.307496  ::  [-2.1900136470794678, -0.06286067515611649, 0.05547117441892624]
1.4626445632317395  ::  5.322601  ::  [-2.1837284564971924, -0.06302323192358017, 0.055468056350946426]
1.4608987028468607  ::  5.337804  ::  [-2.174304723739624, -0.06326287984848022, 0.05546771362423897]
1.4608987028468607  ::  5.353533  ::  [-2.1680221557617188, -0.06342339515686035, 0.05546580255031586]
1.4604816344206668  ::  5.36903  ::  [-2.1617374420166016, -0.06358344107866287, 0.055465906858444214]
1.4604816344206668  ::  5.384547  ::  [-2.152315855026245, -0.06382369995117188, 0.055462922900915146]
1.4620994287586078  ::  5.399896  ::  [-2.1460275650024414, -0.06398317962884903, 0.05546123906970024]
1.4620994287586078  ::  5.415091  ::  [-2.1366066932678223, -0.06422774493694305, 0.05546253174543381]
1.4650514578622285  ::  5.431069  ::  [-2.1208925247192383, -0.0646255761384964, 0.05546405166387558]
1.4659574184226072  ::  5.446042  ::  [-2.1146135330200195, -0.0647912248969078, 0.05546282231807709]
1.4659574184226072  ::  5.461726  ::  [-2.1146135330200195, -0.0647912248969078, 0.05546282231807709]
1.46704896802934  ::  5.47745  ::  [-2.1051878929138184, -0.06502768397331238, 0.05546367168426514]
1.4676641119414642  ::  5.493294  ::  [-2.098905086517334, -0.06518986821174622, 0.05546436831355095]
1.468126537092615  ::  5.509075  ::  [-2.0894763469696045, -0.06542980670928955, 0.0554659403860569]
1.4679353985175605  ::  5.524698  ::  [-2.0831878185272217, -0.0655909925699234, 0.05546704679727554]
1.4673044597929807  ::  5.540329  ::  [-2.0769026279449463, -0.06575030088424683, 0.05546734482049942]
1.4642680138200868  ::  5.556195  ::  [-2.067477226257324, -0.0659923404455185, 0.05546646565198898]
1.4642680138200868  ::  5.572236  ::  [-2.058049201965332, -0.06623600423336029, 0.05546705052256584]
1.461575852070044  ::  5.587722  ::  [-2.04862380027771, -0.0664748027920723, 0.055468641221523285]
1.461575852070044  ::  5.603403  ::  [-2.04233717918396, -0.06663413345813751, 0.05546804517507553]
1.460261787706757  ::  5.61901  ::  [-2.032909631729126, -0.06687600910663605, 0.055466197431087494]
1.460261787706757  ::  5.634882  ::  [-2.0266294479370117, -0.0670386403799057, 0.055466316640377045]
1.4601018118697906  ::  5.650328  ::  [-2.0203397274017334, -0.06719867885112762, 0.05546548217535019]
1.4606181314823612  ::  5.665786  ::  [-2.010906934738159, -0.0674390196800232, 0.05546299368143082]
1.4611938950850523  ::  5.680963  ::  [-2.004633665084839, -0.06759742647409439, 0.05546344071626663]
1.4635657849960448  ::  5.696841  ::  [-1.9952057600021362, -0.06784158945083618, 0.05546405538916588]
1.464757759727918  ::  5.712413  ::  [-1.9794988632202148, -0.0682404413819313, 0.05546388402581215]
1.464757759727918  ::  5.728167  ::  [-1.9794988632202148, -0.0682404413819313, 0.05546388402581215]
1.4652790952606602  ::  5.743342  ::  [-1.973212718963623, -0.06840245425701141, 0.05546455830335617]
1.466083029870312  ::  5.75946  ::  [-1.963787317276001, -0.06864352524280548, 0.05546571686863899]
1.465408655411479  ::  5.774706  ::  [-1.9574995040893555, -0.06880459189414978, 0.055466409772634506]
1.465408655411479  ::  5.790662  ::  [-1.9480738639831543, -0.0690435841679573, 0.055466171354055405]
1.4646465557104937  ::  5.806131  ::  [-1.9417898654937744, -0.06920391321182251, 0.05546737462282181]
1.4632768893384946  ::  5.821402  ::  [-1.932356834411621, -0.06944452971220016, 0.05546903237700462]
1.4604914528175987  ::  5.83691  ::  [-1.9166486263275146, -0.0698443055152893, 0.055468734353780746]
1.4604914528175987  ::  5.852993  ::  [-1.9166486263275146, -0.0698443055152893, 0.055468734353780746]
1.4590052463428862  ::  5.868196  ::  [-1.9103566408157349, -0.07000599801540375, 0.05546973645687103]
1.4583688648113116  ::  5.883428  ::  [-1.9040741920471191, -0.07016659528017044, 0.0554681196808815]
1.4583688648113116  ::  5.899257  ::  [-1.8977950811386108, -0.07032451778650284, 0.055465228855609894]
1.4588903070657597  ::  5.914609  ::  [-1.8915128707885742, -0.07048748433589935, 0.05546358972787857]
1.4592644733662294  ::  5.933221  ::  [-1.8789455890655518, -0.07080809026956558, 0.05546258017420769]
1.4601471685947478  ::  5.946234  ::  [-1.8789455890655518, -0.07080809026956558, 0.05546258017420769]
1.4601471685947478  ::  5.961488  ::  [-1.8726632595062256, -0.07096859812736511, 0.055464182049036026]
1.4624567330295641  ::  5.976446  ::  [-1.8663763999938965, -0.0711294561624527, 0.055464111268520355]
1.4624567330295641  ::  5.992384  ::  [-1.8600878715515137, -0.07128915935754776, 0.05546320602297783]
1.4644209460244717  ::  6.008155  ::  [-1.8538094758987427, -0.07144910097122192, 0.05546388030052185]
1.4644209460244717  ::  6.024011  ::  [-1.847522497177124, -0.07161228358745575, 0.055459629744291306]
1.4657156937590121  ::  6.03946  ::  [-1.8412436246871948, -0.07177255302667618, 0.05546408146619797]
1.4657156937590121  ::  6.055455  ::  [-1.8318159580230713, -0.07201148569583893, 0.05546395480632782]
1.4653526265159438  ::  6.071388  ::  [-1.8255209922790527, -0.07216939330101013, 0.055466506630182266]
1.4653526265159438  ::  6.087379  ::  [-1.8161022663116455, -0.07240995019674301, 0.055464502424001694]
1.4642213764346603  ::  6.10326  ::  [-1.8098150491714478, -0.07257256656885147, 0.05546695739030838]
1.4628593940254775  ::  6.11925  ::  [-1.8066740036010742, -0.07265348732471466, 0.05546705797314644]
1.4617262229534902  ::  6.134822  ::  [-1.7972466945648193, -0.07289604097604752, 0.055467016994953156]
1.4617262229534902  ::  6.150339  ::  [-1.790947675704956, -0.07305282354354858, 0.05546502396464348]
1.4604458826492301  ::  6.165827  ::  [-1.7846734523773193, -0.07321411371231079, 0.05546977370977402]
1.4597164397902138  ::  6.181573  ::  [-1.7783849239349365, -0.0733737125992775, 0.05546734854578972]
1.4589622374954563  ::  6.196861  ::  [-1.7689545154571533, -0.07361501455307007, 0.05546377971768379]
1.4592528407002991  ::  6.212733  ::  [-1.7532507181167603, -0.07401636242866516, 0.05546553060412407]
1.459897973411748  ::  6.228771  ::  [-1.7469744682312012, -0.07417736947536469, 0.05546412616968155]
1.459897973411748  ::  6.244165  ::  [-1.7469744682312012, -0.07417736947536469, 0.05546412616968155]
1.4610610265613544  ::  6.259319  ::  [-1.7375491857528687, -0.07441823929548264, 0.05546313524246216]
1.462163781947194  ::  6.275388  ::  [-1.7312630414962769, -0.07457616180181503, 0.055464066565036774]
1.4633134948835775  ::  6.291301  ::  [-1.724981427192688, -0.07473946362733841, 0.05546333268284798]
1.4646538127864868  ::  6.306834  ::  [-1.7155556678771973, -0.07497991621494293, 0.05546153336763382]
1.4653828287586799  ::  6.322025  ::  [-1.7092657089233398, -0.07514297962188721, 0.05546422302722931]
1.466033617720535  ::  6.337972  ::  [-1.7029826641082764, -0.07530036568641663, 0.05546770617365837]
1.4657542202947993  ::  6.354034  ::  [-1.6935548782348633, -0.07554296404123306, 0.055467117577791214]
1.464833959025846  ::  6.369396  ::  [-1.687267541885376, -0.07569970935583115, 0.05546368658542633]
1.4640109212308594  ::  6.385262  ::  [-1.6809862852096558, -0.0758606567978859, 0.05546683818101883]
1.4629702778777844  ::  6.401208  ::  [-1.6747039556503296, -0.07602088898420334, 0.055464256554841995]
1.4610981657149662  ::  6.41714  ::  [-1.6684107780456543, -0.0761808454990387, 0.0554635226726532]
1.4610981657149662  ::  6.449032  ::  [-1.6589832305908203, -0.07642307132482529, 0.055466778576374054]
1.4590506030678434  ::  6.465852  ::  [-1.6464157104492188, -0.0767432153224945, 0.055466245859861374]
1.4590506030678434  ::  6.480992  ::  [-1.6464157104492188, -0.0767432153224945, 0.055466245859861374]
1.4583716395756618  ::  6.496768  ::  [-1.6432729959487915, -0.07682222127914429, 0.05546867102384567]
1.4582336484100864  ::  6.512097  ::  [-1.6369881629943848, -0.07698476314544678, 0.055468861013650894]
1.4582336484100864  ::  6.528111  ::  [-1.6275662183761597, -0.07722726464271545, 0.055464889854192734]
1.4594782369429096  ::  6.54407  ::  [-1.621285080909729, -0.07738547772169113, 0.05546480044722557]
1.4601390577451083  ::  6.559509  ::  [-1.6118592023849487, -0.07762635499238968, 0.05546106770634651]
1.4601390577451083  ::  6.57542  ::  [-1.6087170839309692, -0.07770773768424988, 0.0554623082280159]
1.4608579351552522  ::  6.590384  ::  [-1.6024341583251953, -0.07786711305379868, 0.05546458438038826]
1.4623236510624547  ::  6.605848  ::  [-1.5930023193359375, -0.07810767740011215, 0.0554661899805069]
1.4638164742829256  ::  6.6218  ::  [-1.5867211818695068, -0.07826724648475647, 0.05546323210000992]
1.4638164742829256  ::  6.637741  ::  [-1.580434799194336, -0.07842964679002762, 0.05546421557664871]
1.4641997119283867  ::  6.653686  ::  [-1.5772953033447266, -0.07850860059261322, 0.055464763194322586]
1.4643521105242427  ::  6.669672  ::  [-1.571009874343872, -0.0786663368344307, 0.05546493083238602]
1.4640179648634408  ::  6.685643  ::  [-1.561576008796692, -0.07890941202640533, 0.05546732619404793]
1.4640179648634408  ::  6.700989  ::  [-1.5521488189697266, -0.07915114611387253, 0.05546840280294418]
1.4633581045565942  ::  6.716947  ::  [-1.5458643436431885, -0.07931019365787506, 0.055469416081905365]
1.4618400950135588  ::  6.732904  ::  [-1.5364378690719604, -0.07954736053943634, 0.05546730384230614]
1.4602469533896534  ::  6.748874  ::  [-1.5270090103149414, -0.07978799939155579, 0.05546887591481209]
1.4589615971652217  ::  6.764828  ::  [-1.5175853967666626, -0.08003061264753342, 0.05546746402978897]
1.4581775127928454  ::  6.78079  ::  [-1.5081528425216675, -0.08027280122041702, 0.05546819418668747]
1.4583748412268351  ::  6.796721  ::  [-1.489303469657898, -0.08075090497732162, 0.05546710267663002]
1.459108019345554  ::  6.812678  ::  [-1.489303469657898, -0.08075090497732162, 0.05546710267663002]
1.4605589009356525  ::  6.828634  ::  [-1.4830222129821777, -0.08091367781162262, 0.055463626980781555]
1.4605589009356525  ::  6.844619  ::  [-1.4735904932022095, -0.08115491271018982, 0.05546501278877258]
1.463933974880991  ::  6.859579  ::  [-1.4641730785369873, -0.08139605820178986, 0.055460911244153976]
1.463933974880991  ::  6.875516  ::  [-1.4547438621520996, -0.0816359594464302, 0.05546500161290169]
1.464457444847849  ::  6.891473  ::  [-1.4484573602676392, -0.08179362118244171, 0.05546616017818451]
1.4648349195211978  ::  6.906432  ::  [-1.4390312433242798, -0.08203519880771637, 0.05546480789780617]
1.4646336423840942  ::  6.92239  ::  [-1.429603099822998, -0.08227535337209702, 0.05546603724360466]
1.4637481723912253  ::  6.938022  ::  [-1.4233193397521973, -0.0824337899684906, 0.0554671436548233]
1.4637481723912253  ::  6.953978  ::  [-1.4138896465301514, -0.08267576992511749, 0.05546782910823822]
1.4624575868032104  ::  6.969935  ::  [-1.4044564962387085, -0.0829169750213623, 0.05547094717621803]
1.4620040195536392  ::  6.985892  ::  [-1.4013161659240723, -0.08299849927425385, 0.05546918138861656]
1.4615955955856137  ::  7.001852  ::  [-1.3981739282608032, -0.08307461440563202, 0.0554695688188076]
1.4595543295191318  ::  7.017807  ::  [-1.388739824295044, -0.08331909030675888, 0.0554610975086689]
1.4595543295191318  ::  7.033174  ::  [-1.3824604749679565, -0.08347801864147186, 0.0554705373942852]
1.4591120747703734  ::  7.049132  ::  [-1.3761742115020752, -0.0836372971534729, 0.05546507239341736]
1.4589086631991541  ::  7.065113  ::  [-1.3730378150939941, -0.08371797204017639, 0.05546654015779495]
1.4588992716890452  ::  7.081046  ::  [-1.363610029220581, -0.08395981788635254, 0.055463384836912155]
1.4599445040754688  ::  7.097027  ::  [-1.354191541671753, -0.0841977596282959, 0.055462807416915894]
1.4607381934013655  ::  7.112471  ::  [-1.341618537902832, -0.08452019095420837, 0.055463746190071106]
1.4619285673076516  ::  7.129426  ::  [-1.3353376388549805, -0.08468170464038849, 0.05546262487769127]
1.46236601957965  ::  7.144387  ::  [-1.3353376388549805, -0.08468170464038849, 0.05546262487769127]
1.4625856528501482  ::  7.160343  ::  [-1.3321912288665771, -0.08476216346025467, 0.05546223744750023]
1.463125771403108  ::  7.176325  ::  [-1.3290519714355469, -0.08484073728322983, 0.055465009063482285]
1.464183383507402  ::  7.204225  ::  [-1.3196113109588623, -0.08508476614952087, 0.05546475946903229]
1.464183383507402  ::  7.210209  ::  [-1.3196113109588623, -0.08508476614952087, 0.05546475946903229]
1.464183383507402  ::  7.224193  ::  [-1.3196113109588623, -0.08508476614952087, 0.05546475946903229]
1.464807492042812  ::  7.239131  ::  [-1.3196113109588623, -0.08508476614952087, 0.05546475946903229]
1.464807492042812  ::  7.255108  ::  [-1.3164852857589722, -0.08516311645507812, 0.055462390184402466]
1.4653967025804315  ::  7.270625  ::  [-1.3164852857589722, -0.08516311645507812, 0.055462390184402466]
1.465552196105755  ::  7.286581  ::  [-1.3101836442947388, -0.08532646298408508, 0.05546531081199646]
1.465552196105755  ::  7.302538  ::  [-1.3039155006408691, -0.0854848176240921, 0.055466391146183014]
1.465784742702653  ::  7.318519  ::  [-1.3039155006408691, -0.0854848176240921, 0.055466391146183014]
1.4654455811216793  ::  7.334477  ::  [-1.3007673025131226, -0.08556456863880157, 0.05546988174319267]
1.4647219012347754  ::  7.350167  ::  [-1.2944834232330322, -0.08572352677583694, 0.05546620488166809]
1.463898863439789  ::  7.365849  ::  [-1.2850538492202759, -0.08596469461917877, 0.05547044426202774]
1.4628500025153688  ::  7.381785  ::  [-1.2787655591964722, -0.0861249566078186, 0.05547197535634041]
1.4617710460699183  ::  7.398741  ::  [-1.2661988735198975, -0.08644567430019379, 0.055470339953899384]
1.4617710460699183  ::  7.413338  ::  [-1.2661988735198975, -0.08644567430019379, 0.055470339953899384]
1.4598812181039404  ::  7.428735  ::  [-1.2567700147628784, -0.08668781071901321, 0.05546882748603821]
1.4591112209967272  ::  7.444405  ::  [-1.2504827976226807, -0.0868477076292038, 0.055465951561927795]
1.4591112209967272  ::  7.46033  ::  [-1.241058111190796, -0.08708487451076508, 0.05546591803431511]
1.4592623389321138  ::  7.476285  ::  [-1.2347716093063354, -0.08724875748157501, 0.05546516552567482]
1.4599289227064247  ::  7.492272  ::  [-1.2284983396530151, -0.0874076783657074, 0.05546288937330246]
1.460870741759946  ::  7.508219  ::  [-1.2222095727920532, -0.0875689685344696, 0.05546502023935318]
1.460870741759946  ::  7.524181  ::  [-1.2159276008605957, -0.08772744983434677, 0.05546431243419647]
1.461186211122236  ::  7.540104  ::  [-1.2127816677093506, -0.0878104567527771, 0.05546671152114868]
1.4633501004286606  ::  7.555471  ::  [-1.2033617496490479, -0.0880514457821846, 0.05546172708272934]
1.4644943705580493  ::  7.571428  ::  [-1.1970617771148682, -0.08821342140436172, 0.055463556200265884]
1.4651716265029384  ::  7.587239  ::  [-1.1876397132873535, -0.08844888210296631, 0.05546131730079651]
1.4651716265029384  ::  7.603183  ::  [-1.1782171726226807, -0.08869260549545288, 0.05546777695417404]
1.4656061972888805  ::  7.619119  ::  [-1.1719368696212769, -0.08885350823402405, 0.05546834319829941]
1.4649126129230068  ::  7.63458  ::  [-1.165639877319336, -0.0890141949057579, 0.05546566843986511]
1.4643209477861545  ::  7.650539  ::  [-1.153067708015442, -0.08933350443840027, 0.055469054728746414]
1.4643209477861545  ::  7.666523  ::  [-1.153067708015442, -0.08933350443840027, 0.055469054728746414]
1.4628921575891525  ::  7.682478  ::  [-1.153067708015442, -0.08933350443840027, 0.055469054728746414]
1.4614975183380003  ::  7.698434  ::  [-1.1436513662338257, -0.08957387506961823, 0.05546600744128227]
1.4599796155166709  ::  7.714393  ::  [-1.134220004081726, -0.08981409668922424, 0.055469855666160583]
1.458788067671621  ::  7.729736  ::  [-1.1247953176498413, -0.09005552530288696, 0.055467672646045685]
1.4580729255211795  ::  7.745609  ::  [-1.1153554916381836, -0.09029795974493027, 0.05546525865793228]
1.4580729255211795  ::  7.761614  ::  [-1.1059446334838867, -0.09053448587656021, 0.05546528473496437]
1.4582243636216834  ::  7.777576  ::  [-1.0965163707733154, -0.09077723324298859, 0.055466216057538986]
1.45969680299635  ::  7.793529  ::  [-1.0839495658874512, -0.09109832346439362, 0.055463407188653946]
1.4616676327370162  ::  7.809491  ::  [-1.0776584148406982, -0.0912606418132782, 0.05546262115240097]
1.4630366587787804  ::  7.824989  ::  [-1.0682276487350464, -0.09149982780218124, 0.05546293035149574]
1.4630366587787804  ::  7.840921  ::  [-1.0588152408599854, -0.09174022823572159, 0.05546478182077408]
1.4640549972953472  ::  7.856488  ::  [-1.0493874549865723, -0.09198088198900223, 0.05546673387289047]
1.4641874389322218  ::  7.87145  ::  [-1.0399614572525024, -0.09222269058227539, 0.05546412989497185]
1.4635928923093133  ::  7.886409  ::  [-1.024239182472229, -0.09262014180421829, 0.05546857416629791]
1.4635928923093133  ::  7.902365  ::  [-1.024239182472229, -0.09262014180421829, 0.05546857416629791]
1.4620009246241716  ::  7.918988  ::  [-1.0116719007492065, -0.09293999522924423, 0.05546974763274193]
1.4610350931868494  ::  7.933947  ::  [-1.0116719007492065, -0.09293999522924423, 0.05546974763274193]
1.4598783366178842  ::  7.949905  ::  [-1.0053865909576416, -0.09310183674097061, 0.05546889081597328]
1.4590830464664009  ::  7.965862  ::  [-0.9991025328636169, -0.09326066076755524, 0.055468909442424774]
1.4590830464664009  ::  7.981819  ::  [-0.992821216583252, -0.09342223405838013, 0.0554654523730278]
1.4584631000775166  ::  7.997459  ::  [-0.9896719455718994, -0.09350219368934631, 0.055470921099185944]
1.4579648164332228  ::  8.013395  ::  [-0.9833906292915344, -0.09366162866353989, 0.055466823279857635]
1.4579648164332228  ::  8.028912  ::  [-0.9739646911621094, -0.09390272200107574, 0.05546605959534645]
1.4591578583821538  ::  8.044898  ::  [-0.9676809310913086, -0.09406226128339767, 0.055467233061790466]
1.4591578583821538  ::  8.05986  ::  [-0.9551035165786743, -0.09438391029834747, 0.05546130612492561]
1.461454296047159  ::  8.075847  ::  [-0.9456890821456909, -0.09462456405162811, 0.05546479672193527]
1.461454296047159  ::  8.091037  ::  [-0.9394063353538513, -0.09478659927845001, 0.055463213473558426]
1.4631030396797766  ::  8.107102  ::  [-0.9299752712249756, -0.09502775222063065, 0.05546554923057556]
1.4647149643238995  ::  8.123059  ::  [-0.9111290574073792, -0.09550589323043823, 0.05546492338180542]
1.4648381211723713  ::  8.13823  ::  [-0.9111290574073792, -0.09550589323043823, 0.05546492338180542]
1.4641929884609226  ::  8.154185  ::  [-0.901702880859375, -0.09574851393699646, 0.05546362325549126]
1.4639100692188958  ::  8.170145  ::  [-0.8954026103019714, -0.09590747952461243, 0.055469609797000885]
1.4632641894555065  ::  8.186075  ::  [-0.8922642469406128, -0.09598655253648758, 0.055469922721385956]
1.4622448904435879  ::  8.202092  ::  [-0.8859819173812866, -0.09614992886781693, 0.055469390004873276]
1.4613151309428198  ::  8.21805  ::  [-0.8796911239624023, -0.0963098406791687, 0.055469438433647156]
1.4596346909635853  ::  8.233042  ::  [-0.8734076023101807, -0.09646894782781601, 0.055471304804086685]
1.4596346909635853  ::  8.249015  ::  [-0.863978922367096, -0.09670866280794144, 0.05547149106860161]
1.4583929839168182  ::  8.264997  ::  [-0.8545529842376709, -0.09694863110780716, 0.05546947196125984]
1.4576949172393017  ::  8.280123  ::  [-0.8451299667358398, -0.09718966484069824, 0.05546718090772629]
1.4576949172393017  ::  8.29588  ::  [-0.8388369679450989, -0.09734901785850525, 0.05546450987458229]
1.4578686601763138  ::  8.3119  ::  [-0.8357033133506775, -0.09743104875087738, 0.055466435849666595]
1.4578686601763138  ::  8.327324  ::  [-0.8294044733047485, -0.09759241342544556, 0.05546460300683975]
1.4604992435021207  ::  8.343281  ::  [-0.8199870586395264, -0.09783061593770981, 0.05546235665678978]
1.4604992435021207  ::  8.359423  ::  [-0.8105681538581848, -0.09807088971138, 0.055465202778577805]
1.4631446611450314  ::  8.375354  ::  [-0.8011468648910522, -0.09831476211547852, 0.05546236410737038]
1.4631446611450314  ::  8.391311  ::  [-0.7948592901229858, -0.09847305715084076, 0.05546541139483452]
1.4643851942530348  ::  8.407295  ::  [-0.7854321002960205, -0.09871193766593933, 0.05546513944864273]
1.4643851942530348  ::  8.423252  ::  [-0.7760019898414612, -0.09895212203264236, 0.055466778576374054]
1.4641144412854674  ::  8.438212  ::  [-0.7665623426437378, -0.09919358789920807, 0.0554661825299263]
1.462213087375265  ::  8.453108  ::  [-0.7602852582931519, -0.09935425221920013, 0.05547068268060684]
1.462213087375265  ::  8.468905  ::  [-0.750855565071106, -0.09959463775157928, 0.05547108128666878]
1.4603844109467  ::  8.484877  ::  [-0.7414312362670898, -0.09983457624912262, 0.05546950548887253]
1.4596032080603798  ::  8.500859  ::  [-0.7382888793945312, -0.09991522878408432, 0.055468227714300156]
1.4587223271008596  ::  8.516817  ::  [-0.732000470161438, -0.1000739336013794, 0.05547028034925461]
1.4587223271008596  ::  8.532344  ::  [-0.7225781679153442, -0.10031446814537048, 0.0554654598236084]
1.4579220210292045  ::  8.548299  ::  [-0.7131544351577759, -0.10055884718894958, 0.0554656907916069]
1.458798739842199  ::  8.564282  ::  [-0.7037296295166016, -0.10079729557037354, 0.05546221882104874]
1.4598172918021772  ::  8.579219  ::  [-0.6942962408065796, -0.10103707015514374, 0.05546656250953674]
1.460816527133409  ::  8.595271  ::  [-0.684870719909668, -0.10127551108598709, 0.05546187609434128]
1.4623907790153912  ::  8.611183  ::  [-0.6785942316055298, -0.10143736004829407, 0.055464327335357666]
1.46308575076344  ::  8.627159  ::  [-0.6691644787788391, -0.1016814261674881, 0.05546383559703827]
1.46308575076344  ::  8.6431  ::  [-0.6628856658935547, -0.10183808952569962, 0.05546325817704201]
1.4639366429236356  ::  8.659031  ::  [-0.6566002368927002, -0.10200075805187225, 0.0554632842540741]
1.4643021647659369  ::  8.675017  ::  [-0.6502977609634399, -0.1021604835987091, 0.05546434596180916]
