1.433171016302665  ::  0.015847  ::  [-4.649738311767578, 9.927884821081534e-05, 0.0554661825299263]
1.4333246955589904  ::  0.031805  ::  [-4.649738311767578, 9.941920870915055e-05, 0.05546634644269943]
1.4333246955589904  ::  0.047762  ::  [-4.6497392654418945, 9.939982555806637e-05, 0.055466365069150925]
1.4620476687313038  ::  0.063721  ::  [-4.6478590965271, 5.0439906772226095e-05, 0.056709568947553635]
1.46197339042408  ::  0.079676  ::  [-4.644662857055664, -4.309406358515844e-05, 0.056672923266887665]
1.4527587181817923  ::  0.095657  ::  [-4.627891540527344, -0.00047094415640458465, 0.05576537922024727]
1.4553310314562424  ::  0.111616  ::  [-4.617980480194092, -0.0004854452854488045, 0.05553845316171646]
1.4553310314562424  ::  0.127585  ::  [-4.613604545593262, -0.0005942163988947868, 0.05592145398259163]
1.4544745897673463  ::  0.143535  ::  [-4.604840278625488, -0.0008105117594823241, 0.05561978369951248]
1.5137497461490674  ::  0.159048  ::  [-4.5981831550598145, -0.000764944648835808, 0.05555533990263939]
1.5097026456224232  ::  0.174186  ::  [-4.594444751739502, -0.0008765301899984479, 0.0555386021733284]
1.5015332057665591  ::  0.190172  ::  [-4.584984302520752, -0.001136465580202639, 0.05546733736991882]
1.5010839073852191  ::  0.205504  ::  [-4.5786967277526855, -0.0012972537660971284, 0.05546523630619049]
1.4998538330043822  ::  0.221461  ::  [-4.5692596435546875, -0.001542558427900076, 0.05546882376074791]
1.4983641047133789  ::  0.237417  ::  [-4.562992095947266, -0.001708467141725123, 0.05546792596578598]
1.4983641047133789  ::  0.253459  ::  [-4.559849262237549, -0.0017877824138849974, 0.05546838790178299]
1.4971206901193193  ::  0.268834  ::  [-4.553563117980957, -0.0019519131164997816, 0.055466458201408386]
1.4961567796727013  ::  0.284772  ::  [-4.547264575958252, -0.0021169825922697783, 0.0554681159555912]
1.4952034346749556  ::  0.300612  ::  [-4.537846565246582, -0.0023659798316657543, 0.05547022446990013]
1.4947007754407249  ::  0.316664  ::  [-4.531567096710205, -0.002531422069296241, 0.05546646565198898]
1.4947007754407249  ::  0.332624  ::  [-4.522139549255371, -0.0027756034396588802, 0.05546436831355095]
1.4955403551001076  ::  0.348433  ::  [-4.5127081871032715, -0.0030233580619096756, 0.05546708032488823]
1.4983974018855828  ::  0.364497  ::  [-4.506429195404053, -0.0031863669864833355, 0.05546679347753525]
1.4983974018855828  ::  0.380051  ::  [-4.497000694274902, -0.003434614045545459, 0.05546822398900986]
1.4998029267507245  ::  0.396043  ::  [-4.490720748901367, -0.0035989959724247456, 0.05546288937330246]
1.5008917015931067  ::  0.41171  ::  [-4.481293678283691, -0.0038463417440652847, 0.05546444654464722]
1.5009681143344462  ::  0.427669  ::  [-4.468727111816406, -0.004173777066171169, 0.05546621233224869]
1.5010630966525917  ::  0.443627  ::  [-4.465579032897949, -0.0042577749118208885, 0.055466555058956146]
1.5010630966525917  ::  0.463573  ::  [-4.465579032897949, -0.0042577749118208885, 0.055466555058956146]
1.5010630966525917  ::  0.474543  ::  [-4.465579032897949, -0.0042577749118208885, 0.055466555058956146]
1.5010630966525917  ::  0.4915  ::  [-4.465579032897949, -0.0042577749118208885, 0.055466555058956146]
1.5010630966525917  ::  0.506459  ::  [-4.465579032897949, -0.0042577749118208885, 0.055466555058956146]
1.5013563679000792  ::  0.523413  ::  [-4.462441444396973, -0.004339636769145727, 0.05546814948320389]
1.5014237092964273  ::  0.538371  ::  [-4.462441444396973, -0.004339636769145727, 0.05546814948320389]
1.5014237092964273  ::  0.553721  ::  [-4.4593000411987305, -0.004419378470629454, 0.05546808987855911]
1.5010275583245667  ::  0.569678  ::  [-4.456158638000488, -0.0045020864345133305, 0.05546703189611435]
1.5004065447186243  ::  0.586633  ::  [-4.443582057952881, -0.004828420467674732, 0.0554656982421875]
1.5004065447186243  ::  0.600596  ::  [-4.443582057952881, -0.004828420467674732, 0.0554656982421875]
1.4991872492300713  ::  0.616555  ::  [-4.437300682067871, -0.004993016831576824, 0.05546945333480835]
1.4986948352795957  ::  0.63251  ::  [-4.437300682067871, -0.004993016831576824, 0.05546945333480835]
1.4977357273097378  ::  0.648469  ::  [-4.427873611450195, -0.005240355618298054, 0.05547017976641655]
1.4966938032961934  ::  0.664425  ::  [-4.427873611450195, -0.005240355618298054, 0.05547017976641655]
1.4954065260810576  ::  0.681382  ::  [-4.412166118621826, -0.005649811588227749, 0.05546761676669121]
1.4949569075346003  ::  0.69634  ::  [-4.412166118621826, -0.005649811588227749, 0.05546761676669121]
1.4946534977250638  ::  0.712297  ::  [-4.405871868133545, -0.005816304124891758, 0.05547036975622177]
1.4947204122345887  ::  0.727257  ::  [-4.399582862854004, -0.005980986170470715, 0.05546951666474342]
1.4944980041997402  ::  0.743214  ::  [-4.393305778503418, -0.006142886821180582, 0.05546613782644272]
1.4944980041997402  ::  0.758912  ::  [-4.3870158195495605, -0.006309564225375652, 0.055463455617427826]
1.4947953308720472  ::  0.774067  ::  [-4.380738735198975, -0.00647516455501318, 0.05546582490205765]
1.4968182408051347  ::  0.790024  ::  [-4.374457836151123, -0.006636571139097214, 0.05546276643872261]
1.4968182408051347  ::  0.80601  ::  [-4.368175506591797, -0.006802216172218323, 0.05546433478593826]
1.4996007958399744  ::  0.821962  ::  [-4.361891746520996, -0.006966161075979471, 0.05546482652425766]
1.4996007958399744  ::  0.837896  ::  [-4.352449417114258, -0.00721529358997941, 0.05546412244439125]
1.5005744179618186  ::  0.853877  ::  [-4.346182346343994, -0.007381265517324209, 0.055465515702962875]
1.500836419749512  ::  0.869074  ::  [-4.339896202087402, -0.007542596664279699, 0.055467329919338226]
1.5013825147179958  ::  0.885031  ::  [-4.336751937866211, -0.007626619189977646, 0.05546429380774498]
1.5015271226293296  ::  0.901016  ::  [-4.330471992492676, -0.007788530085235834, 0.055465977638959885]
1.501047408561842  ::  0.91695  ::  [-4.321041107177734, -0.00803392194211483, 0.05546749755740166]
1.501047408561842  ::  0.932215  ::  [-4.31475830078125, -0.008199060335755348, 0.05546780303120613]
1.4991655847237977  ::  0.947896  ::  [-4.308459281921387, -0.008365816436707973, 0.05546761304140091]
1.4984470274787711  ::  0.963371  ::  [-4.302184104919434, -0.008527823723852634, 0.055471211671829224]
1.4984470274787711  ::  0.979355  ::  [-4.295892238616943, -0.008692489936947823, 0.05547034740447998]
1.4972778911919353  ::  0.995283  ::  [-4.28961706161499, -0.008854417130351067, 0.0554686114192009]
1.4954597802122427  ::  1.011282  ::  [-4.283326625823975, -0.009021995589137077, 0.05546753853559494]
1.4953320343304222  ::  1.026806  ::  [-4.2738938331604, -0.009268557652831078, 0.0554664209485054]
1.4954081269066444  ::  1.04279  ::  [-4.270761966705322, -0.009349582716822624, 0.05546513572335243]
1.4954081269066444  ::  1.058782  ::  [-4.264477252960205, -0.009515566751360893, 0.05546773597598076]
1.4957534783465531  ::  1.074248  ::  [-4.2581892013549805, -0.009678649716079235, 0.05546776205301285]
1.4957534783465531  ::  1.090196  ::  [-4.255046844482422, -0.009762094356119633, 0.055468764156103134]
1.4968902779565372  ::  1.106162  ::  [-4.2487711906433105, -0.009927797131240368, 0.055466119199991226]
1.499700047026351  ::  1.122165  ::  [-4.239339828491211, -0.01017223484814167, 0.05546583607792854]
1.499700047026351  ::  1.138101  ::  [-4.229915618896484, -0.010421456769108772, 0.05546645075082779]
1.5011031172922598  ::  1.153762  ::  [-4.220489501953125, -0.010667364113032818, 0.0554674006998539]
1.5018051326728903  ::  1.169291  ::  [-4.214207172393799, -0.010832884348928928, 0.055464692413806915]
1.5017600961130504  ::  1.185243  ::  [-4.204777240753174, -0.011077920906245708, 0.055465929210186005]
1.5021326615879336  ::  1.200767  ::  [-4.198485374450684, -0.011244112625718117, 0.05546475201845169]
1.5021326615879336  ::  1.216724  ::  [-4.189070224761963, -0.01149057038128376, 0.05546613782644272]
1.4997043158945824  ::  1.232805  ::  [-4.170212268829346, -0.01198439858853817, 0.055467501282691956]
1.4997043158945824  ::  1.248758  ::  [-4.170212268829346, -0.01198439858853817, 0.055467501282691956]
1.498866550504198  ::  1.264278  ::  [-4.1639227867126465, -0.01214546151459217, 0.05547083169221878]
1.4961557124556435  ::  1.280208  ::  [-4.1545000076293945, -0.01239259447902441, 0.05546918511390686]
1.494991698810685  ::  1.296165  ::  [-4.148211479187012, -0.01255791075527668, 0.05546802282333374]
1.494991698810685  ::  1.311447  ::  [-4.13563346862793, -0.012886345386505127, 0.05546550080180168]
1.495446333277314  ::  1.327431  ::  [-4.129357814788818, -0.013052511028945446, 0.055467862635850906]
1.49615251080447  ::  1.343359  ::  [-4.123072624206543, -0.013217230327427387, 0.055467408150434494]
1.49615251080447  ::  1.359372  ::  [-4.116794586181641, -0.013380983844399452, 0.05546298995614052]
1.4970322178252264  ::  1.375329  ::  [-4.11049747467041, -0.013545418158173561, 0.055466704070568085]
1.4997387870055499  ::  1.390289  ::  [-4.101072788238525, -0.013791698031127453, 0.055467408150434494]
1.5005760187874053  ::  1.405429  ::  [-4.091658592224121, -0.014038709923624992, 0.05546518415212631]
1.5016166621404803  ::  1.421218  ::  [-4.085371494293213, -0.014203593134880066, 0.055465541779994965]
1.5016166621404803  ::  1.437175  ::  [-4.075944900512695, -0.014447307214140892, 0.05546750873327255]
1.5014685324128556  ::  1.453168  ::  [-4.069660663604736, -0.014613213017582893, 0.055467791855335236]
1.5017341627385457  ::  1.468151  ::  [-4.0602312088012695, -0.014859219081699848, 0.05546840280294418]
1.5004082522659168  ::  1.484088  ::  [-4.053945541381836, -0.015025091357529163, 0.05546976625919342]
1.4991385841322349  ::  1.500069  ::  [-4.04451847076416, -0.015269140712916851, 0.05546683818101883]
1.4991385841322349  ::  1.515515  ::  [-4.03508996963501, -0.01551732886582613, 0.05547083169221878]
1.4977842856858683  ::  1.530966  ::  [-4.025657653808594, -0.015763282775878906, 0.0554715096950531]
1.4957956334203368  ::  1.546281  ::  [-4.01936149597168, -0.01592562347650528, 0.05546707659959793]
1.4957956334203368  ::  1.562265  ::  [-4.009949684143066, -0.01617549918591976, 0.05546785518527031]
1.495599692368522  ::  1.578058  ::  [-4.003659725189209, -0.01634020172059536, 0.05546785145998001]
1.495638325626015  ::  1.594016  ::  [-3.997385025024414, -0.01650363579392433, 0.05546552687883377]
1.496588042085764  ::  1.609983  ::  [-3.991098403930664, -0.016668209806084633, 0.05546563118696213]
1.496588042085764  ::  1.626046  ::  [-3.981668710708618, -0.01691792905330658, 0.05546409636735916]
1.4991413588965852  ::  1.642017  ::  [-3.975389003753662, -0.017081202939152718, 0.055467039346694946]
1.4991413588965852  ::  1.657478  ::  [-3.96596360206604, -0.017327439039945602, 0.05546657741069794]
1.4999860611978455  ::  1.673407  ::  [-3.9596805572509766, -0.01749061793088913, 0.055464908480644226]
1.5007858336609716  ::  1.68942  ::  [-3.950251340866089, -0.01773805357515812, 0.05546806380152702]
1.5016718372623692  ::  1.705379  ::  [-3.9408273696899414, -0.017984982579946518, 0.05546646565198898]
1.501117631444246  ::  1.721337  ::  [-3.9314029216766357, -0.018231278285384178, 0.05546542629599571]
1.5009222240009603  ::  1.737294  ::  [-3.925116539001465, -0.018394021317362785, 0.055468544363975525]
1.500357346012259  ::  1.75325  ::  [-3.921969175338745, -0.01847813092172146, 0.05546966567635536]
1.5000801897423446  ::  1.769208  ::  [-3.915689468383789, -0.018639856949448586, 0.05546668916940689]
1.5000801897423446  ::  1.785165  ::  [-3.912541389465332, -0.018724894151091576, 0.055468615144491196]
1.4991728417997907  ::  1.800705  ::  [-3.906259536743164, -0.01888813078403473, 0.0554678849875927]
1.4983317680365271  ::  1.816165  ::  [-3.8999722003936768, -0.01905073970556259, 0.05546963959932327]
1.4979946341679635  ::  1.831576  ::  [-3.8968305587768555, -0.019134778529405594, 0.05546826124191284]
1.4959925349675036  ::  1.847057  ::  [-3.8811211585998535, -0.01954388990998268, 0.05546737462282181]
1.4954334199509145  ::  1.863044  ::  [-3.871687889099121, -0.01979241892695427, 0.05546683445572853]
1.4954334199509145  ::  1.879029  ::  [-3.871687889099121, -0.01979241892695427, 0.05546683445572853]
1.4957042796401878  ::  1.894987  ::  [-3.8622710704803467, -0.020038653165102005, 0.05546719580888748]
1.4957042796401878  ::  1.910944  ::  [-3.855987071990967, -0.020201969891786575, 0.05546467378735542]
1.496551009653858  ::  1.926901  ::  [-3.8465545177459717, -0.020449956879019737, 0.05546451732516289]
1.4992729467598138  ::  1.943016  ::  [-3.8371357917785645, -0.020696168765425682, 0.055463116616010666]
1.4992729467598138  ::  1.957978  ::  [-3.8277082443237305, -0.020945347845554352, 0.05546605587005615]
1.5001617251255617  ::  1.97294  ::  [-3.8214263916015625, -0.021107792854309082, 0.055464789271354675]
1.5005469904834328  ::  1.988893  ::  [-3.8120014667510986, -0.02135716751217842, 0.055463097989559174]
1.500856376708493  ::  2.004823  ::  [-3.8057122230529785, -0.021520912647247314, 0.05546683818101883]
1.5009778260096724  ::  2.020838  ::  [-3.7962899208068848, -0.021763484925031662, 0.05546678602695465]
1.4996470063385778  ::  2.036795  ::  [-3.7899985313415527, -0.02192925475537777, 0.05546633526682854]
1.4996470063385778  ::  2.052413  ::  [-3.780569553375244, -0.02217409387230873, 0.05546591430902481]
1.4976371164535958  ::  2.06841  ::  [-3.7742838859558105, -0.022337784990668297, 0.05547062307596207]
1.4976371164535958  ::  2.08434  ::  [-3.768000841140747, -0.02250298485159874, 0.055469583719968796]
1.4960081163365477  ::  2.100329  ::  [-3.7617127895355225, -0.022666804492473602, 0.05546971410512924]
1.4960081163365477  ::  2.116242  ::  [-3.755434274673462, -0.022832905873656273, 0.05546696111559868]
1.495521145193067  ::  2.131908  ::  [-3.752293825149536, -0.022913606837391853, 0.05546616017818451]
1.4951623468182298  ::  2.147161  ::  [-3.746004343032837, -0.023080794140696526, 0.05546623468399048]
1.4951064246444001  ::  2.162656  ::  [-3.739711046218872, -0.023241881281137466, 0.05546555295586586]
1.4948095248589162  ::  2.178612  ::  [-3.7334394454956055, -0.023407168686389923, 0.055464185774326324]
1.4951199783010345  ::  2.194578  ::  [-3.7271506786346436, -0.02357427589595318, 0.05546419322490692]
1.4960195355590662  ::  2.210532  ::  [-3.717724323272705, -0.023820245638489723, 0.05546300858259201]
1.4963559223756895  ::  2.226516  ::  [-3.7145841121673584, -0.02390231192111969, 0.05546484887599945]
1.4974341317691995  ::  2.242452  ::  [-3.708296298980713, -0.024067629128694534, 0.05546509474515915]
1.4988635622964361  ::  2.258401  ::  [-3.698875904083252, -0.024310683831572533, 0.05546362325549126]
1.4997557557567691  ::  2.274357  ::  [-3.6925907135009766, -0.024477433413267136, 0.05546451732516289]
1.5005229780996319  ::  2.290347  ::  [-3.6894421577453613, -0.024559414014220238, 0.055466603487730026]
1.5015519887867765  ::  2.305813  ::  [-3.683164119720459, -0.024724755436182022, 0.05546632036566734]
1.5017922193464908  ::  2.321798  ::  [-3.6768784523010254, -0.024885831400752068, 0.05546693131327629]
1.501982504147899  ::  2.33715  ::  [-3.667445182800293, -0.025135090574622154, 0.05546742305159569]
1.501547933361957  ::  2.353075  ::  [-3.658021926879883, -0.025380447506904602, 0.0554681159555912]
1.500704084834343  ::  2.369033  ::  [-3.651721477508545, -0.02554621733725071, 0.05546848103404045]
1.4983400923295782  ::  2.385018  ::  [-3.6454522609710693, -0.025708142668008804, 0.05546741187572479]
1.4983400923295782  ::  2.400947  ::  [-3.6360249519348145, -0.025953959673643112, 0.05546773225069046]
1.4961668115130446  ::  2.416904  ::  [-3.6297402381896973, -0.026119831949472427, 0.05546783655881882]
1.4953363031986535  ::  2.432864  ::  [-3.6140296459198, -0.02652874030172825, 0.05546664819121361]
1.4952288344409315  ::  2.447822  ::  [-3.6108884811401367, -0.026615168899297714, 0.0554661862552166]
1.4951464452840681  ::  2.463779  ::  [-3.6108884811401367, -0.026615168899297714, 0.0554661862552166]
1.495295428785339  ::  2.479738  ::  [-3.6045894622802734, -0.026780089363455772, 0.055463723838329315]
1.4959101458106403  ::  2.495694  ::  [-3.598318576812744, -0.026942770928144455, 0.05546688288450241]
1.4962416234287974  ::  2.512648  ::  [-3.595175266265869, -0.027025461196899414, 0.055467355996370316]
1.4962416234287974  ::  2.526611  ::  [-3.595175266265869, -0.027025461196899414, 0.055467355996370316]
1.4962416234287974  ::  2.542569  ::  [-3.595175266265869, -0.027025461196899414, 0.055467355996370316]
1.4962416234287974  ::  2.558526  ::  [-3.595175266265869, -0.027025461196899414, 0.055467355996370316]
1.4963918875905378  ::  2.574483  ::  [-3.592036724090576, -0.02710859850049019, 0.055465154349803925]
1.4963918875905378  ::  2.590442  ::  [-3.592036724090576, -0.02710859850049019, 0.055465154349803925]
1.4963918875905378  ::  2.606397  ::  [-3.592036724090576, -0.02710859850049019, 0.055465154349803925]
1.4963918875905378  ::  2.622356  ::  [-3.592036724090576, -0.02710859850049019, 0.055465154349803925]
1.4988550245599737  ::  2.638312  ::  [-3.588888645172119, -0.02719096839427948, 0.055466294288635254]
1.4988550245599737  ::  2.654305  ::  [-3.579465389251709, -0.027439609169960022, 0.05546563118696213]
1.499380735682653  ::  2.670258  ::  [-3.57631778717041, -0.02751876786351204, 0.055465422570705414]
1.5013783525714701  ::  2.686244  ::  [-3.570044994354248, -0.0276842899620533, 0.055462419986724854]
1.5030009493861713  ::  2.702173  ::  [-3.5543277263641357, -0.02809659019112587, 0.055467911064624786]
1.5030009493861713  ::  2.718164  ::  [-3.5543277263641357, -0.02809659019112587, 0.055467911064624786]
1.5035047825591656  ::  2.734088  ::  [-3.5511903762817383, -0.028176764026284218, 0.055463626980781555]
1.5035047825591656  ::  2.750081  ::  [-3.544901132583618, -0.028343331068754196, 0.05546874925494194]
1.5035456569724799  ::  2.766061  ::  [-3.535478353500366, -0.028587287291884422, 0.055468134582042694]
1.5026482341485636  ::  2.782145  ::  [-3.5260493755340576, -0.028835928067564964, 0.055468980222940445]
1.5014420654298217  ::  2.798103  ::  [-3.5166258811950684, -0.02908257767558098, 0.05546789616346359]
1.4985964378668652  ::  2.814031  ::  [-3.507195472717285, -0.029326532036066055, 0.05546822398900986]
1.4985964378668652  ::  2.829988  ::  [-3.4977715015411377, -0.029574256390333176, 0.055465202778577805]
1.49697875025063  ::  2.845974  ::  [-3.4914727210998535, -0.02974226512014866, 0.055465929210186005]
1.49697875025063  ::  2.861903  ::  [-3.4820432662963867, -0.029988747090101242, 0.055465664714574814]
1.4965555986872066  ::  2.876926  ::  [-3.472630500793457, -0.030234744772315025, 0.05546536669135094]
1.496692095748901  ::  2.892861  ::  [-3.4632019996643066, -0.030479738488793373, 0.05546687915921211]
1.4977258021911002  ::  2.9084  ::  [-3.4537765979766846, -0.030727887526154518, 0.055466413497924805]
1.5004854120591968  ::  2.923638  ::  [-3.444352149963379, -0.03097609616816044, 0.055464066565036774]
1.5004854120591968  ::  2.939595  ::  [-3.434931755065918, -0.031223226338624954, 0.05546385794878006]
1.5016261603722947  ::  2.955553  ::  [-3.4286437034606934, -0.031387440860271454, 0.05546533316373825]
1.5032517453947578  ::  2.971161  ::  [-3.4192166328430176, -0.031633686274290085, 0.055466607213020325]
1.5032517453947578  ::  2.987114  ::  [-3.4129388332366943, -0.03180055692791939, 0.05546548217535019]
1.5028178149390503  ::  3.003098  ::  [-3.4035017490386963, -0.0320439413189888, 0.055465761572122574]
1.5019708714819688  ::  3.019008  ::  [-3.3972208499908447, -0.032206229865550995, 0.05546756461262703]
1.5019708714819688  ::  3.034965  ::  [-3.387789249420166, -0.03245682269334793, 0.05546689033508301]
1.4991242834236602  ::  3.050923  ::  [-3.3783652782440186, -0.0327005460858345, 0.05546937137842178]
1.497611609965914  ::  3.067382  ::  [-3.368936061859131, -0.03294691815972328, 0.0554688423871994]
1.497611609965914  ::  3.083317  ::  [-3.3595142364501953, -0.033194832503795624, 0.055466920137405396]
1.4969189860953924  ::  3.099266  ::  [-3.353231430053711, -0.03336078301072121, 0.05546741932630539]
1.4965215544630623  ::  3.115227  ::  [-3.343804121017456, -0.033608805388212204, 0.055462975054979324]
1.4965059730940182  ::  3.131157  ::  [-3.3375208377838135, -0.03377117961645126, 0.05546412616968155]
1.4967451364366744  ::  3.146156  ::  [-3.331235647201538, -0.03393638879060745, 0.05546286329627037]
1.4967451364366744  ::  3.162103  ::  [-3.328094244003296, -0.034018613398075104, 0.05546502023935318]
1.4986524667624004  ::  3.177621  ::  [-3.3218016624450684, -0.034183695912361145, 0.05546252056956291]
1.4995393241374442  ::  3.193556  ::  [-3.312386989593506, -0.03442954272031784, 0.055463679134845734]
1.4995393241374442  ::  3.209571  ::  [-3.306102991104126, -0.034596916288137436, 0.055461201816797256]
1.5016868850228844  ::  3.225528  ::  [-3.299808979034424, -0.03476063162088394, 0.055461715906858444]
1.5016868850228844  ::  3.241486  ::  [-3.2903919219970703, -0.035006083548069, 0.05546441674232483]
1.5020334104015567  ::  3.257421  ::  [-3.2872469425201416, -0.035089291632175446, 0.055465564131736755]
1.5022180389525586  ::  3.272381  ::  [-3.2778234481811523, -0.035335272550582886, 0.055465973913669586]
1.5022180389525586  ::  3.28834  ::  [-3.2683916091918945, -0.0355815626680851, 0.05546540021896362]
1.5013200825201136  ::  3.303439  ::  [-3.258960247039795, -0.035824961960315704, 0.0554654598236084]
1.5005164680755791  ::  3.319398  ::  [-3.252681016921997, -0.035991791635751724, 0.05546505004167557]
1.5000602327833634  ::  3.334331  ::  [-3.2495391368865967, -0.03607306629419327, 0.05546673387289047]
1.4981016760388624  ::  3.349961  ::  [-3.2401123046875, -0.0363188311457634, 0.05546658858656883]
1.4981016760388624  ::  3.365491  ::  [-3.2338247299194336, -0.036484088748693466, 0.055468566715717316]
1.496926990223326  ::  3.380955  ::  [-3.2243967056274414, -0.03673094883561134, 0.05546589195728302]
1.4967866511802232  ::  3.396936  ::  [-3.2149622440338135, -0.03697959706187248, 0.05546703189611435]
1.4973608139573276  ::  3.412876  ::  [-3.2055470943450928, -0.03722522780299187, 0.055463533848524094]
1.4992310051294417  ::  3.428834  ::  [-3.1961212158203125, -0.0374712273478508, 0.05546439439058304]
1.4992310051294417  ::  3.443796  ::  [-3.186697006225586, -0.03771878033876419, 0.055465344339609146]
1.5002159397520987  ::  3.459751  ::  [-3.180412530899048, -0.03788192942738533, 0.05546277016401291]
1.5008738790682412  ::  3.475711  ::  [-3.177267551422119, -0.03797021880745888, 0.055461592972278595]
1.5019194316197821  ::  3.491468  ::  [-3.1709892749786377, -0.03813331946730614, 0.05546147748827934]
1.5037789506213182  ::  3.507428  ::  [-3.167846202850342, -0.03821364417672157, 0.05546451732516289]
1.5039816151405971  ::  3.523191  ::  [-3.158416748046875, -0.03846108168363571, 0.055464573204517365]
1.504274139336144  ::  3.539135  ::  [-3.1552767753601074, -0.03854253515601158, 0.05546441674232483]
1.504274139336144  ::  3.554979  ::  [-3.148991346359253, -0.0387100949883461, 0.0554654560983181]
1.5044430797963961  ::  3.57048  ::  [-3.1395668983459473, -0.038957200944423676, 0.05546502396464348]
1.5026585861540245  ::  3.586437  ::  [-3.1301398277282715, -0.03920244053006172, 0.05546608567237854]
1.5026585861540245  ::  3.602395  ::  [-3.120708703994751, -0.039446622133255005, 0.05546746030449867]
1.501416452220434  ::  3.618347  ::  [-3.114424705505371, -0.039613403379917145, 0.05546603724360466]
1.4982277143733902  ::  3.63429  ::  [-3.104997158050537, -0.03985912352800369, 0.055469390004873276]
1.4977349802577973  ::  3.650245  ::  [-3.0955734252929688, -0.04010685533285141, 0.05546731501817703]
1.4972295462592164  ::  3.666202  ::  [-3.089280843734741, -0.04027099162340164, 0.05546078085899353]
1.4972295462592164  ::  3.681637  ::  [-3.0829997062683105, -0.040436577051877975, 0.05546744167804718]
1.4971860038032576  ::  3.697357  ::  [-3.076714277267456, -0.040602367371320724, 0.05546329542994499]
1.497198063356011  ::  3.712796  ::  [-3.070439338684082, -0.04076392576098442, 0.05546364188194275]
1.498332301645056  ::  3.728753  ::  [-3.061012029647827, -0.041011251509189606, 0.05546382814645767]
1.4997447634210737  ::  3.74471  ::  [-3.0515756607055664, -0.041260428726673126, 0.055462393909692764]
1.5023295631351004  ::  3.76067  ::  [-3.045302629470825, -0.04142531380057335, 0.05546531453728676]
1.5023295631351004  ::  3.776627  ::  [-3.0358710289001465, -0.0416719987988472, 0.055466968566179276]
1.5034774618024855  ::  3.792585  ::  [-3.029587745666504, -0.041837215423583984, 0.05546350032091141]
1.5041437254116792  ::  3.808542  ::  [-3.0264506340026855, -0.04191584140062332, 0.05546293035149574]
1.5048103091859901  ::  3.824497  ::  [-3.0170207023620605, -0.04216504842042923, 0.05546536296606064]
1.5050923746543705  ::  3.840455  ::  [-3.0107271671295166, -0.04232984781265259, 0.05546240136027336]
1.5033956062541511  ::  3.856414  ::  [-3.0012972354888916, -0.04257739335298538, 0.05546591430902481]
1.5033956062541511  ::  3.872369  ::  [-2.991878032684326, -0.04282268509268761, 0.05546905845403671]
1.5018684186444187  ::  3.888326  ::  [-2.988727569580078, -0.04290462285280228, 0.05546605587005615]
1.5007181720995062  ::  3.904288  ::  [-2.9824535846710205, -0.043068356812000275, 0.055466726422309875]
1.5007181720995062  ::  3.920242  ::  [-2.9761621952056885, -0.043234582990407944, 0.055464956909418106]
1.5000464656833177  ::  3.936198  ::  [-2.9698829650878906, -0.043398238718509674, 0.05546754226088524]
1.498428564623671  ::  3.952247  ::  [-2.9667341709136963, -0.04348350316286087, 0.05546782165765762]
1.4978364725999955  ::  3.968179  ::  [-2.947878122329712, -0.04397590085864067, 0.05546392872929573]
1.4978364725999955  ::  3.983437  ::  [-2.947878122329712, -0.04397590085864067, 0.05546392872929573]
1.4977331659887991  ::  3.999394  ::  [-2.941603660583496, -0.04413972049951553, 0.05546683073043823]
1.4983357167396412  ::  4.015352  ::  [-2.9353179931640625, -0.044307589530944824, 0.055464066565036774]
1.499733237476849  ::  4.030932  ::  [-2.925894021987915, -0.044552434235811234, 0.05546463653445244]
1.5028991368788558  ::  4.04624  ::  [-2.9164626598358154, -0.044801224023103714, 0.05546538531780243]
1.5038025361182958  ::  4.061371  ::  [-2.9070358276367188, -0.045048169791698456, 0.05546062812209129]
1.5042808628036082  ::  4.077328  ::  [-2.9007644653320312, -0.04521292820572853, 0.05546412989497185]
1.5042808628036082  ::  4.093311  ::  [-2.8913381099700928, -0.045459821820259094, 0.055463243275880814]
1.504797075694473  ::  4.10878  ::  [-2.885050058364868, -0.04562551528215408, 0.05546598881483078]
1.504940189501926  ::  4.124768  ::  [-2.875624656677246, -0.045872580260038376, 0.05546610802412033]
1.5042994323804142  ::  4.140722  ::  [-2.86934232711792, -0.04603774845600128, 0.05546657741069794]
1.501397562478511  ::  4.156292  ::  [-2.859910726547241, -0.046283822506666183, 0.055468834936618805]
1.501397562478511  ::  4.172249  ::  [-2.8504834175109863, -0.04652853310108185, 0.055467717349529266]
1.500371006390599  ::  4.188206  ::  [-2.8441970348358154, -0.04669245332479477, 0.05546771362423897]
1.4977344466492684  ::  4.203801  ::  [-2.8347675800323486, -0.04694134742021561, 0.055469661951065063]
1.4974228192683865  ::  4.219073  ::  [-2.8190581798553467, -0.04735257104039192, 0.055467408150434494]
1.4973028640710881  ::  4.234952  ::  [-2.8190581798553467, -0.04735257104039192, 0.055467408150434494]
1.4973028640710881  ::  4.25093  ::  [-2.8096368312835693, -0.04759939759969711, 0.055461585521698]
1.497958348787998  ::  4.266887  ::  [-2.803349256515503, -0.04776207357645035, 0.0554644912481308]
1.4982561023471281  ::  4.282843  ::  [-2.797070026397705, -0.04792920500040054, 0.055462419986724854]
1.501382834883113  ::  4.298857  ::  [-2.7876439094543457, -0.04817808419466019, 0.05546196550130844]
1.501382834883113  ::  4.314462  ::  [-2.778219223022461, -0.04842447489500046, 0.055462099611759186]
1.5032161003450268  ::  4.33036  ::  [-2.771934747695923, -0.04858986288309097, 0.05546470731496811]
1.503526126900322  ::  4.346317  ::  [-2.76249361038208, -0.0488339439034462, 0.05546516925096512]
1.5036778851659431  ::  4.362273  ::  [-2.7593655586242676, -0.048918623477220535, 0.05546227842569351]
1.5036778851659431  ::  4.377346  ::  [-2.7530813217163086, -0.04908263310790062, 0.055462729185819626]
1.5039150207961896  ::  4.393306  ::  [-2.749924421310425, -0.04916519299149513, 0.05546536296606064]
1.5036387182999214  ::  4.409255  ::  [-2.7405014038085938, -0.049410250037908554, 0.05546579509973526]
1.5030449187289534  ::  4.425217  ::  [-2.7342214584350586, -0.049577224999666214, 0.05546862259507179]
1.5015813372558666  ::  4.441188  ::  [-2.731078624725342, -0.04965789243578911, 0.055469490587711334]
1.5011534899373886  ::  4.457129  ::  [-2.724794864654541, -0.049820106476545334, 0.05546801537275314]
1.5011534899373886  ::  4.47306  ::  [-2.7216575145721436, -0.049904998391866684, 0.05546673387289047]
1.498863135409613  ::  4.489075  ::  [-2.7122228145599365, -0.05015140026807785, 0.05546941980719566]
1.498863135409613  ::  4.504969  ::  [-2.7059407234191895, -0.05031520873308182, 0.05546759068965912]
1.4964642449070575  ::  4.520767  ::  [-2.696504831314087, -0.05056184530258179, 0.055465374141931534]
1.4934265182736943  ::  4.536269  ::  [-2.687087059020996, -0.05080854147672653, 0.0554654635488987]
1.4933970630828988  ::  4.552221  ::  [-2.6807963848114014, -0.05097439885139465, 0.05546366423368454]
1.4945738833325508  ::  4.56819  ::  [-2.6713812351226807, -0.05122143775224686, 0.055463965982198715]
1.4945738833325508  ::  4.583629  ::  [-2.665095329284668, -0.05138175189495087, 0.055463965982198715]
1.495509405805431  ::  4.599593  ::  [-2.658812999725342, -0.05154559016227722, 0.05546215921640396]
1.4983363570698758  ::  4.61552  ::  [-2.652527332305908, -0.051714055240154266, 0.05546313896775246]
1.4994415670549484  ::  4.631478  ::  [-2.6431057453155518, -0.05195995420217514, 0.05546298623085022]
1.500519563005047  ::  4.647435  ::  [-2.633660316467285, -0.05220548436045647, 0.0554640106856823]
1.5003517964835584  ::  4.663393  ::  [-2.6242482662200928, -0.052454184740781784, 0.05546626076102257]
1.5002270388095  ::  4.679396  ::  [-2.6179628372192383, -0.052617646753787994, 0.05546707659959793]
1.5002270388095  ::  4.695337  ::  [-2.611677408218384, -0.05278051644563675, 0.05546761676669121]
1.4995131773195278  ::  4.711296  ::  [-2.6053977012634277, -0.052946045994758606, 0.05546354874968529]
1.4970595385819065  ::  4.72822  ::  [-2.5865426063537598, -0.053434282541275024, 0.05546507239341736]
1.4970595385819065  ::  4.742328  ::  [-2.5865426063537598, -0.053434282541275024, 0.05546507239341736]
1.4960180414551854  ::  4.757849  ::  [-2.5802555084228516, -0.05359940975904465, 0.05546891316771507]
1.4954545508486592  ::  4.773784  ::  [-2.573967695236206, -0.053763311356306076, 0.05546879768371582]
1.4938477488464137  ::  4.789782  ::  [-2.567671537399292, -0.05392610281705856, 0.055465057492256165]
1.4938477488464137  ::  4.805726  ::  [-2.5582587718963623, -0.05417401343584061, 0.05546524375677109]
1.4940143414291387  ::  4.821694  ::  [-2.5519766807556152, -0.0543399415910244, 0.05546644330024719]
1.4940143414291387  ::  4.837641  ::  [-2.5456883907318115, -0.05450347438454628, 0.055464405566453934]
1.4950112288828432  ::  4.853599  ::  [-2.539405345916748, -0.05466746538877487, 0.05546418949961662]
1.4950112288828432  ::  4.869553  ::  [-2.5362648963928223, -0.054750777781009674, 0.05546246096491814]
1.4958207130211953  ::  4.884943  ::  [-2.529982328414917, -0.054914578795433044, 0.05546104162931442]
1.4972618829360682  ::  4.9009  ::  [-2.5205578804016113, -0.05516006425023079, 0.05546332150697708]
1.4984967597936654  ::  4.916884  ::  [-2.5111327171325684, -0.05540715530514717, 0.055461786687374115]
1.5005022740887104  ::  4.931844  ::  [-2.50170636177063, -0.05565459281206131, 0.05546225607395172]
1.5005022740887104  ::  4.947435  ::  [-2.492278575897217, -0.0559023842215538, 0.055463142693042755]
1.5004347192489507  ::  4.963394  ::  [-2.482848644256592, -0.05614891275763512, 0.05546719208359718]
1.5000944904509195  ::  4.979352  ::  [-2.4765660762786865, -0.05631117895245552, 0.05546582117676735]
1.5000944904509195  ::  4.995307  ::  [-2.4734244346618652, -0.056393157690763474, 0.05546875298023224]
1.4993601383934372  ::  5.010267  ::  [-2.47027850151062, -0.0564739927649498, 0.05546792596578598]
1.4988404036862815  ::  5.025228  ::  [-2.463996648788452, -0.05663682892918587, 0.05546694993972778]
1.497676069876206  ::  5.040186  ::  [-2.4576973915100098, -0.05680156499147415, 0.05546880513429642]
1.4963305226097134  ::  5.055812  ::  [-2.4514224529266357, -0.05696598440408707, 0.055465810000896454]
1.4942987547750461  ::  5.07175  ::  [-2.4451394081115723, -0.05712880939245224, 0.05546480417251587]
1.4942987547750461  ::  5.087741  ::  [-2.435710906982422, -0.05737709626555443, 0.055469051003456116]
1.4938079416501573  ::  5.103776  ::  [-2.426281452178955, -0.05762571468949318, 0.05546768754720688]
1.4936573573232996  ::  5.119763  ::  [-2.420001268386841, -0.05778876692056656, 0.05546736717224121]
1.494181681063804  ::  5.135739  ::  [-2.41055965423584, -0.05803374946117401, 0.05546526983380318]
1.4952866776054652  ::  5.151728  ::  [-2.4011518955230713, -0.05828239768743515, 0.05546315386891365]
1.4980510899503219  ::  5.167681  ::  [-2.3885796070098877, -0.05861112102866173, 0.05546744540333748]
1.4980510899503219  ::  5.183638  ::  [-2.3823046684265137, -0.058775197714567184, 0.055463556200265884]
1.499957459780696  ::  5.1996  ::  [-2.372875690460205, -0.05902300029993057, 0.05546468496322632]
1.500812087200594  ::  5.215288  ::  [-2.3665947914123535, -0.05918552726507187, 0.05546359717845917]
1.5012604250865818  ::  5.231214  ::  [-2.360301971435547, -0.05935077369213104, 0.05546766147017479]
1.5010379103300273  ::  5.246242  ::  [-2.350877523422241, -0.05959591642022133, 0.055464714765548706]
1.500375915589065  ::  5.262194  ::  [-2.3445839881896973, -0.059760190546512604, 0.05546488240361214]
1.500375915589065  ::  5.277126  ::  [-2.3383066654205322, -0.05992252752184868, 0.0554678738117218]
1.4988796772740092  ::  5.293111  ::  [-2.3288826942443848, -0.06016940996050835, 0.055467672646045685]
1.497742023890379  ::  5.308748  ::  [-2.3194479942321777, -0.06041824072599411, 0.05546850338578224]
1.4961699064425125  ::  5.324288  ::  [-2.3100123405456543, -0.06066456437110901, 0.055464938282966614]
1.4948305490349552  ::  5.340245  ::  [-2.3005993366241455, -0.06090889871120453, 0.055468447506427765]
1.4949870030556307  ::  5.35623  ::  [-2.2943170070648193, -0.06107548251748085, 0.055466387420892715]
1.495655294377234  ::  5.372214  ::  [-2.284888982772827, -0.061319783329963684, 0.05546588450670242]
1.495655294377234  ::  5.388171  ::  [-2.2754621505737305, -0.06156778708100319, 0.055463217198848724]
1.496775979009645  ::  5.403899  ::  [-2.266040325164795, -0.06181713566184044, 0.05546555668115616]
1.4979420203670133  ::  5.419856  ::  [-2.256612777709961, -0.062061794102191925, 0.05546165257692337]
1.5005978967370905  ::  5.435812  ::  [-2.2471885681152344, -0.062307797372341156, 0.05546485632658005]
1.5005978967370905  ::  5.450774  ::  [-2.237762689590454, -0.06255665421485901, 0.055464040488004684]
1.5010846544371597  ::  5.466731  ::  [-2.2346203327178955, -0.06263940781354904, 0.05546458810567856]
1.5015829380814532  ::  5.482816  ::  [-2.228334903717041, -0.06280253827571869, 0.05546389892697334]
1.501832987038099  ::  5.498772  ::  [-2.2189018726348877, -0.06304429471492767, 0.055464766919612885]
1.501832987038099  ::  5.514224  ::  [-2.212618589401245, -0.06321503221988678, 0.05546804144978523]
1.5008222257626431  ::  5.529662  ::  [-2.203197956085205, -0.06345858424901962, 0.055465660989284515]
1.4980365757983356  ::  5.544677  ::  [-2.1937618255615234, -0.0637056976556778, 0.05546816810965538]
1.4980365757983356  ::  5.560173  ::  [-2.184332847595215, -0.0639503076672554, 0.05546732619404793]
1.496952923597831  ::  5.576273  ::  [-2.178048610687256, -0.06411617249250412, 0.055469706654548645]
1.4957333079441604  ::  5.591607  ::  [-2.168628454208374, -0.06436193734407425, 0.05546753108501434]
1.4954996941302048  ::  5.60671  ::  [-2.1592020988464355, -0.06460963189601898, 0.05546465143561363]
1.4954996941302048  ::  5.622668  ::  [-2.149773597717285, -0.06485581398010254, 0.05546550452709198]
1.4959810090232792  ::  5.638602  ::  [-2.1434879302978516, -0.06501835584640503, 0.05546427518129349]
1.4972249572258678  ::  5.653565  ::  [-2.1340670585632324, -0.06526815891265869, 0.05546538904309273]
1.4996070924206155  ::  5.669323  ::  [-2.1246426105499268, -0.06551271677017212, 0.05546276643872261]
1.4996070924206155  ::  5.685048  ::  [-2.118360996246338, -0.06568025797605515, 0.05545902997255325]
1.5010154987718132  ::  5.701112  ::  [-2.1089346408843994, -0.0659247413277626, 0.05546213686466217]
1.5012355589291346  ::  5.716881  ::  [-2.099501609802246, -0.06617040187120438, 0.055464647710323334]
1.5012085583375718  ::  5.732308  ::  [-2.0900661945343018, -0.06641969084739685, 0.055465228855609894]
1.5009288407467187  ::  5.74829  ::  [-2.0806493759155273, -0.06666228175163269, 0.05546826869249344]
1.5000069786521786  ::  5.763521  ::  [-2.0743467807769775, -0.06682918220758438, 0.055469345301389694]
1.497200411233538  ::  5.779497  ::  [-2.0649378299713135, -0.06707600504159927, 0.05546808987855911]
1.4970156759608304  ::  5.795458  ::  [-2.055508613586426, -0.06732208281755447, 0.05546676367521286]
1.4970156759608304  ::  5.810649  ::  [-2.0523552894592285, -0.06740547716617584, 0.055467043071985245]
1.4953384376327692  ::  5.82663  ::  [-2.0460867881774902, -0.06756950914859772, 0.05546383559703827]
1.4953384376327692  ::  5.842589  ::  [-2.036644458770752, -0.06781558692455292, 0.05546377971768379]
1.4951515679259457  ::  5.858594  ::  [-2.0303688049316406, -0.06797906011343002, 0.05546820908784866]
1.494989244211452  ::  5.87451  ::  [-2.02409029006958, -0.06814342737197876, 0.05546469986438751]
1.4955858185467705  ::  5.889735  ::  [-2.0178048610687256, -0.06830960512161255, 0.055464006960392]
1.4970918752587583  ::  5.905692  ::  [-2.0052342414855957, -0.06863658130168915, 0.055465858429670334]
1.497959736170173  ::  5.921601  ::  [-1.9989458322525024, -0.06880120187997818, 0.0554632805287838]
1.5010418590331414  ::  5.937558  ::  [-1.9895321130752563, -0.06905170530080795, 0.055460456758737564]
1.5010418590331414  ::  5.952994  ::  [-1.980101227760315, -0.06929627060890198, 0.05546325072646141]
1.5023644611328908  ::  5.968949  ::  [-1.9706801176071167, -0.06954263150691986, 0.05546438321471214]
1.5029062872331431  ::  5.984093  ::  [-1.9612464904785156, -0.06978946924209595, 0.055467743426561356]
1.5027952966591305  ::  6.000009  ::  [-1.9549612998962402, -0.06995390355587006, 0.05546850711107254]
1.5027779010210882  ::  6.015994  ::  [-1.9518216848373413, -0.07003585249185562, 0.05546501651406288]
1.5018280778396331  ::  6.03167  ::  [-1.9423911571502686, -0.07028161734342575, 0.05546855181455612]
1.5001992911659967  ::  6.047597  ::  [-1.9298211336135864, -0.07061231881380081, 0.055469393730163574]
1.4992748677505179  ::  6.062927  ::  [-1.920395851135254, -0.07085730880498886, 0.05546649917960167]
1.4970626335113741  ::  6.077887  ::  [-1.9141110181808472, -0.07102169096469879, 0.055467404425144196]
1.4970626335113741  ::  6.093869  ::  [-1.9046810865402222, -0.07127015292644501, 0.05546426773071289]
1.4968426800757586  ::  6.109848  ::  [-1.895251750946045, -0.07151614129543304, 0.05546509101986885]
1.4972457679584952  ::  6.125787  ::  [-1.885818600654602, -0.07176479697227478, 0.055464860051870346]
1.4981894012810146  ::  6.141758  ::  [-1.8795496225357056, -0.0719284787774086, 0.05546513944864273]
1.5002985423523736  ::  6.157674  ::  [-1.8669874668121338, -0.07225911319255829, 0.05546440929174423]
1.5021712948454264  ::  6.173659  ::  [-1.8575555086135864, -0.07250446081161499, 0.05546464025974274]
1.5021712948454264  ::  6.189597  ::  [-1.851256012916565, -0.07267073541879654, 0.05546564608812332]
1.5034168438736017  ::  6.205605  ::  [-1.8418478965759277, -0.07291709631681442, 0.055463530123233795]
1.5037651835212724  ::  6.22154  ::  [-1.83870267868042, -0.07299838215112686, 0.05546480789780617]
1.5043744577395786  ::  6.237497  ::  [-1.8292651176452637, -0.0732465386390686, 0.05546679347753525]
1.5043422277844327  ::  6.252879  ::  [-1.8198527097702026, -0.07349363714456558, 0.05546646565198898]
1.503762408756922  ::  6.268835  ::  [-1.813569188117981, -0.07365714758634567, 0.055464331060647964]
1.5023924222198055  ::  6.284175  ::  [-1.8041372299194336, -0.0739019438624382, 0.055467743426561356]
1.5005964026332095  ::  6.300188  ::  [-1.7947113513946533, -0.07415008544921875, 0.05546560510993004]
1.4996406030362308  ::  6.316145  ::  [-1.7884278297424316, -0.07431582361459732, 0.05546780675649643]
1.4979433010274827  ::  6.33194  ::  [-1.7789987325668335, -0.07456240803003311, 0.05546953156590462]
1.4979433010274827  ::  6.347361  ::  [-1.7695730924606323, -0.0748104378581047, 0.05546673387289047]
1.498220030410574  ::  6.363294  ::  [-1.7601451873779297, -0.07505686581134796, 0.05546454340219498]
1.498220030410574  ::  6.378314  ::  [-1.7507202625274658, -0.07530195266008377, 0.055466361343860626]
1.4993727315547194  ::  6.394269  ::  [-1.741301417350769, -0.07555186748504639, 0.05546269938349724]
1.500901413268333  ::  6.409735  ::  [-1.7318767309188843, -0.07579906284809113, 0.05546318739652634]
1.503637010752629  ::  6.425693  ::  [-1.725589632987976, -0.07596377283334732, 0.0554642491042614]
1.503637010752629  ::  6.440656  ::  [-1.7161551713943481, -0.07621137797832489, 0.05546147748827934]
1.504460155269321  ::  6.456613  ::  [-1.7098815441131592, -0.0763753354549408, 0.055464453995227814]
1.5048194872526872  ::  6.47157  ::  [-1.7067240476608276, -0.07646001130342484, 0.055462535470724106]
1.5048363492822008  ::  6.487227  ::  [-1.6973130702972412, -0.07670382410287857, 0.05546404421329498]
1.5048363492822008  ::  6.503185  ::  [-1.6941680908203125, -0.0767885372042656, 0.05546591803431511]
1.5049108410328362  ::  6.519142  ::  [-1.6910208463668823, -0.07686866074800491, 0.0554671585559845]
1.5044936658849364  ::  6.534808  ::  [-1.6847407817840576, -0.07703320682048798, 0.055467188358306885]
1.5037242023862523  ::  6.550911  ::  [-1.678450107574463, -0.07719914615154266, 0.05546731874346733]
1.5023573107786035  ::  6.566893  ::  [-1.6690212488174438, -0.07744480669498444, 0.05547107011079788]
1.5013185884162326  ::  6.58211  ::  [-1.6627418994903564, -0.07760840654373169, 0.055467139929533005]
1.4998354768709878  ::  6.59809  ::  [-1.6533095836639404, -0.07785724848508835, 0.05546940118074417]
1.4990153205620573  ::  6.614155  ::  [-1.6438844203948975, -0.07810211181640625, 0.055465757846832275]
1.4986437155825263  ::  6.630023  ::  [-1.634450912475586, -0.07835034281015396, 0.05546743422746658]
1.4997915075282058  ::  6.646007  ::  [-1.625025749206543, -0.07860007137060165, 0.05546258017420769]
1.4997915075282058  ::  6.661962  ::  [-1.6156096458435059, -0.07884607464075089, 0.055463142693042755]
1.5003556384649666  ::  6.676897  ::  [-1.6093225479125977, -0.0790122002363205, 0.05546291917562485]
1.5018732211211787  ::  6.692979  ::  [-1.5998984575271606, -0.07925780117511749, 0.05546436458826065]
1.5041928173963386  ::  6.708464  ::  [-1.5904709100723267, -0.07950606197118759, 0.05546363443136215]
1.5041928173963386  ::  6.724422  ::  [-1.581040859222412, -0.07975275814533234, 0.05546168237924576]
1.5047811741603117  ::  6.740354  ::  [-1.574762225151062, -0.07991725206375122, 0.055466197431087494]
1.5049571582531454  ::  6.756299  ::  [-1.5716185569763184, -0.07999932765960693, 0.05546630546450615]
1.505172202490295  ::  6.77223  ::  [-1.5653314590454102, -0.08016373217105865, 0.05546870827674866]
1.504997819223048  ::  6.788215  ::  [-1.5621893405914307, -0.0802462249994278, 0.055469632148742676]
1.5046687962041239  ::  6.80417  ::  [-1.555907964706421, -0.08041299879550934, 0.05546672269701958]
1.5033788509463435  ::  6.820102  ::  [-1.546476125717163, -0.08065904676914215, 0.05546923726797104]
1.5033788509463435  ::  6.8361  ::  [-1.5433366298675537, -0.08074107021093369, 0.05546829476952553]
1.5014691727430902  ::  6.851343  ::  [-1.533897042274475, -0.08098661154508591, 0.055469073355197906]
1.5004928825786015  ::  6.867198  ::  [-1.5276185274124146, -0.08115226030349731, 0.05547094717621803]
1.4992022969905865  ::  6.883184  ::  [-1.5181912183761597, -0.08139999210834503, 0.05547011271119118]
1.49806378983331  ::  6.899142  ::  [-1.5087614059448242, -0.08164428174495697, 0.05546580255031586]
1.49806378983331  ::  6.914583  ::  [-1.4993304014205933, -0.08189301192760468, 0.055463191121816635]
1.4995626961910105  ::  6.930057  ::  [-1.4899225234985352, -0.08214035630226135, 0.05546504259109497]
1.4995626961910105  ::  6.945682  ::  [-1.4804952144622803, -0.08238795399665833, 0.05546455830335617]
1.500369619008424  ::  6.961338  ::  [-1.4742088317871094, -0.08255454152822495, 0.05546455830335617]
1.5033015844313578  ::  6.977297  ::  [-1.4585005044937134, -0.08296745270490646, 0.055465441197156906]
1.5033015844313578  ::  6.993252  ::  [-1.4585005044937134, -0.08296745270490646, 0.055465441197156906]
1.5048930185079707  ::  7.009212  ::  [-1.449074149131775, -0.08321253955364227, 0.055464889854192734]
1.5048930185079707  ::  7.025168  ::  [-1.4427905082702637, -0.08337951451539993, 0.055462900549173355]
1.505114572769173  ::  7.041125  ::  [-1.43964684009552, -0.08346059918403625, 0.055463649332523346]
1.505067721940335  ::  7.05695  ::  [-1.4333586692810059, -0.08362403512001038, 0.055468443781137466]
1.5048590810055322  ::  7.072936  ::  [-1.4270763397216797, -0.08378805965185165, 0.0554688386619091]
1.5038487466168993  ::  7.08864  ::  [-1.4176400899887085, -0.0840359553694725, 0.05547156557440758]
1.5010872157580983  ::  7.104683  ::  [-1.41136634349823, -0.08419918268918991, 0.05546589940786362]
1.4996238477284232  ::  7.120644  ::  [-1.4019235372543335, -0.08444680273532867, 0.055470939725637436]
1.4996238477284232  ::  7.136604  ::  [-1.392507553100586, -0.0846957266330719, 0.055466536432504654]
1.4988073199574894  ::  7.152566  ::  [-1.3862268924713135, -0.08485880494117737, 0.05546741560101509]
1.498515436092177  ::  7.16852  ::  [-1.3830820322036743, -0.08494142442941666, 0.055466193705797195]
1.4977025368592398  ::  7.184476  ::  [-1.3767967224121094, -0.08510518074035645, 0.055466052144765854]
1.4977025368592398  ::  7.20041  ::  [-1.3705036640167236, -0.08526906371116638, 0.05546564236283302]
1.497845437223281  ::  7.216392  ::  [-1.3642237186431885, -0.08543611317873001, 0.05546778067946434]
1.4987211955409236  ::  7.233364  ::  [-1.3516578674316406, -0.0857648104429245, 0.055465586483478546]
1.4987211955409236  ::  7.248458  ::  [-1.3516578674316406, -0.0857648104429245, 0.055465586483478546]
1.4990863972181079  ::  7.264087  ::  [-1.348520278930664, -0.08584816008806229, 0.05546598508954048]
1.5015831515248648  ::  7.280045  ::  [-1.3328120708465576, -0.0862606093287468, 0.05546266958117485]
1.5031853644937616  ::  7.295367  ::  [-1.3328120708465576, -0.0862606093287468, 0.05546266958117485]
1.5031853644937616  ::  7.311334  ::  [-1.3233850002288818, -0.08650892227888107, 0.0554640032351017]
1.5041404170388  ::  7.327295  ::  [-1.3139569759368896, -0.08675216138362885, 0.05546627566218376]
1.5043365715340262  ::  7.343249  ::  [-1.3108160495758057, -0.08683688938617706, 0.05546733736991882]
1.5043365715340262  ::  7.359208  ::  [-1.3045265674591064, -0.08699808269739151, 0.055466245859861374]
1.5040770243455657  ::  7.374161  ::  [-1.298246145248413, -0.08716478943824768, 0.055468492209911346]
1.5039300685567047  ::  7.390096  ::  [-1.2919564247131348, -0.08732811361551285, 0.05546860024333]
1.5033620956385358  ::  7.406081  ::  [-1.2856742143630981, -0.08749459683895111, 0.05546649172902107]
1.5021150525064795  ::  7.422057  ::  [-1.276240587234497, -0.08774082362651825, 0.055471040308475494]
1.499326094169293  ::  7.437992  ::  [-1.2668168544769287, -0.08798708021640778, 0.055469147861003876]
1.499326094169293  ::  7.453947  ::  [-1.2605293989181519, -0.08815141022205353, 0.05546950921416283]
1.4972944330563316  ::  7.46912  ::  [-1.2511048316955566, -0.08840011805295944, 0.05546635761857033]
1.4972944330563316  ::  7.485232  ::  [-1.2416783571243286, -0.08864544332027435, 0.055466435849666595]
1.497510437788833  ::  7.501189  ::  [-1.2353951930999756, -0.08881223201751709, 0.05546441674232483]
1.497463693681701  ::  7.517147  ::  [-1.2291126251220703, -0.08897542953491211, 0.05546339601278305]
1.4985895009559893  ::  7.533104  ::  [-1.2228271961212158, -0.08914007991552353, 0.05546468868851662]
1.4985895009559893  ::  7.549156  ::  [-1.2165334224700928, -0.08930419385433197, 0.05546160787343979]
1.5013129321658263  ::  7.564596  ::  [-1.200839877128601, -0.08971964567899704, 0.055462565273046494]
1.5013129321658263  ::  7.580553  ::  [-1.200839877128601, -0.08971964567899704, 0.055462565273046494]
1.5033777837292857  ::  7.596033  ::  [-1.1914100646972656, -0.08996719866991043, 0.05546512454748154]
1.5040653916796356  ::  7.612066  ::  [-1.185119390487671, -0.09012775123119354, 0.05546506866812706]
1.5040653916796356  ::  7.628018  ::  [-1.1788398027420044, -0.09029240161180496, 0.055465541779994965]
1.5040658185664586  ::  7.643185  ::  [-1.1694103479385376, -0.09054135531187057, 0.05546882003545761]
1.5038944235069736  ::  7.659142  ::  [-1.1631238460540771, -0.09070418030023575, 0.05546548217535019]
1.50200246110688  ::  7.6751  ::  [-1.1568360328674316, -0.09086824208498001, 0.05547042191028595]
1.50200246110688  ::  7.691057  ::  [-1.1474088430404663, -0.09111634641885757, 0.0554712750017643]
1.5011053584480814  ::  7.707016  ::  [-1.1411242485046387, -0.09127982705831528, 0.05547061562538147]
1.4983192815969508  ::  7.721988  ::  [-1.1316933631896973, -0.09152714163064957, 0.05547173321247101]
1.4983192815969508  ::  7.738032  ::  [-1.1222686767578125, -0.09177517890930176, 0.05546961724758148]
1.49772099971434  ::  7.754017  ::  [-1.1159809827804565, -0.09193781018257141, 0.0554695762693882]
1.4973746877790792  ::  7.76997  ::  [-1.1097038984298706, -0.09210395812988281, 0.05546519160270691]
1.4971722367032116  ::  7.785931  ::  [-1.100275993347168, -0.09235193580389023, 0.05546744540333748]
1.4973579324712714  ::  7.801483  ::  [-1.0939955711364746, -0.092516228556633, 0.05546187609434128]
1.4997853176692706  ::  7.817429  ::  [-1.0845675468444824, -0.09276240319013596, 0.055465251207351685]
1.4997853176692706  ::  7.833398  ::  [-1.0751433372497559, -0.09301138669252396, 0.05546311289072037]
1.5013264858224604  ::  7.848789  ::  [-1.0657178163528442, -0.09325668960809708, 0.05546323210000992]
1.5039491717420395  ::  7.864653  ::  [-1.0562913417816162, -0.09350501000881195, 0.0554664209485054]
1.5040678462788686  ::  7.879612  ::  [-1.0374338626861572, -0.09399854391813278, 0.05546901002526283]
1.5040678462788686  ::  7.895144  ::  [-1.0374338626861572, -0.09399854391813278, 0.05546901002526283]
1.503803389891942  ::  7.911121  ::  [-1.0311435461044312, -0.09416346997022629, 0.05546838045120239]
1.5030122618869841  ::  7.927069  ::  [-1.0217206478118896, -0.09440997242927551, 0.05546727403998375]
1.5017217830206748  ::  7.943012  ::  [-1.0122885704040527, -0.09465525299310684, 0.05547112599015236]
1.4987406188913759  ::  7.958161  ::  [-1.0060031414031982, -0.09482013434171677, 0.05547190457582474]
1.4987406188913759  ::  7.974131  ::  [-0.9965749979019165, -0.09506691247224808, 0.05547133833169937]
1.498005199616836  ::  7.990071  ::  [-0.9902927875518799, -0.09523250162601471, 0.05546978861093521]
1.4973046783400865  ::  8.006032  ::  [-0.980870246887207, -0.09547919034957886, 0.05546852946281433]
1.4973046783400865  ::  8.021989  ::  [-0.9777214527130127, -0.0955602377653122, 0.05546846240758896]
1.4978458641101042  ::  8.037944  ::  [-0.9682967662811279, -0.09580691158771515, 0.055466704070568085]
1.4978458641101042  ::  8.053425  ::  [-0.9620245695114136, -0.09597183018922806, 0.055463891476392746]
1.499180525762607  ::  8.069299  ::  [-0.9525957107543945, -0.09622201323509216, 0.055465154349803925]
1.5015907287659753  ::  8.084514  ::  [-0.9431636929512024, -0.09646809846162796, 0.05546288192272186]
1.5015907287659753  ::  8.099991  ::  [-0.9368851184844971, -0.0966351255774498, 0.05546414107084274]
1.5035386133398982  ::  8.115934  ::  [-0.9305993318557739, -0.09679913520812988, 0.0554649718105793]
1.5035386133398982  ::  8.131891  ::  [-0.9243166446685791, -0.09696333110332489, 0.0554647371172905]
1.5039276139574718  ::  8.147848  ::  [-0.9180365800857544, -0.09712795913219452, 0.05546485632658005]
1.5042721116237343  ::  8.163613  ::  [-0.9023118019104004, -0.09753663837909698, 0.05546799302101135]
1.503561665228347  ::  8.179646  ::  [-0.9023118019104004, -0.09753663837909698, 0.05546799302101135]
1.503561665228347  ::  8.195633  ::  [-0.8928858041763306, -0.09778457880020142, 0.055466119199991226]
1.5024013868430912  ::  8.21159  ::  [-0.883456826210022, -0.09803326427936554, 0.055466242134571075]
1.50057665911764  ::  8.227548  ::  [-0.8740276098251343, -0.09827810525894165, 0.055471982806921005]
1.4994467964185318  ::  8.243505  ::  [-0.8677504658699036, -0.09844084829092026, 0.05546942353248596]
1.497959736170173  ::  8.259462  ::  [-0.8583213090896606, -0.09868796169757843, 0.05546737462282181]
1.4974672154979916  ::  8.275491  ::  [-0.8551649451255798, -0.09877108037471771, 0.05546826496720314]
1.4971292278557817  ::  8.291366  ::  [-0.8488953113555908, -0.09893742948770523, 0.055467307567596436]
1.496748764974671  ::  8.307333  ::  [-0.8394553065299988, -0.09918313473463058, 0.05546700209379196]
1.4969846199444479  ::  8.323262  ::  [-0.8331871032714844, -0.09934501349925995, 0.05546442046761513]
1.498404125353047  ::  8.339244  ::  [-0.8300405740737915, -0.09942851960659027, 0.0554659441113472]
1.498404125353047  ::  8.355205  ::  [-0.8206217288970947, -0.099675752222538, 0.05546261742711067]
1.49930314900255  ::  8.371162  ::  [-0.8143336772918701, -0.09984245896339417, 0.05546445772051811]
1.5015374746347903  ::  8.387121  ::  [-0.8049145936965942, -0.10008978843688965, 0.055463701486587524]
1.5015374746347903  ::  8.403078  ::  [-0.801767885684967, -0.10017375648021698, 0.05546383932232857]
1.5025961539561423  ::  8.419036  ::  [-0.7954853773117065, -0.10033853352069855, 0.0554649755358696]
1.5040587749338772  ::  8.43399  ::  [-0.7860561609268188, -0.10058234632015228, 0.05546616017818451]
1.5040587749338772  ::  8.449952  ::  [-0.776627779006958, -0.10082976520061493, 0.05546627566218376]
1.5036811935388223  ::  8.465909  ::  [-0.7671995162963867, -0.10107673704624176, 0.05546920374035835]
1.5014959598912414  ::  8.482837  ::  [-0.7483429312705994, -0.10157261788845062, 0.05546805262565613]
1.5014959598912414  ::  8.497824  ::  [-0.7483429312705994, -0.10157261788845062, 0.05546805262565613]
1.4988443523893955  ::  8.513812  ::  [-0.7420485019683838, -0.10173492133617401, 0.055471308529376984]
1.4988443523893955  ::  8.529765  ::  [-0.7326282262802124, -0.1019802838563919, 0.055470630526542664]
1.497673081668444  ::  8.545726  ::  [-0.7232052087783813, -0.10222813487052917, 0.05546880140900612]
1.4967515397390212  ::  8.561731  ::  [-0.7137811779975891, -0.10247617214918137, 0.05546499416232109]
1.4969568723009448  ::  8.577668  ::  [-0.7043479681015015, -0.10272251069545746, 0.05546778440475464]
1.49808225268841  ::  8.593164  ::  [-0.6980675458908081, -0.10288944840431213, 0.055463824421167374]
1.498918310531502  ::  8.609128  ::  [-0.6917885541915894, -0.10305309295654297, 0.0554647259414196]
1.500511665598819  ::  8.625061  ::  [-0.6855000257492065, -0.10321865230798721, 0.055464599281549454]
1.5015610601317682  ::  8.641017  ::  [-0.6760663986206055, -0.10346437990665436, 0.0554637685418129]
1.5015610601317682  ::  8.656999  ::  [-0.6697924733161926, -0.10363020747900009, 0.05546383187174797]
1.502692523656463  ::  8.671959  ::  [-0.6603685617446899, -0.10387521237134933, 0.05546308308839798]
1.5036095832742429  ::  8.687916  ::  [-0.6509302854537964, -0.10412368923425674, 0.055464230477809906]
