1.433999176739529  ::  0.015703  ::  [-4.64974308013916, 9.927442442858592e-05, 0.05546626076102257]
1.4341854061161177  ::  0.031692  ::  [-4.649743556976318, 9.926721395459026e-05, 0.055466342717409134]
1.4705624600270768  ::  0.04762  ::  [-4.6495361328125, 9.434481762582436e-05, 0.056507617235183716]
1.4705624600270768  ::  0.063162  ::  [-4.640141487121582, -0.0001581207907292992, 0.056476742029190063]
1.3991102502939867  ::  0.079118  ::  [-4.6217942237854, -0.0005792594747617841, 0.05731097608804703]
1.3294432812552086  ::  0.095058  ::  [-4.615591526031494, -0.000681116885971278, 0.05581548437476158]
1.3294432812552086  ::  0.111015  ::  [-4.605269908905029, -0.000922178674954921, 0.055632904171943665]
1.3255924419454965  ::  0.126974  ::  [-4.5941596031188965, -0.0010857952293008566, 0.055591993033885956]
1.3197494285539622  ::  0.142929  ::  [-4.587059020996094, -0.0012592289131134748, 0.055508699268102646]
1.3197494285539622  ::  0.158132  ::  [-4.58355712890625, -0.0013430591206997633, 0.055462855845689774]
1.319505889621369  ::  0.174017  ::  [-4.577305316925049, -0.0014860460069030523, 0.05546877533197403]
1.3181883034417912  ::  0.189949  ::  [-4.567872524261475, -0.0017043737461790442, 0.05547163262963295]
1.3163709395140388  ::  0.205906  ::  [-4.558449745178223, -0.0019201308023184538, 0.05546833202242851]
1.3149608256155485  ::  0.222271  ::  [-4.549014568328857, -0.002137565053999424, 0.05546887218952179]
1.3141291433623938  ::  0.238218  ::  [-4.539588451385498, -0.002353366231545806, 0.05547080188989639]
1.3131542405800802  ::  0.25358  ::  [-4.533310890197754, -0.0024953021202236414, 0.05546721816062927]
1.3130203048393245  ::  0.269138  ::  [-4.52701997756958, -0.0026421125512570143, 0.05546720325946808]
1.3130203048393245  ::  0.285117  ::  [-4.52387809753418, -0.002715851180255413, 0.05546772852540016]
1.3133562647691246  ::  0.301078  ::  [-4.517597198486328, -0.0028598466888070107, 0.055467914789915085]
1.3138080177496974  ::  0.317031  ::  [-4.511315822601318, -0.0030030589550733566, 0.055461861193180084]
1.316211177120484  ::  0.333099  ::  [-4.505021572113037, -0.00315016764216125, 0.055466242134571075]
1.3176221447926206  ::  0.349056  ::  [-4.4955925941467285, -0.0033671956043690443, 0.05546439439058304]
1.3176221447926206  ::  0.365014  ::  [-4.4861650466918945, -0.0035839665215462446, 0.05546683818101883]
1.3187941625655124  ::  0.380971  ::  [-4.47674560546875, -0.003799940925091505, 0.05546620115637779]
1.3201414173792976  ::  0.396956  ::  [-4.4673285484313965, -0.004014656413346529, 0.05546702817082405]
1.3201414173792976  ::  0.412434  ::  [-4.457893371582031, -0.004230874590575695, 0.05546860024333]
1.3186757014720951  ::  0.427604  ::  [-4.448468208312988, -0.0044499351643025875, 0.055466178804636]
1.3177116843037713  ::  0.443532  ::  [-4.439040184020996, -0.004663675557821989, 0.05546737462282181]
1.3161942083692648  ::  0.45949  ::  [-4.432753086090088, -0.004809905309230089, 0.05546582490205765]
1.3161942083692648  ::  0.475085  ::  [-4.423328876495361, -0.005023692734539509, 0.0554678812623024]
1.3148691516702824  ::  0.491043  ::  [-4.413896083831787, -0.005244546104222536, 0.05546867847442627]
1.3142107854673166  ::  0.507006  ::  [-4.407612323760986, -0.005386904813349247, 0.05546634644269943]
1.3135892382528453  ::  0.522158  ::  [-4.398181438446045, -0.005603728350251913, 0.055470142513513565]
1.3133630949582946  ::  0.538114  ::  [-4.388756275177002, -0.005823053885251284, 0.055466122925281525]
1.3133630949582946  ::  0.553259  ::  [-4.382473468780518, -0.005966068711131811, 0.055465277284383774]
1.3139619104494342  ::  0.56917  ::  [-4.376188278198242, -0.00611344026401639, 0.0554652139544487]
1.3154371245884513  ::  0.584956  ::  [-4.366759300231934, -0.006328375544399023, 0.055467162281274796]
1.3167699719719557  ::  0.600283  ::  [-4.357333660125732, -0.0065437606535851955, 0.05546770617365837]
1.319025321780235  ::  0.61624  ::  [-4.347912311553955, -0.006760644260793924, 0.05546492710709572]
1.319025321780235  ::  0.632162  ::  [-4.341625213623047, -0.006904310546815395, 0.05546499043703079]
1.3196862493041397  ::  0.648119  ::  [-4.3321919441223145, -0.007122504059225321, 0.0554686114192009]
1.3196862493041397  ::  0.664112  ::  [-4.322764873504639, -0.007338480092585087, 0.05546743422746658]
1.3177248110735824  ::  0.680034  ::  [-4.313331604003906, -0.007554029114544392, 0.0554681271314621]
1.3177248110735824  ::  0.694994  ::  [-4.303903579711914, -0.007769592106342316, 0.05546916648745537]
1.3161010403201177  ::  0.710951  ::  [-4.300762176513672, -0.007843798026442528, 0.05547044426202774]
1.3151548456766593  ::  0.726911  ::  [-4.294466972351074, -0.007988260127604008, 0.05546799302101135]
1.3148596534384678  ::  0.742866  ::  [-4.2850518226623535, -0.008203022181987762, 0.05546746775507927]
1.3148596534384678  ::  0.758853  ::  [-4.2787604331970215, -0.008347095921635628, 0.05546652525663376]
1.3138654340274079  ::  0.774072  ::  [-4.272485733032227, -0.008491160348057747, 0.05546475201845169]
1.3132078148763826  ::  0.789994  ::  [-4.263055324554443, -0.008707337081432343, 0.055466484278440475]
1.313417629749949  ::  0.805952  ::  [-4.256762981414795, -0.008856816217303276, 0.05546676740050316]
1.3163189660433232  ::  0.821908  ::  [-4.244196891784668, -0.009143909439444542, 0.055463459342718124]
1.3163189660433232  ::  0.837866  ::  [-4.234769821166992, -0.009359128773212433, 0.05546370893716812]
1.3170718876776115  ::  0.853848  ::  [-4.2284932136535645, -0.009505062364041805, 0.05546367168426514]
1.3187068642101833  ::  0.869475  ::  [-4.219058513641357, -0.009722012095153332, 0.05546645075082779]
1.320188481651547  ::  0.88538  ::  [-4.2159223556518555, -0.00979484710842371, 0.055466748774051666]
1.3203216703403624  ::  0.901283  ::  [-4.206480979919434, -0.01001166645437479, 0.055467765778303146]
1.3203216703403624  ::  0.917325  ::  [-4.200211524963379, -0.010156368836760521, 0.05546746402978897]
1.3202416290610262  ::  0.933066  ::  [-4.190784454345703, -0.010369108989834785, 0.05546661838889122]
1.319180601862147  ::  0.948196  ::  [-4.181346416473389, -0.010588528588414192, 0.055471524596214294]
1.318300254511156  ::  0.964154  ::  [-4.1750664710998535, -0.010731605812907219, 0.055469051003456116]
1.3170317603162376  ::  0.979858  ::  [-4.1687822341918945, -0.01087774895131588, 0.05546947568655014]
1.3155474748322291  ::  0.995815  ::  [-4.159351348876953, -0.011092099361121655, 0.055471692234277725]
1.313313042478283  ::  1.011772  ::  [-4.149928569793701, -0.011310864239931107, 0.05546645075082779]
1.3125201002043267  ::  1.027009  ::  [-4.1404948234558105, -0.011526727117598057, 0.05546579137444496]
1.3127961892571836  ::  1.042964  ::  [-4.1310715675354, -0.011741505935788155, 0.05546630546450615]
1.3138036421597603  ::  1.058913  ::  [-4.121645927429199, -0.011960580013692379, 0.05546707659959793]
1.3138036421597603  ::  1.074844  ::  [-4.112217903137207, -0.012176118791103363, 0.05546734482049942]
1.3141620136477745  ::  1.090824  ::  [-4.109081268310547, -0.01224992610514164, 0.0554640032351017]
1.316593560992299  ::  1.106829  ::  [-4.102786064147949, -0.012392979115247726, 0.05546531453728676]
1.316593560992299  ::  1.122917  ::  [-4.093368053436279, -0.012609186582267284, 0.055464934557676315]
1.318662574702284  ::  1.138316  ::  [-4.083941459655762, -0.012827625498175621, 0.05546748265624046]
1.318662574702284  ::  1.154197  ::  [-4.074512481689453, -0.0130452960729599, 0.05546482279896736]
1.3191606449031659  ::  1.170132  ::  [-4.065080165863037, -0.01325980108231306, 0.055468130856752396]
1.318419782821631  ::  1.186089  ::  [-4.055659294128418, -0.013476389460265636, 0.05546853691339493]
1.318419782821631  ::  1.202046  ::  [-4.046233177185059, -0.013692143373191357, 0.05546899512410164]
1.3169653794152416  ::  1.217187  ::  [-4.036789894104004, -0.013908958062529564, 0.055467523634433746]
1.3152657295289663  ::  1.23311  ::  [-4.027374744415283, -0.014124805107712746, 0.055466923862695694]
1.3061239482117273  ::  1.248068  ::  [-4.017943382263184, -0.014340627007186413, 0.055469684302806854]
1.3058063444153216  ::  1.26379  ::  [-4.008502960205078, -0.01455647498369217, 0.05546467378735542]
1.3058063444153216  ::  1.279873  ::  [-4.002220153808594, -0.014700166881084442, 0.05547008663415909]
1.3049976073289098  ::  1.295839  ::  [-3.995940923690796, -0.014846193604171276, 0.05546494945883751]
1.3053732677332606  ::  1.311761  ::  [-3.989652395248413, -0.014987893402576447, 0.055467259138822556]
1.30592832732503  ::  1.327025  ::  [-3.9833712577819824, -0.015132213942706585, 0.05546741560101509]
1.3086738499279633  ::  1.34266  ::  [-3.9739458560943604, -0.015347598120570183, 0.05546492710709572]
1.3102550387208214  ::  1.358617  ::  [-3.9645233154296875, -0.015563642606139183, 0.05546445772051811]
1.3102550387208214  ::  1.374525  ::  [-3.955090045928955, -0.01578081026673317, 0.055466458201408386]
1.3118234209089856  ::  1.390455  ::  [-3.945667028427124, -0.015993427485227585, 0.055463943630456924]
1.3118234209089856  ::  1.406446  ::  [-3.9362285137176514, -0.016209246590733528, 0.05546937510371208]
1.3121877688125234  ::  1.42237  ::  [-3.926795482635498, -0.016422873362898827, 0.05546915531158447]
1.312346677432432  ::  1.438354  ::  [-3.920524835586548, -0.016568869352340698, 0.055466875433921814]
1.3110434986831347  ::  1.454425  ::  [-3.911097764968872, -0.016783922910690308, 0.055467389523983]
1.3086488770488105  ::  1.470317  ::  [-3.8985257148742676, -0.017069708555936813, 0.05546671897172928]
1.3060740024534216  ::  1.485894  ::  [-3.8891000747680664, -0.017285505309700966, 0.05546608939766884]
1.3052798862407018  ::  1.501851  ::  [-3.8796701431274414, -0.01750047132372856, 0.05546705424785614]
1.3052798862407018  ::  1.516874  ::  [-3.8702430725097656, -0.017715245485305786, 0.05546809360384941]
1.3059139198947494  ::  1.532832  ::  [-3.863954544067383, -0.017863158136606216, 0.0554652139544487]
1.3065897884574633  ::  1.548789  ::  [-3.854525566101074, -0.018073247745633125, 0.055464114993810654]
1.307754549154362  ::  1.564747  ::  [-3.8451082706451416, -0.018290933221578598, 0.05546332895755768]
1.3090770445324058  ::  1.580125  ::  [-3.8356783390045166, -0.018507853150367737, 0.055464405566453934]
1.311759174442105  ::  1.596081  ::  [-3.8262526988983154, -0.018721943721175194, 0.05546412244439125]
1.311759174442105  ::  1.611303  ::  [-3.8168206214904785, -0.018936533480882645, 0.05546608939766884]
1.3126158295744128  ::  1.627323  ::  [-3.8073983192443848, -0.019151557236909866, 0.05546636879444122]
1.3124955542119972  ::  1.64328  ::  [-3.8011064529418945, -0.019297542050480843, 0.05546783655881882]
1.3123285347424491  ::  1.659238  ::  [-3.7885353565216064, -0.01958259381353855, 0.055469103157520294]
1.311265052944337  ::  1.675088  ::  [-3.7791082859039307, -0.01979932188987732, 0.05546688288450241]
1.3100434095782567  ::  1.69111  ::  [-3.7696759700775146, -0.020013239234685898, 0.05547058582305908]
1.3082095037861083  ::  1.706416  ::  [-3.7602555751800537, -0.020228486508131027, 0.05546853691339493]
1.3051857576962025  ::  1.721846  ::  [-3.7508151531219482, -0.020445100963115692, 0.05546429008245468]
1.3051857576962025  ::  1.737883  ::  [-3.741380214691162, -0.020660962909460068, 0.05546877160668373]
1.3044478838224296  ::  1.753979  ::  [-3.7351133823394775, -0.02080223336815834, 0.05546606332063675]
1.3047920613235748  ::  1.769937  ::  [-3.725677490234375, -0.02101825177669525, 0.0554659441113472]
1.3059803007957453  ::  1.785909  ::  [-3.716257333755493, -0.02123355120420456, 0.055464621633291245]
1.3074274471261418  ::  1.801852  ::  [-3.7068309783935547, -0.02145140804350376, 0.055464617908000946]
1.3102247297563794  ::  1.817844  ::  [-3.6942622661590576, -0.021739453077316284, 0.05546632409095764]
1.310703056441692  ::  1.833192  ::  [-3.6879727840423584, -0.02188149467110634, 0.05546801537275314]
1.310703056441692  ::  1.849156  ::  [-3.684833288192749, -0.02195468172430992, 0.05546606332063675]
1.3112285541209598  ::  1.865102  ::  [-3.6754064559936523, -0.022169075906276703, 0.05546578764915466]
1.3110537439668897  ::  1.881036  ::  [-3.672248601913452, -0.022240933030843735, 0.05546549707651138]
1.3095626282937114  ::  1.895995  ::  [-3.6628355979919434, -0.02245558798313141, 0.05546894669532776]
1.3095626282937114  ::  1.911978  ::  [-3.6534066200256348, -0.02267012558877468, 0.05546821653842926]
1.308560831641541  ::  1.92804  ::  [-3.647108554840088, -0.02281140722334385, 0.055464617908000946]
1.3056502105597634  ::  1.944032  ::  [-3.637683153152466, -0.02302672527730465, 0.05546689033508301]
1.3056502105597634  ::  1.959956  ::  [-3.628265142440796, -0.023242827504873276, 0.05546720698475838]
1.3037585683247872  ::  1.975912  ::  [-3.6188366413116455, -0.023458367213606834, 0.05546799674630165]
1.3034352015562694  ::  1.991869  ::  [-3.615694284439087, -0.023528864607214928, 0.055468473583459854]
1.3033544132249928  ::  2.007861  ::  [-3.6094069480895996, -0.0236735250800848, 0.05546925216913223]
1.3035929362374143  ::  2.023806  ::  [-3.5999834537506104, -0.023889360949397087, 0.05546735227108002]
1.3045032723877301  ::  2.039397  ::  [-3.5936977863311768, -0.0240311436355114, 0.055466312915086746]
1.3063018532952648  ::  2.055496  ::  [-3.5842697620391846, -0.024245787411928177, 0.0554657056927681]
1.3073471924033941  ::  2.070938  ::  [-3.574843645095825, -0.024462396278977394, 0.05546732619404793]
1.3090936931185075  ::  2.08688  ::  [-3.5685625076293945, -0.024606656283140182, 0.05546516552567482]
1.309597953178325  ::  2.102104  ::  [-3.5591320991516113, -0.02482421137392521, 0.05546596273779869]
1.309597953178325  ::  2.118061  ::  [-3.552839517593384, -0.024964023381471634, 0.05546532943844795]
1.3096743659196646  ::  2.133777  ::  [-3.5434226989746094, -0.02518049255013466, 0.05546649172902107]
1.3100968771528532  ::  2.14871  ::  [-3.537132740020752, -0.02532518468797207, 0.0554678812623024]
1.3098067008348335  ::  2.164863  ::  [-3.527707099914551, -0.025537732988595963, 0.05546677112579346]
1.3087392703336074  ::  2.179822  ::  [-3.521418809890747, -0.025680160149931908, 0.05546943098306656]
1.3069221198492667  ::  2.194949  ::  [-3.5119926929473877, -0.025894630700349808, 0.05546744912862778]
1.3069221198492667  ::  2.210337  ::  [-3.5119926929473877, -0.025894630700349808, 0.05546744912862778]
1.3069221198492667  ::  2.226412  ::  [-3.5119926929473877, -0.025894630700349808, 0.05546744912862778]
1.3069221198492667  ::  2.242465  ::  [-3.5119926929473877, -0.025894630700349808, 0.05546744912862778]
1.3069221198492667  ::  2.258426  ::  [-3.5119926929473877, -0.025894630700349808, 0.05546744912862778]
1.3069221198492667  ::  2.27428  ::  [-3.5119926929473877, -0.025894630700349808, 0.05546744912862778]
1.3069221198492667  ::  2.290113  ::  [-3.5119926929473877, -0.025894630700349808, 0.05546744912862778]
1.3069221198492667  ::  2.30604  ::  [-3.5119926929473877, -0.025894630700349808, 0.05546744912862778]
1.3050305843359964  ::  2.322199  ::  [-3.508845567703247, -0.02596757933497429, 0.05547117441892624]
1.3038645429786282  ::  2.338074  ::  [-3.496274471282959, -0.026253629475831985, 0.05546770617365837]
1.3030617823077402  ::  2.353526  ::  [-3.496274471282959, -0.026253629475831985, 0.05546770617365837]
1.302538312340882  ::  2.36898  ::  [-3.4805610179901123, -0.02661307528614998, 0.055468373000621796]
1.302538312340882  ::  2.384653  ::  [-3.4805610179901123, -0.02661307528614998, 0.055468373000621796]
1.3026420458389016  ::  2.400251  ::  [-3.4711410999298096, -0.026826441287994385, 0.05546410009264946]
1.3026420458389016  ::  2.415811  ::  [-3.4648513793945312, -0.026969557628035545, 0.05546768754720688]
1.302429989809514  ::  2.43129  ::  [-3.458568811416626, -0.02711179293692112, 0.055465951561927795]
1.3048287735903636  ::  2.446646  ::  [-3.449143648147583, -0.027328670024871826, 0.05546603724360466]
1.3048287735903636  ::  2.462398  ::  [-3.4428586959838867, -0.02747272327542305, 0.055463921278715134]
1.3071638445128617  ::  2.47793  ::  [-3.4365739822387695, -0.027617236599326134, 0.05546640604734421]
1.307432249602902  ::  2.493347  ::  [-3.4271512031555176, -0.027829602360725403, 0.055464908480644226]
1.3078647926764342  ::  2.508928  ::  [-3.4208664894104004, -0.027973636984825134, 0.05546526610851288]
1.308004598111008  ::  2.524161  ::  [-3.4145760536193848, -0.028117027133703232, 0.05546506121754646]
1.3079276517611396  ::  2.539947  ::  [-3.408292055130005, -0.028260398656129837, 0.05546797066926956]
1.3073130414575442  ::  2.555365  ::  [-3.4020004272460938, -0.02840261720120907, 0.05546887591481209]
1.3063596964597985  ::  2.571444  ::  [-3.386293888092041, -0.028756756335496902, 0.05546814575791359]
1.3049172458844565  ::  2.58661  ::  [-3.376865863800049, -0.02897341176867485, 0.05546965077519417]
1.303625913244501  ::  2.602469  ::  [-3.376865863800049, -0.02897341176867485, 0.05546965077519417]
1.303625913244501  ::  2.618221  ::  [-3.3705666065216064, -0.029115518555045128, 0.05546792224049568]
1.3022274320119407  ::  2.633889  ::  [-3.364295721054077, -0.029258036985993385, 0.0554686039686203]
1.300976226733359  ::  2.649304  ::  [-3.3548660278320312, -0.029472842812538147, 0.05546730384230614]
1.300294595198533  ::  2.665341  ::  [-3.348569631576538, -0.02961840108036995, 0.05546842887997627]
1.2998274742923275  ::  2.680792  ::  [-3.3423025608062744, -0.0297615434974432, 0.05546478182077408]
1.2999585285470272  ::  2.696813  ::  [-3.3360183238983154, -0.029903074726462364, 0.055464182049036026]
1.3015028983513905  ::  2.712873  ::  [-3.329732656478882, -0.030049335211515427, 0.05546426773071289]
1.3025395930013515  ::  2.728612  ::  [-3.3203060626983643, -0.030260885134339333, 0.05546336621046066]
1.3025395930013515  ::  2.744679  ::  [-3.314019203186035, -0.03040400519967079, 0.05546028912067413]
1.3048030536592703  ::  2.759803  ::  [-3.304588794708252, -0.030617471784353256, 0.055459748953580856]
1.3054344192706733  ::  2.775749  ::  [-3.298309326171875, -0.030764734372496605, 0.05546409636735916]
1.3054344192706733  ::  2.791227  ::  [-3.292025089263916, -0.03090657666325569, 0.05546644702553749]
1.3056168066658538  ::  2.806784  ::  [-3.2825989723205566, -0.031120523810386658, 0.05546629801392555]
1.3060897972658772  ::  2.822038  ::  [-3.2763142585754395, -0.03126318007707596, 0.055465541779994965]
1.3052287665436324  ::  2.836921  ::  [-3.2700154781341553, -0.031407680362463, 0.05546685680747032]
1.3052287665436324  ::  2.852352  ::  [-3.2606005668640137, -0.03162049874663353, 0.055468086153268814]
1.304654710488234  ::  2.867867  ::  [-3.2543113231658936, -0.03176199644804001, 0.05546478554606438]
1.301586674890429  ::  2.882999  ::  [-3.2448813915252686, -0.03197509050369263, 0.0554690919816494]
1.301586674890429  ::  2.898944  ::  [-3.2385988235473633, -0.03212030977010727, 0.05546826869249344]
1.3005403752869475  ::  2.915058  ::  [-3.2323157787323, -0.03226025775074959, 0.05546623095870018]
1.298625467720111  ::  2.930766  ::  [-3.222879648208618, -0.03247707337141037, 0.05546931177377701]
1.298566984225343  ::  2.946823  ::  [-3.2166006565093994, -0.032620061188936234, 0.05546661093831062]
1.2981201404432359  ::  2.962781  ::  [-3.2071738243103027, -0.03283180296421051, 0.0554647333920002]
1.2989584394421492  ::  2.978508  ::  [-3.2008941173553467, -0.032977234572172165, 0.055462565273046494]
1.2989584394421492  ::  2.994373  ::  [-3.1946117877960205, -0.03311992064118385, 0.055459752678871155]
1.3009947963101651  ::  3.010402  ::  [-3.1851837635040283, -0.0333348885178566, 0.055464163422584534]
1.3029752310043514  ::  3.026438  ::  [-3.1788887977600098, -0.03347913548350334, 0.055460743606090546]
1.3036275140700877  ::  3.042195  ::  [-3.169462203979492, -0.03369307518005371, 0.05546313896775246]
1.3045121302893101  ::  3.05791  ::  [-3.1631875038146973, -0.033834706991910934, 0.05546373501420021]
1.3045121302893101  ::  3.073744  ::  [-3.1568992137908936, -0.03397651016712189, 0.055467117577791214]
1.3054015489852926  ::  3.089765  ::  [-3.141188383102417, -0.03433404117822647, 0.05546705424785614]
1.3054015489852926  ::  3.105855  ::  [-3.141188383102417, -0.03433404117822647, 0.05546705424785614]
1.3051999516830715  ::  3.12122  ::  [-3.1317625045776367, -0.034548789262771606, 0.05546672269701958]
1.3043230194266653  ::  3.136445  ::  [-3.1254591941833496, -0.034691326320171356, 0.055464502424001694]
1.3012969254592324  ::  3.151619  ::  [-3.116049289703369, -0.034904614090919495, 0.0554673857986927]
1.3012969254592324  ::  3.167583  ::  [-3.106614589691162, -0.035116955637931824, 0.05546988546848297]
1.2995019730896942  ::  3.183089  ::  [-3.100327253341675, -0.03526342660188675, 0.05546800419688225]
1.299035279070312  ::  3.198571  ::  [-3.0909066200256348, -0.03547266870737076, 0.055466461926698685]
1.2987645261027443  ::  3.214394  ::  [-3.084613800048828, -0.03561794012784958, 0.055466897785663605]
1.2987645261027443  ::  3.229829  ::  [-3.0751874446868896, -0.03583338111639023, 0.055463097989559174]
1.2989032643202603  ::  3.245914  ::  [-3.0689101219177246, -0.035974305123090744, 0.05546652525663376]
1.2998958829057334  ::  3.261386  ::  [-3.059487819671631, -0.03619036078453064, 0.055460602045059204]
1.302856769910934  ::  3.27688  ::  [-3.050060272216797, -0.03640342503786087, 0.055461663752794266]
1.302856769910934  ::  3.292782  ::  [-3.0406363010406494, -0.036617930978536606, 0.05546366050839424]
1.3037124645478897  ::  3.308694  ::  [-3.034337282180786, -0.03676269203424454, 0.05546336993575096]
1.3050364540298143  ::  3.324579  ::  [-3.0249178409576416, -0.03697455674409866, 0.05546702817082405]
1.3050364540298143  ::  3.33988  ::  [-3.0186357498168945, -0.03712034970521927, 0.05546407401561737]
1.3047893932809302  ::  3.355282  ::  [-3.0092005729675293, -0.037332527339458466, 0.055467817932367325]
1.3047893932809302  ::  3.370894  ::  [-2.9997811317443848, -0.037546467036008835, 0.05546798184514046]
1.3026055470155244  ::  3.386546  ::  [-2.9903452396392822, -0.037763141095638275, 0.055469363927841187]
1.300550407127291  ::  3.402214  ::  [-2.984057903289795, -0.037903741002082825, 0.055464424192905426]
1.300550407127291  ::  3.417711  ::  [-2.974637269973755, -0.03811617195606232, 0.05546732619404793]
1.299878060380868  ::  3.43342  ::  [-2.9683499336242676, -0.038260236382484436, 0.05546717718243599]
1.2980918591912038  ::  3.449206  ::  [-2.958922863006592, -0.038473304361104965, 0.0554681271314621]
1.2980918591912038  ::  3.464561  ::  [-2.952639579772949, -0.038615547120571136, 0.05546463280916214]
1.29787692167576  ::  3.480267  ::  [-2.943216562271118, -0.038830872625112534, 0.055464114993810654]
1.2986444641837402  ::  3.495534  ::  [-2.9337878227233887, -0.03904711827635765, 0.05546572431921959]
1.299392583341268  ::  3.511407  ::  [-2.9275031089782715, -0.0391901358962059, 0.05546436458826065]
1.3022472822492162  ::  3.527503  ::  [-2.9180748462677, -0.03940378502011299, 0.055466726422309875]
1.3022472822492162  ::  3.543267  ::  [-2.9086523056030273, -0.03961740806698799, 0.0554654523730278]
1.3026022386426452  ::  3.558876  ::  [-2.9023663997650146, -0.03975885733962059, 0.055464401841163635]
1.304394949856362  ::  3.57452  ::  [-2.892937660217285, -0.039974410086870193, 0.05546494573354721]
1.304394949856362  ::  3.590554  ::  [-2.886657238006592, -0.04011593014001846, 0.055462319403886795]
1.3045284587102945  ::  3.606561  ::  [-2.880368709564209, -0.04025959596037865, 0.05546678602695465]
1.3045933455074097  ::  3.622313  ::  [-2.8772244453430176, -0.04033321514725685, 0.05546804144978523]
1.3033420335071222  ::  3.637668  ::  [-2.8709306716918945, -0.040473662316799164, 0.05546595901250839]
1.3033420335071222  ::  3.653333  ::  [-2.8615105152130127, -0.04068509489297867, 0.05546725168824196]
1.300283389419426  ::  3.668594  ::  [-2.852083683013916, -0.040903158485889435, 0.05546562001109123]
1.300283389419426  ::  3.684047  ::  [-2.842637777328491, -0.04111803323030472, 0.05546839162707329]
1.2981810785372372  ::  3.699526  ::  [-2.8363656997680664, -0.04125791788101196, 0.05547052249312401]
1.2974727665759656  ::  3.715347  ::  [-2.826937437057495, -0.04147236794233322, 0.05546516552567482]
1.2976839688317072  ::  3.731254  ::  [-2.817504405975342, -0.04168951138854027, 0.05546746030449867]
1.2976839688317072  ::  3.746418  ::  [-2.811232566833496, -0.04182814806699753, 0.055464133620262146]
1.2978521622400188  ::  3.762355  ::  [-2.8018038272857666, -0.04204427823424339, 0.05546345189213753]
1.2991821281374671  ::  3.777513  ::  [-2.79237961769104, -0.04225840047001839, 0.05546515807509422]
1.2983717902254686  ::  3.792813  ::  [-2.7829530239105225, -0.04247196018695831, 0.05546258017420769]
1.2995838286380286  ::  3.808331  ::  [-2.773524761199951, -0.04268833249807358, 0.055463824421167374]
1.3005362131404221  ::  3.824034  ::  [-2.7672386169433594, -0.04282834380865097, 0.05546655133366585]
1.3008536034934162  ::  3.839882  ::  [-2.7578041553497314, -0.04304315149784088, 0.05546613782644272]
1.300932364112283  ::  3.855323  ::  [-2.7483885288238525, -0.04325513541698456, 0.05546313524246216]
1.3001271488421617  ::  3.870717  ::  [-2.742095947265625, -0.04339737817645073, 0.05546877905726433]
1.2988773309457553  ::  3.886195  ::  [-2.7326674461364746, -0.04360870271921158, 0.05546906962990761]
1.2974122553687875  ::  3.901805  ::  [-2.7232346534729004, -0.04382281377911568, 0.05546841025352478]
1.2959516621034626  ::  3.917127  ::  [-2.7169554233551025, -0.04396600276231766, 0.05546707659959793]
1.2959516621034626  ::  3.932365  ::  [-2.7075276374816895, -0.044181548058986664, 0.05546567589044571]
1.2941537215261625  ::  3.947813  ::  [-2.701234817504883, -0.0443236380815506, 0.05546706169843674]
1.2939219219812053  ::  3.963333  ::  [-2.691812753677368, -0.04453660920262337, 0.05546283721923828]
1.2938708022841359  ::  3.978875  ::  [-2.6823880672454834, -0.04474785178899765, 0.05546680465340614]
1.294712089490811  ::  3.994636  ::  [-2.676105499267578, -0.044889286160469055, 0.055465247482061386]
1.2959118549072062  ::  4.01031  ::  [-2.6666805744171143, -0.04510743170976639, 0.055460311472415924]
1.2959118549072062  ::  4.025747  ::  [-2.6572554111480713, -0.04531780630350113, 0.055463891476392746]
1.2970820584110998  ::  4.041508  ::  [-2.647829055786133, -0.04553365334868431, 0.05546247959136963]
1.2979605914930927  ::  4.056676  ::  [-2.6415317058563232, -0.0456739142537117, 0.05546459183096886]
1.2997814772371357  ::  4.072358  ::  [-2.6321191787719727, -0.04588780552148819, 0.05546395480632782]
1.2997814772371357  ::  4.087992  ::  [-2.625828266143799, -0.04602956026792526, 0.0554666705429554]
1.2996853209802266  ::  4.103678  ::  [-2.6164016723632812, -0.046242401003837585, 0.05546625703573227]
1.2996853209802266  ::  4.119039  ::  [-2.610100030899048, -0.04638640210032463, 0.05546776205301285]
1.29759560325932  ::  4.135079  ::  [-2.60068941116333, -0.04659758135676384, 0.055467601865530014]
1.29759560325932  ::  4.150984  ::  [-2.5912532806396484, -0.04681242257356644, 0.05546928197145462]
1.2967061845633374  ::  4.166956  ::  [-2.5849721431732178, -0.04695606976747513, 0.05546668544411659]
1.2953856101759977  ::  4.18224  ::  [-2.5755465030670166, -0.047167547047138214, 0.055464569479227066]
1.2941366460532375  ::  4.198252  ::  [-2.5692572593688965, -0.04730803146958351, 0.055467210710048676]
1.293426413101262  ::  4.213865  ::  [-2.559821367263794, -0.04752052202820778, 0.05546510964632034]
1.2930964295869858  ::  4.229913  ::  [-2.5503950119018555, -0.04773800075054169, 0.05546053498983383]
1.2930964295869858  ::  4.245164  ::  [-2.5441231727600098, -0.0478799007833004, 0.05546409636735916]
1.2941986513642965  ::  4.260992  ::  [-2.5346908569335938, -0.04809337481856346, 0.05546583980321884]
1.2955064191469425  ::  4.276959  ::  [-2.525266647338867, -0.04830724373459816, 0.055466391146183014]
1.2969894239704816  ::  4.292852  ::  [-2.5158464908599854, -0.04851926863193512, 0.05546381324529648]
1.3000551116907593  ::  4.308183  ::  [-2.506418228149414, -0.04873177781701088, 0.055464111268520355]
1.3005111335395636  ::  4.323962  ::  [-2.4969916343688965, -0.048947371542453766, 0.05546296015381813]
1.3003052673691111  ::  4.33964  ::  [-2.490701913833618, -0.049089834094047546, 0.05546683818101883]
1.2992291924097168  ::  4.355303  ::  [-2.4812798500061035, -0.049301616847515106, 0.05546790361404419]
1.298015019563041  ::  4.371084  ::  [-2.4718451499938965, -0.049513861536979675, 0.055469490587711334]
1.298015019563041  ::  4.386307  ::  [-2.4624147415161133, -0.04972768574953079, 0.055467940866947174]
1.2957970223517854  ::  4.402354  ::  [-2.4561338424682617, -0.04986972361803055, 0.05546630173921585]
1.2957970223517854  ::  4.417972  ::  [-2.446704149246216, -0.050083670765161514, 0.05546681955456734]
1.2942373913434952  ::  4.433687  ::  [-2.43727445602417, -0.05029934272170067, 0.055467888712882996]
1.293488525134027  ::  4.449444  ::  [-2.4278481006622314, -0.050509367138147354, 0.05546879768371582]
1.2932240687471004  ::  4.464804  ::  [-2.421560764312744, -0.05065172165632248, 0.05546755716204643]
1.2941997185813543  ::  4.480469  ::  [-2.4121344089508057, -0.050865255296230316, 0.05546713247895241]
1.2941997185813543  ::  4.496085  ::  [-2.4058525562286377, -0.05100919306278229, 0.0554644837975502]
1.2953583961410235  ::  4.511656  ::  [-2.396432876586914, -0.05122188851237297, 0.05546296387910843]
1.2966617883337324  ::  4.527748  ::  [-2.3870012760162354, -0.0514351911842823, 0.05546363815665245]
1.299230046183363  ::  4.543038  ::  [-2.3807218074798584, -0.051578689366579056, 0.05546211078763008]
1.299230046183363  ::  4.559218  ::  [-2.371295690536499, -0.051791928708553314, 0.055460650473833084]
1.3004211671415897  ::  4.574691  ::  [-2.3587048053741455, -0.05207598954439163, 0.055464450269937515]
1.3004211671415897  ::  4.590784  ::  [-2.3587048053741455, -0.05207598954439163, 0.055464450269937515]
1.3005155091295004  ::  4.606057  ::  [-2.3492929935455322, -0.0522896908223629, 0.055467624217271805]
1.3001405957770904  ::  4.621524  ::  [-2.339851140975952, -0.05250309407711029, 0.05546803027391434]
1.2978099004445292  ::  4.636759  ::  [-2.3335745334625244, -0.05264536291360855, 0.05547045171260834]
1.2978099004445292  ::  4.65289  ::  [-2.3241472244262695, -0.05285724997520447, 0.05546865239739418]
1.2951835859869536  ::  4.668453  ::  [-2.314723014831543, -0.053073085844516754, 0.05546450614929199]
1.2939343016990759  ::  4.683997  ::  [-2.308441162109375, -0.05321218818426132, 0.0554666668176651]
1.2939343016990759  ::  4.699988  ::  [-2.2990097999572754, -0.05342787131667137, 0.05546597018837929]
1.293121295744433  ::  4.715684  ::  [-2.289581298828125, -0.053639743477106094, 0.05546576902270317]
1.2935130711263565  ::  4.731544  ::  [-2.2801589965820312, -0.05385453626513481, 0.055463798344135284]
1.2935130711263565  ::  4.747645  ::  [-2.273871898651123, -0.05399725213646889, 0.05546349659562111]
1.2945567026871934  ::  4.76364  ::  [-2.26444673538208, -0.05421213060617447, 0.05546320229768753]
1.297078536594809  ::  4.778559  ::  [-2.2550172805786133, -0.05442319065332413, 0.05546306073665619]
1.297078536594809  ::  4.794119  ::  [-2.248732566833496, -0.05456560105085373, 0.05546320602297783]
1.298452151669922  ::  4.810093  ::  [-2.2393035888671875, -0.05477968603372574, 0.055461686104536057]
1.2992821263757843  ::  4.826092  ::  [-2.2298762798309326, -0.05499418452382088, 0.05546831339597702]
1.299466434761669  ::  4.841142  ::  [-2.2204556465148926, -0.055206675082445145, 0.055465854704380035]
1.299466434761669  ::  4.856446  ::  [-2.2141597270965576, -0.055349089205265045, 0.05546712130308151]
1.297099987657671  ::  4.872349  ::  [-2.204742908477783, -0.05556124076247215, 0.055467523634433746]
1.295411330107091  ::  4.887959  ::  [-2.1953039169311523, -0.05577395111322403, 0.055471133440732956]
1.2942793329738673  ::  4.903246  ::  [-2.1858787536621094, -0.05598758906126022, 0.05546747148036957]
1.293569953795538  ::  4.918734  ::  [-2.176447868347168, -0.05620066449046135, 0.055466994643211365]
1.293569953795538  ::  4.934354  ::  [-2.170165538787842, -0.056341253221035004, 0.055465858429670334]
1.2922938823595091  ::  4.949442  ::  [-2.1607398986816406, -0.05655369907617569, 0.05546405166387558]
1.2922938823595091  ::  4.96552  ::  [-2.1513123512268066, -0.05676984786987305, 0.055465783923864365]
1.2926658075041575  ::  4.98117  ::  [-2.145033836364746, -0.0569123700261116, 0.05546560138463974]
1.2942612970055902  ::  4.996687  ::  [-2.1356041431427, -0.05712565407156944, 0.05546208471059799]
1.2942612970055902  ::  5.011915  ::  [-2.129323959350586, -0.05727028474211693, 0.055464036762714386]
1.2957623377974063  ::  5.027074  ::  [-2.119884729385376, -0.05748223513364792, 0.05546227842569351]
1.296716216403681  ::  5.042368  ::  [-2.113612651824951, -0.05762234702706337, 0.05546130985021591]
1.2985443592237171  ::  5.058208  ::  [-2.104170799255371, -0.05783705413341522, 0.05546390265226364]
1.2990714577285718  ::  5.07391  ::  [-2.097897529602051, -0.05797956511378288, 0.05546542629599571]
1.2987090308157379  ::  5.089313  ::  [-2.0916051864624023, -0.05812034755945206, 0.05546227842569351]
1.298052692325182  ::  5.104917  ::  [-2.0821895599365234, -0.05833560228347778, 0.05546291545033455]
1.2966583732391475  ::  5.120418  ::  [-2.0758960247039795, -0.05847427621483803, 0.0554676428437233]
1.2966583732391475  ::  5.136575  ::  [-2.0664734840393066, -0.05868525430560112, 0.055466122925281525]
1.2946034467943255  ::  5.152278  ::  [-2.060184955596924, -0.058828599750995636, 0.05546727031469345]
1.2931243906739005  ::  5.168311  ::  [-2.0507540702819824, -0.05904329940676689, 0.05546797066926956]
1.2924531111445352  ::  5.183905  ::  [-2.041325330734253, -0.05925464630126953, 0.055467236787080765]
1.29216560286916  ::  5.199704  ::  [-2.035041093826294, -0.059400804340839386, 0.05546635761857033]
1.29216560286916  ::  5.214841  ::  [-2.0287606716156006, -0.059542328119277954, 0.055465616285800934]
1.2927304808578612  ::  5.230682  ::  [-2.019334316253662, -0.059753142297267914, 0.0554627925157547]
1.2927304808578612  ::  5.246429  ::  [-2.0130369663238525, -0.059897489845752716, 0.055460721254348755]
1.296409498221265  ::  5.262092  ::  [-2.0036227703094482, -0.06010870635509491, 0.055466048419475555]
1.2978619806369507  ::  5.277403  ::  [-1.9973394870758057, -0.06025497615337372, 0.05546482652425766]
1.2978619806369507  ::  5.293503  ::  [-1.9879021644592285, -0.060467012226581573, 0.055460747331380844]
1.298804760185824  ::  5.308933  ::  [-1.9816272258758545, -0.06060788407921791, 0.05546323582530022]
1.2997492472819898  ::  5.32489  ::  [-1.9753432273864746, -0.060750752687454224, 0.055463679134845734]
1.3007079283650245  ::  5.340418  ::  [-1.9690580368041992, -0.060891684144735336, 0.055465199053287506]
1.3006475238795523  ::  5.356158  ::  [-1.9627732038497925, -0.06103326380252838, 0.05546625703573227]
1.3006475238795523  ::  5.371196  ::  [-1.9533295631408691, -0.06125082075595856, 0.05546538159251213]
1.3004189259857684  ::  5.386727  ::  [-1.9470574855804443, -0.06139258295297623, 0.055466391146183014]
1.299660668266191  ::  5.40235  ::  [-1.937625765800476, -0.06160605698823929, 0.05546953156590462]
1.2987254659584282  ::  5.417534  ::  [-1.9313454627990723, -0.06174694746732712, 0.05546746402978897]
1.297104469969314  ::  5.433451  ::  [-1.921917200088501, -0.061957936733961105, 0.055468667298555374]
1.2948682233463693  ::  5.448503  ::  [-1.9124860763549805, -0.0621735081076622, 0.055469267070293427]
1.294304412574726  ::  5.46412  ::  [-1.906198501586914, -0.062315139919519424, 0.05546591803431511]
1.2937978046373815  ::  5.480142  ::  [-1.8999226093292236, -0.062457166612148285, 0.055465586483478546]
1.2937978046373815  ::  5.49568  ::  [-1.890489935874939, -0.06267097592353821, 0.05546776205301285]
1.294586157877989  ::  5.511084  ::  [-1.8841925859451294, -0.06281422078609467, 0.055464860051870346]
1.2959050247180361  ::  5.526788  ::  [-1.8747751712799072, -0.06302820891141891, 0.05546237900853157]
1.29619509431435  ::  5.542033  ::  [-1.8653602600097656, -0.06324128806591034, 0.05546099320054054]
1.29619509431435  ::  5.557326  ::  [-1.859075665473938, -0.0633823499083519, 0.055460356175899506]
1.2980416999894866  ::  5.57336  ::  [-1.852790355682373, -0.06352581083774567, 0.05546322837471962]
1.2980416999894866  ::  5.589319  ::  [-1.8465063571929932, -0.06366957724094391, 0.05546324700117111]
1.2992763634036721  ::  5.604627  ::  [-1.8370767831802368, -0.0638824924826622, 0.05546637624502182]
1.2994816959655957  ::  5.619752  ::  [-1.8307914733886719, -0.0640258640050888, 0.05546560510993004]
1.299316917651869  ::  5.63573  ::  [-1.824505090713501, -0.06416654586791992, 0.05546838790178299]
1.2986981452017483  ::  5.651304  ::  [-1.815065622329712, -0.06437994539737701, 0.05546564608812332]
1.2961675601142586  ::  5.667253  ::  [-1.8087941408157349, -0.06451888382434845, 0.055464863777160645]
1.2961675601142586  ::  5.682998  ::  [-1.799359917640686, -0.06473350524902344, 0.05546937882900238]
1.294748268149071  ::  5.69912  ::  [-1.7899315357208252, -0.06494604051113129, 0.05546893551945686]
1.2926664478343923  ::  5.714877  ::  [-1.783632755279541, -0.06508897989988327, 0.05546785518527031]
1.291849599898341  ::  5.730245  ::  [-1.777363896369934, -0.0652301087975502, 0.055466800928115845]
1.2914493935016607  ::  5.746294  ::  [-1.7679290771484375, -0.06544385850429535, 0.05546988919377327]
1.2915748982276596  ::  5.762304  ::  [-1.7616381645202637, -0.06558668613433838, 0.055467452853918076]
1.2915748982276596  ::  5.778154  ::  [-1.7522283792495728, -0.0658016949892044, 0.05546483397483826]
1.2921951647816614  ::  5.79334  ::  [-1.74594247341156, -0.06594415009021759, 0.05546446889638901]
1.292719808687283  ::  5.808568  ::  [-1.7427985668182373, -0.06601106375455856, 0.05546201020479202]
1.2949767593211492  ::  5.8244  ::  [-1.7365076541900635, -0.06615550816059113, 0.055463757365942]
1.2965096031812882  ::  5.839603  ::  [-1.7270894050598145, -0.0663694515824318, 0.05546458810567856]
1.2965096031812882  ::  5.855182  ::  [-1.717663288116455, -0.06658143550157547, 0.05546312406659126]
1.2973992353206822  ::  5.871202  ::  [-1.7113797664642334, -0.06672303378582001, 0.05546132102608681]
1.2981045590741918  ::  5.887131  ::  [-1.7050883769989014, -0.06686633825302124, 0.055465035140514374]
1.297862194080362  ::  5.902692  ::  [-1.6988067626953125, -0.06700761616230011, 0.05546338111162186]
1.2974029705803847  ::  5.918345  ::  [-1.6893768310546875, -0.0672217309474945, 0.05546708032488823]
1.2974029705803847  ::  5.934439  ::  [-1.6830861568450928, -0.06736353039741516, 0.05546995624899864]
1.2968613579235437  ::  5.950183  ::  [-1.6768041849136353, -0.06750546395778656, 0.05546770989894867]
1.2939491360161794  ::  5.96604  ::  [-1.6673709154129028, -0.06771578639745712, 0.05546622723340988]
1.2939491360161794  ::  5.981852  ::  [-1.6610896587371826, -0.06785827875137329, 0.05547057092189789]
1.2922357190298583  ::  5.996991  ::  [-1.651665210723877, -0.06806978583335876, 0.05546654760837555]
1.2903747059244415  ::  6.0125  ::  [-1.6453746557235718, -0.06821072101593018, 0.055467989295721054]
1.2903747059244415  ::  6.027851  ::  [-1.6359504461288452, -0.06842412054538727, 0.05546438694000244]
1.2910910220136464  ::  6.043268  ::  [-1.629667043685913, -0.06856662034988403, 0.055466603487730026]
1.2910910220136464  ::  6.05915  ::  [-1.620244026184082, -0.06878211349248886, 0.055465031415224075]
1.2917767089732923  ::  6.074565  ::  [-1.6139452457427979, -0.06892277300357819, 0.05546307936310768]
1.2928317597566477  ::  6.090225  ::  [-1.604534387588501, -0.0691382884979248, 0.055461615324020386]
1.2953825152465301  ::  6.105486  ::  [-1.5982509851455688, -0.06927976757287979, 0.05546250939369202]
1.2968828089864057  ::  6.121307  ::  [-1.5919592380523682, -0.06942397356033325, 0.05546195060014725]
1.29778407379173  ::  6.13722  ::  [-1.5825350284576416, -0.06963612139225006, 0.05546510964632034]
1.29778407379173  ::  6.153479  ::  [-1.5762531757354736, -0.06977806240320206, 0.05546627193689346]
1.2986623934303114  ::  6.168619  ::  [-1.5731103420257568, -0.06984836608171463, 0.05546414107084274]
1.2984214158186569  ::  6.183906  ::  [-1.5636838674545288, -0.07005960494279861, 0.055465638637542725]
1.2976409599842773  ::  6.198914  ::  [-1.55739426612854, -0.07020104676485062, 0.05546611174941063]
1.2976409599842773  ::  6.214373  ::  [-1.5479673147201538, -0.07041461020708084, 0.05546804890036583]
1.2968576226638413  ::  6.230085  ::  [-1.5416669845581055, -0.07055723667144775, 0.0554695688188076]
1.2944491272077656  ::  6.245213  ::  [-1.5353913307189941, -0.07070011645555496, 0.05546979233622551]
1.2933705976491383  ::  6.261029  ::  [-1.5259610414505005, -0.0709146037697792, 0.055468879640102386]
1.2933705976491383  ::  6.276236  ::  [-1.5196739435195923, -0.0710543692111969, 0.05547047033905983]
1.2918505603936932  ::  6.292275  ::  [-1.5102483034133911, -0.0712675154209137, 0.05546870827674866]
1.2918505603936932  ::  6.307963  ::  [-1.5008147954940796, -0.07147908210754395, 0.05546591058373451]
1.291802749069503  ::  6.323733  ::  [-1.494539499282837, -0.07162118703126907, 0.05546584352850914]
1.2939059137253381  ::  6.339181  ::  [-1.4851146936416626, -0.07183417677879333, 0.055464692413806915]
1.2939059137253381  ::  6.355245  ::  [-1.47568941116333, -0.07205089926719666, 0.05546368658542633]
1.2948057911484872  ::  6.371186  ::  [-1.4694048166275024, -0.0721929594874382, 0.05546361580491066]
1.2961583820475613  ::  6.386546  ::  [-1.459976315498352, -0.07240689545869827, 0.05546440929174423]
1.2968384127568007  ::  6.401848  ::  [-1.4536900520324707, -0.07254910469055176, 0.055463384836912155]
1.298473175845961  ::  6.417737  ::  [-1.444266676902771, -0.0727621391415596, 0.055465105921030045]
1.298473175845961  ::  6.433646  ::  [-1.4348351955413818, -0.07297403365373611, 0.05546693131327629]
1.2977204676550844  ::  6.44974  ::  [-1.4285364151000977, -0.07311846315860748, 0.05546324700117111]
1.2965211291255125  ::  6.465212  ::  [-1.4191163778305054, -0.07332950830459595, 0.055471088737249374]
1.2952671490825804  ::  6.480876  ::  [-1.4096860885620117, -0.07354149967432022, 0.05547090247273445]
1.2939624762294022  ::  6.495999  ::  [-1.4033939838409424, -0.0736851617693901, 0.05546433478593826]
1.2932429584890237  ::  6.51146  ::  [-1.3939740657806396, -0.07389532029628754, 0.05547012761235237]
1.2917914365686902  ::  6.527497  ::  [-1.3876769542694092, -0.07403875142335892, 0.05546727031469345]
1.2910705314461366  ::  6.543267  ::  [-1.3782583475112915, -0.07425180077552795, 0.055470794439315796]
1.2914518481008936  ::  6.558739  ::  [-1.3688325881958008, -0.07446357607841492, 0.05546845868229866]
1.2914518481008936  ::  6.574298  ::  [-1.359407663345337, -0.07467814534902573, 0.05546658858656883]
1.292407327532755  ::  6.589427  ::  [-1.353127121925354, -0.0748213529586792, 0.055466149002313614]
1.292407327532755  ::  6.605289  ::  [-1.3468341827392578, -0.07496266067028046, 0.055464427918195724]
1.2931625970445702  ::  6.620829  ::  [-1.3405565023422241, -0.0751032829284668, 0.055464841425418854]
1.2950572274873082  ::  6.636395  ::  [-1.3311340808868408, -0.07532064616680145, 0.0554644837975502]
1.2974983797853532  ::  6.652054  ::  [-1.3248484134674072, -0.07546262443065643, 0.05546381324529648]
1.2974983797853532  ::  6.667265  ::  [-1.3154082298278809, -0.07567417621612549, 0.05546419322490692]
1.2979904735707115  ::  6.683315  ::  [-1.3091354370117188, -0.07581676542758942, 0.055464424192905426]
1.298175208843419  ::  6.69907  ::  [-1.302851915359497, -0.07595492154359818, 0.05546518787741661]
1.2979732913760806  ::  6.714193  ::  [-1.2934198379516602, -0.0761706754565239, 0.05546947568655014]
1.2973650843748321  ::  6.730066  ::  [-1.2871308326721191, -0.07631229609251022, 0.05546952039003372]
1.2953958554597529  ::  6.745908  ::  [-1.277708649635315, -0.07652612030506134, 0.05546710267663002]
1.2953958554597529  ::  6.761548  ::  [-1.271416187286377, -0.07666675746440887, 0.05546938627958298]
1.294014342978412  ::  6.777279  ::  [-1.2619845867156982, -0.07688025385141373, 0.055468443781137466]
1.2929145758003342  ::  6.793395  ::  [-1.2557023763656616, -0.07702169567346573, 0.05546895042061806]
1.2919944212530865  ::  6.808935  ::  [-1.246280312538147, -0.0772358849644661, 0.0554644800722599]
1.2915168416197145  ::  6.824136  ::  [-1.239989161491394, -0.07737790048122406, 0.055469270795583725]
1.2916409589635383  ::  6.839397  ::  [-1.2305636405944824, -0.07758857309818268, 0.05546719580888748]
1.2930316495115763  ::  6.855168  ::  [-1.2242833375930786, -0.07773207873106003, 0.05546575039625168]
1.2937678158380568  ::  6.86981  ::  [-1.2148563861846924, -0.07794632017612457, 0.055462129414081573]
1.2954474020436453  ::  6.885916  ::  [-1.2085721492767334, -0.07808869332075119, 0.0554652102291584]
1.2954474020436453  ::  6.901388  ::  [-1.19914710521698, -0.078300841152668, 0.05546282231807709]
1.297233283068192  ::  6.91668  ::  [-1.19286048412323, -0.07844292372465134, 0.055465325713157654]
1.297233283068192  ::  6.932437  ::  [-1.1865818500518799, -0.0785847082734108, 0.05546323210000992]
1.2979685956210263  ::  6.947807  ::  [-1.1771490573883057, -0.078799769282341, 0.05546551197767258]
1.2984717884637857  ::  6.963168  ::  [-1.1708629131317139, -0.07894062250852585, 0.055468298494815826]
1.2978351934887995  ::  6.978763  ::  [-1.161424994468689, -0.07915353775024414, 0.05546756833791733]
1.296563817807825  ::  6.994253  ::  [-1.1551514863967896, -0.07929331064224243, 0.05546649545431137]
1.2949848701707884  ::  7.009709  ::  [-1.1457188129425049, -0.07950881123542786, 0.055470094084739685]
1.2939399579494824  ::  7.025294  ::  [-1.1362875699996948, -0.07972292602062225, 0.05546976253390312]
1.2939399579494824  ::  7.041188  ::  [-1.130007266998291, -0.07986126095056534, 0.05546651780605316]
1.29256986469066  ::  7.057001  ::  [-1.1205692291259766, -0.08007623255252838, 0.05547042191028595]
1.2917310320832178  ::  7.072304  ::  [-1.114291787147522, -0.08021780103445053, 0.05546896904706955]
1.2917310320832178  ::  7.088094  ::  [-1.1080026626586914, -0.08036256581544876, 0.05546799302101135]
1.2920244100524112  ::  7.103969  ::  [-1.0985796451568604, -0.08057602494955063, 0.05546607822179794]
1.2920244100524112  ::  7.119802  ::  [-1.0922937393188477, -0.08071717619895935, 0.05546707659959793]
1.2937813694946911  ::  7.13504  ::  [-1.0828700065612793, -0.0809314101934433, 0.05546330288052559]
1.2937813694946911  ::  7.150907  ::  [-1.0765868425369263, -0.08107292652130127, 0.05546318367123604]
1.2957264793042638  ::  7.166983  ::  [-1.070300817489624, -0.08121546357870102, 0.05546083301305771]
1.2957264793042638  ::  7.182156  ::  [-1.0640196800231934, -0.08135754615068436, 0.05546395480632782]
1.2974676439340882  ::  7.197721  ::  [-1.0545750856399536, -0.081570565700531, 0.055464692413806915]
1.2977847141219647  ::  7.213032  ::  [-1.0483063459396362, -0.08171162754297256, 0.05546475946903229]
1.2977847141219647  ::  7.229174  ::  [-1.0420159101486206, -0.08185495436191559, 0.0554673969745636]
1.2970898490956217  ::  7.245046  ::  [-1.0325896739959717, -0.08206615597009659, 0.055467743426561356]
1.2970898490956217  ::  7.260392  ::  [-1.0231602191925049, -0.08227847516536713, 0.05547022074460983]
1.2953789934302393  ::  7.275685  ::  [-1.0168745517730713, -0.08242033421993256, 0.055469635874032974]
1.2935791318622352  ::  7.291133  ::  [-1.010577917098999, -0.08256231248378754, 0.055468782782554626]
1.2935791318622352  ::  7.306389  ::  [-1.00115168094635, -0.08277527987957001, 0.055471278727054596]
1.2911714901798057  ::  7.321692  ::  [-0.9917290210723877, -0.0829869955778122, 0.055467210710048676]
1.2911714901798057  ::  7.336853  ::  [-0.9854445457458496, -0.08313050866127014, 0.05546777695417404]
1.2907580502916085  ::  7.352579  ::  [-0.969738245010376, -0.08348558098077774, 0.05546622723340988]
1.2910459854538068  ::  7.368504  ::  [-0.969738245010376, -0.08348558098077774, 0.05546622723340988]
1.2910459854538068  ::  7.384387  ::  [-0.9634484052658081, -0.08362855762243271, 0.055465713143348694]
1.291532316267053  ::  7.400082  ::  [-0.9571712613105774, -0.08377103507518768, 0.055464066565036774]
1.2944349332208966  ::  7.415867  ::  [-0.9477392435073853, -0.08398270606994629, 0.05546509474515915]
1.295401618431865  ::  7.431486  ::  [-0.9383213520050049, -0.08419565856456757, 0.055462174117565155]
1.2966821721795367  ::  7.446685  ::  [-0.9320344924926758, -0.08433685451745987, 0.05546484887599945]
1.2966821721795367  ::  7.462535  ::  [-0.9226025342941284, -0.08454881608486176, 0.055465810000896454]
1.2977313532690742  ::  7.478592  ::  [-0.9163240194320679, -0.08469188213348389, 0.055463045835494995]
1.2977313532690742  ::  7.494239  ::  [-0.9100300073623657, -0.08483465760946274, 0.05546779930591583]
1.297509799007872  ::  7.509925  ::  [-0.9006006717681885, -0.08504509925842285, 0.05546923726797104]
1.2972568685651698  ::  7.525448  ::  [-0.8911746740341187, -0.08525833487510681, 0.05546549707651138]
1.2961714020956667  ::  7.541419  ::  [-0.884882926940918, -0.08540092408657074, 0.05547202005982399]
1.295272805332987  ::  7.557303  ::  [-0.8785967826843262, -0.08554256707429886, 0.055471956729888916]
1.2937413488550231  ::  7.572748  ::  [-0.8691647052764893, -0.08575542271137238, 0.0554710291326046]
1.2919073363411688  ::  7.588176  ::  [-0.8597395420074463, -0.08596989512443542, 0.055468473583459854]
1.2911974235543107  ::  7.603754  ::  [-0.8440322875976562, -0.08632422983646393, 0.05546495318412781]
1.2910404359251062  ::  7.61907  ::  [-0.8440322875976562, -0.08632422983646393, 0.05546495318412781]
1.2910404359251062  ::  7.634626  ::  [-0.8377484083175659, -0.08646638691425323, 0.05546663701534271]
1.2923187485169563  ::  7.650484  ::  [-0.8314564228057861, -0.08661063015460968, 0.05546385422348976]
1.2930658004574265  ::  7.666178  ::  [-0.8220294713973999, -0.08682194352149963, 0.05546218156814575]
1.2930658004574265  ::  7.681075  ::  [-0.8157578110694885, -0.08696507662534714, 0.05546253174543381]
1.2941997185813543  ::  7.696555  ::  [-0.8094714283943176, -0.08710616827011108, 0.05546515807509422]
1.296498824289004  ::  7.711745  ::  [-0.8000460863113403, -0.08732019364833832, 0.05546313896775246]
1.296498824289004  ::  7.727717  ::  [-0.7937504053115845, -0.08746369183063507, 0.05546334758400917]
1.2976383986633384  ::  7.743247  ::  [-0.7843336462974548, -0.08767383545637131, 0.05546466261148453]
1.2981529040069109  ::  7.758381  ::  [-0.7749042510986328, -0.0878896564245224, 0.05546700209379196]
1.2977063803899211  ::  7.774488  ::  [-0.7654721736907959, -0.08809998631477356, 0.055468592792749405]
1.2972427813000067  ::  7.790453  ::  [-0.7591813802719116, -0.08824145793914795, 0.055467959493398666]
1.295912815402558  ::  7.806534  ::  [-0.7497568130493164, -0.0884549468755722, 0.055470652878284454]
1.2944208459557336  ::  7.822045  ::  [-0.7403244376182556, -0.08866842836141586, 0.05547191947698593]
1.2929426436089546  ::  7.837424  ::  [-0.7308974266052246, -0.08888240903615952, 0.05547010898590088]
1.2917335934041567  ::  7.852389  ::  [-0.7214683294296265, -0.08909198641777039, 0.05546681582927704]
1.2911426753192448  ::  7.868317  ::  [-0.7120343446731567, -0.08930866420269012, 0.05546658858656883]
1.2911426753192448  ::  7.883938  ::  [-0.7057591080665588, -0.08944933116436005, 0.05546700581908226]
1.2930821288784111  ::  7.899696  ::  [-0.6963355541229248, -0.08966287970542908, 0.055466923862695694]
1.2930821288784111  ::  7.915872  ::  [-0.6869082450866699, -0.08987927436828613, 0.055464666336774826]
1.2955214669074575  ::  7.931644  ::  [-0.6774803400039673, -0.0900883674621582, 0.05546468496322632]
1.2968360648792736  ::  7.947112  ::  [-0.6712003350257874, -0.09023291617631912, 0.0554627925157547]
1.2968360648792736  ::  7.963122  ::  [-0.6617724895477295, -0.09044469892978668, 0.05546575039625168]
1.2977071274418617  ::  7.97923  ::  [-0.6523417234420776, -0.09065811336040497, 0.055466774851083755]
