1.4334323777601239  ::  0.014959  ::  [-4.6497392654418945, 9.926110215019435e-05, 0.055466506630182266]
1.433423946745367  ::  0.030917  ::  [-4.649740219116211, 9.928480722010136e-05, 0.05546628683805466]
1.451579016446084  ::  0.046874  ::  [-4.649539470672607, 9.379566472489387e-05, 0.05650932714343071]
1.5014434528119969  ::  0.062832  ::  [-4.649539470672607, 9.379566472489387e-05, 0.05650932714343071]
1.5014434528119969  ::  0.078809  ::  [-4.644679546356201, -4.3993037252221256e-05, 0.05667010694742203]
1.480281712494299  ::  0.094746  ::  [-4.634527683258057, -0.0003080025489907712, 0.05607260391116142]
1.4367380825967042  ::  0.110729  ::  [-4.621969223022461, -0.0005457935039885342, 0.056963782757520676]
1.4083947185318553  ::  0.125932  ::  [-4.613514423370361, -0.0006725905695930123, 0.055920012295246124]
1.5097841810056403  ::  0.141895  ::  [-4.604730129241943, -0.0008874250343069434, 0.05562091991305351]
1.5146956206274083  ::  0.157853  ::  [-4.59792423248291, -0.0008907759329304099, 0.055569954216480255]
1.5146956206274083  ::  0.173787  ::  [-4.5909528732299805, -0.001100602326914668, 0.05546886473894119]
1.5148772609706485  ::  0.189747  ::  [-4.584672927856445, -0.0012605960946530104, 0.05546737089753151]
1.5139747155048546  ::  0.204706  ::  [-4.575246334075928, -0.001512550050392747, 0.05546935275197029]
1.5130129394923522  ::  0.220662  ::  [-4.568952560424805, -0.0016802068566903472, 0.05546986311674118]
1.5116880962367814  ::  0.235834  ::  [-4.556395530700684, -0.0020108588505536318, 0.05546625703573227]
1.5105358219794591  ::  0.251792  ::  [-4.556395530700684, -0.0020108588505536318, 0.05546625703573227]
1.5087063984989535  ::  0.267752  ::  [-4.550110340118408, -0.0021774747874587774, 0.0554690882563591]
1.5084354320879743  ::  0.283707  ::  [-4.540683746337891, -0.0024239039048552513, 0.05546800419688225]
1.5082584874997886  ::  0.300671  ::  [-4.531245231628418, -0.002673104638233781, 0.05546518415212631]
1.508361900832691  ::  0.315628  ::  [-4.531245231628418, -0.002673104638233781, 0.05546518415212631]
1.509347689228994  ::  0.331585  ::  [-4.521816253662109, -0.002925598295405507, 0.05546572059392929]
1.5103423355268772  ::  0.347104  ::  [-4.512403964996338, -0.003172077238559723, 0.05546664819121361]
1.5103423355268772  ::  0.36306  ::  [-4.506115913391113, -0.0033382936380803585, 0.0554637685418129]
1.5114200113118583  ::  0.378649  ::  [-4.496693134307861, -0.0035889032296836376, 0.055465344339609146]
1.513731390015673  ::  0.393609  ::  [-4.487267971038818, -0.0038348082453012466, 0.05546601489186287]
1.514681213197128  ::  0.409567  ::  [-4.480983257293701, -0.004001465160399675, 0.055464696139097214]
1.514681213197128  ::  0.425523  ::  [-4.474700927734375, -0.004168638028204441, 0.05546621233224869]
1.5151341401164644  ::  0.441119  ::  [-4.468410968780518, -0.004334188532084227, 0.055467624217271805]
1.5150417191192576  ::  0.456969  ::  [-4.458988189697266, -0.004584104288369417, 0.05546479672193527]
1.5149968960028293  ::  0.472921  ::  [-4.452698707580566, -0.004748011939227581, 0.05547083169221878]
1.5144426901847063  ::  0.488879  ::  [-4.446419715881348, -0.004914400167763233, 0.05546514689922333]
1.5124033451089287  ::  0.503817  ::  [-4.440133094787598, -0.005078483372926712, 0.05547025054693222]
1.5124033451089287  ::  0.519779  ::  [-4.43070650100708, -0.005326403770595789, 0.05546758323907852]
1.511362061425619  ::  0.535465  ::  [-4.424407005310059, -0.005494727753102779, 0.0554637685418129]
1.5107900330826305  ::  0.551367  ::  [-4.418135166168213, -0.005659164395183325, 0.05546946078538895]
1.5092021208223083  ::  0.567324  ::  [-4.408709526062012, -0.005907739512622356, 0.0554666630923748]
1.5074704544242985  ::  0.583282  ::  [-4.402413368225098, -0.0060732802376151085, 0.05546529218554497]
1.5076660753109958  ::  0.599447  ::  [-4.386714935302734, -0.00648966059088707, 0.055466100573539734]
1.5076660753109958  ::  0.615196  ::  [-4.386714935302734, -0.00648966059088707, 0.055466100573539734]
1.5097201479821714  ::  0.6322  ::  [-4.371009826660156, -0.006904102861881256, 0.055462546646595]
1.5105966533517545  ::  0.647157  ::  [-4.371009826660156, -0.006904102861881256, 0.055462546646595]
1.511473372164749  ::  0.663205  ::  [-4.364724636077881, -0.007071719970554113, 0.05546421557664871]
1.511473372164749  ::  0.67837  ::  [-4.355286121368408, -0.0073182592168450356, 0.055464696139097214]
1.5125671629273032  ::  0.694338  ::  [-4.349012851715088, -0.007484642323106527, 0.05546491593122482]
1.5135007644094793  ::  0.709298  ::  [-4.339587211608887, -0.007732813246548176, 0.0554676428437233]
1.5132590397458843  ::  0.725267  ::  [-4.336443901062012, -0.007815996184945107, 0.05546412616968155]
1.5132590397458843  ::  0.741214  ::  [-4.330155372619629, -0.007982058450579643, 0.05546797811985016]
1.5131984218170005  ::  0.757141  ::  [-4.327020645141602, -0.008064961060881615, 0.055461782962083817]
1.5129786818247963  ::  0.773127  ::  [-4.3175859451293945, -0.00831403024494648, 0.0554700531065464]
1.5106338992270723  ::  0.789062  ::  [-4.301873683929443, -0.008723913691937923, 0.05546974390745163]
1.5106338992270723  ::  0.805019  ::  [-4.301873683929443, -0.008723913691937923, 0.05546974390745163]
1.5075479343826959  ::  0.819979  ::  [-4.292448043823242, -0.008974765427410603, 0.05546901002526283]
1.506546351173937  ::  0.835932  ::  [-4.276734828948975, -0.00938717182725668, 0.05546911433339119]
1.506546351173937  ::  0.851888  ::  [-4.276734828948975, -0.00938717182725668, 0.05546911433339119]
1.506600032191945  ::  0.867845  ::  [-4.267311096191406, -0.009637376293540001, 0.05546606332063675]
1.5072916955671145  ::  0.883803  ::  [-4.261014938354492, -0.00980218593031168, 0.0554647333920002]
1.5072916955671145  ::  0.899433  ::  [-4.251603126525879, -0.010051548480987549, 0.05546646565198898]
1.5096794870122687  ::  0.915391  ::  [-4.242170333862305, -0.010299752466380596, 0.05546388775110245]
1.5096794870122687  ::  0.931465  ::  [-4.232750415802002, -0.01054985262453556, 0.0554654486477375]
1.5129092059943328  ::  0.947307  ::  [-4.223320484161377, -0.010800229385495186, 0.05546488240361214]
1.5129195579997934  ::  0.963292  ::  [-4.21389102935791, -0.011047262698411942, 0.05546860024333]
1.5129195579997934  ::  0.979219  ::  [-4.210752487182617, -0.011126404628157616, 0.055466070771217346]
1.513661060411563  ::  0.995179  ::  [-4.204460620880127, -0.011295052245259285, 0.055464815348386765]
1.5139648971079227  ::  1.011134  ::  [-4.195044040679932, -0.011542406864464283, 0.055468056350946426]
1.5124472077300049  ::  1.026481  ::  [-4.185617446899414, -0.011791844852268696, 0.05546824634075165]
1.5124472077300049  ::  1.042466  ::  [-4.179327011108398, -0.011957710608839989, 0.05546798184514046]
1.5117142430546977  ::  1.058417  ::  [-4.1730427742004395, -0.012122771702706814, 0.055467959493398666]
1.5095635872397901  ::  1.073803  ::  [-4.16362190246582, -0.012370070442557335, 0.05546664446592331]
1.507689447364562  ::  1.089215  ::  [-4.1573333740234375, -0.012536647729575634, 0.05546646565198898]
1.507689447364562  ::  1.105197  ::  [-4.154186725616455, -0.012619364075362682, 0.055469121783971786]
1.5058957756554932  ::  1.121174  ::  [-4.144745826721191, -0.012867584824562073, 0.055468589067459106]
1.505875391809689  ::  1.136911  ::  [-4.135340213775635, -0.01311484258621931, 0.05546652153134346]
1.5061970510309142  ::  1.152145  ::  [-4.129036903381348, -0.013280819170176983, 0.055465973913669586]
1.5066135858485792  ::  1.168104  ::  [-4.119630813598633, -0.013531136326491833, 0.055465035140514374]
1.5075625552563878  ::  1.18406  ::  [-4.113346576690674, -0.013699891977012157, 0.055463142693042755]
1.5090197334271278  ::  1.200012  ::  [-4.103917598724365, -0.01394575834274292, 0.05546187609434128]
1.5090197334271278  ::  1.215971  ::  [-4.094488143920898, -0.014193889684975147, 0.05546706169843674]
1.5123535060723288  ::  1.231466  ::  [-4.085061073303223, -0.014442036859691143, 0.05546718090772629]
1.5128664105903142  ::  1.248421  ::  [-4.066206932067871, -0.014934951439499855, 0.05546629801392555]
1.5120791245667646  ::  1.263406  ::  [-4.066206932067871, -0.014934951439499855, 0.05546629801392555]
1.511363982416323  ::  1.278941  ::  [-4.056778907775879, -0.015184621326625347, 0.05546659603714943]
1.5102109611070602  ::  1.294955  ::  [-4.050501346588135, -0.015352006070315838, 0.055466413497924805]
1.5091775748299785  ::  1.310907  ::  [-4.041071891784668, -0.015598410740494728, 0.05546684190630913]
1.5082503766501494  ::  1.326913  ::  [-4.034785270690918, -0.0157632976770401, 0.05546729639172554]
1.5082503766501494  ::  1.342865  ::  [-4.028488636016846, -0.015928441658616066, 0.05546880513429642]
1.5071931914326782  ::  1.358809  ::  [-4.019070625305176, -0.01617995649576187, 0.05546853318810463]
1.506211778626312  ::  1.374771  ::  [-4.012793064117432, -0.016343919560313225, 0.05546145141124725]
1.5065172161482585  ::  1.390725  ::  [-4.003362655639648, -0.01659177616238594, 0.055468346923589706]
1.5078342687193074  ::  1.406248  ::  [-3.993936061859131, -0.016843128949403763, 0.05546610802412033]
1.5078342687193074  ::  1.422205  ::  [-3.984511613845825, -0.017087923362851143, 0.05546524003148079]
1.5107414747064998  ::  1.438176  ::  [-3.9750864505767822, -0.01733865588903427, 0.05546436458826065]
1.5119798733803878  ::  1.454021  ::  [-3.9656620025634766, -0.017587143927812576, 0.055466797202825546]
1.5135913711376876  ::  1.470134  ::  [-3.9593780040740967, -0.017754046246409416, 0.05546684190630913]
1.513840352877276  ::  1.486092  ::  [-3.9468111991882324, -0.018084866926074028, 0.05546504259109497]
1.51433255338434  ::  1.502049  ::  [-3.940523624420166, -0.018249915912747383, 0.05546724051237106]
1.5134532732504065  ::  1.517675  ::  [-3.9310970306396484, -0.018499700352549553, 0.05546630546450615]
1.5134532732504065  ::  1.533632  ::  [-3.9216644763946533, -0.018748991191387177, 0.05546989664435387]
1.5108065749470265  ::  1.549593  ::  [-3.9122419357299805, -0.018995650112628937, 0.055467765778303146]
1.510409356758108  ::  1.565547  ::  [-3.9028122425079346, -0.01924307830631733, 0.05546750873327255]
1.508940545921438  ::  1.581179  ::  [-3.89338755607605, -0.01949300803244114, 0.05546686798334122]
1.5083842056691992  ::  1.597164  ::  [-3.8871023654937744, -0.019658992066979408, 0.0554657019674778]
1.507057654866336  ::  1.613124  ::  [-3.8871023654937744, -0.019658992066979408, 0.0554657019674778]
1.5068347132229583  ::  1.629079  ::  [-3.8776743412017822, -0.019907336682081223, 0.05546761304140091]
1.5068347132229583  ::  1.644201  ::  [-3.8713903427124023, -0.020074933767318726, 0.0554669052362442]
1.5096937877208434  ::  1.660171  ::  [-3.8619637489318848, -0.020318062976002693, 0.055463217198848724]
1.5109340006637295  ::  1.676086  ::  [-3.8556809425354004, -0.020485185086727142, 0.055464472621679306]
1.5120680255093633  ::  1.692093  ::  [-3.849391222000122, -0.020654181018471718, 0.05546541139483452]
1.5137755728018665  ::  1.707501  ::  [-3.839968681335449, -0.020899945870041847, 0.05546532943844795]
1.5161047740305467  ::  1.723463  ::  [-3.8305468559265137, -0.02115197852253914, 0.055464453995227814]
1.5161047740305467  ::  1.739002  ::  [-3.82425856590271, -0.02131635509431362, 0.05546380952000618]
1.517584150316089  ::  1.75494  ::  [-3.8179771900177, -0.021482005715370178, 0.055463455617427826]
1.5180432670943609  ::  1.770896  ::  [-3.814832925796509, -0.021567432209849358, 0.05546514689922333]
1.5179730442119566  ::  1.786873  ::  [-3.808537721633911, -0.021733472123742104, 0.05546361953020096]
1.5179730442119566  ::  1.802547  ::  [-3.799118995666504, -0.021980982273817062, 0.05546950176358223]
1.5175306827414925  ::  1.817771  ::  [-3.7896904945373535, -0.022230569273233414, 0.055471185594797134]
1.5142479230716552  ::  1.832709  ::  [-3.7833945751190186, -0.022395949810743332, 0.05546998605132103]
1.5127734559845787  ::  1.848036  ::  [-3.7739720344543457, -0.022643815726041794, 0.05546633526682854]
1.5116078415140337  ::  1.863348  ::  [-3.764552116394043, -0.022891879081726074, 0.055469758808612823]
1.5116078415140337  ::  1.879305  ::  [-3.758267879486084, -0.023059476166963577, 0.055468153208494186]
1.5101803319775011  ::  1.895262  ::  [-3.7488279342651367, -0.023310141637921333, 0.05546838045120239]
1.5101803319775011  ::  1.911219  ::  [-3.7425601482391357, -0.023474272340536118, 0.05546393245458603]
1.5099783077884568  ::  1.927177  ::  [-3.7425601482391357, -0.023474272340536118, 0.05546393245458603]
1.5099783077884568  ::  1.942778  ::  [-3.7331271171569824, -0.023724636062979698, 0.055469363927841187]
1.5100989033159897  ::  1.95874  ::  [-3.729987144470215, -0.023806607350707054, 0.05546782165765762]
1.5120714406039484  ::  1.9747  ::  [-3.7237026691436768, -0.02397312968969345, 0.05546573922038078]
1.5120714406039484  ::  1.990312  ::  [-3.714277505874634, -0.024222271516919136, 0.055464986711740494]
1.5134353440038353  ::  2.006292  ::  [-3.7079954147338867, -0.02439182624220848, 0.05546136945486069]
1.5143119560951241  ::  2.022221  ::  [-3.7017147541046143, -0.02455555833876133, 0.055462151765823364]
1.516335506358446  ::  2.037244  ::  [-3.692291259765625, -0.024805746972560883, 0.055463723838329315]
1.5174713454730782  ::  2.052503  ::  [-3.6859934329986572, -0.024972114711999893, 0.0554654560983181]
1.5178838248659234  ::  2.0685  ::  [-3.6765716075897217, -0.02522246167063713, 0.055464111268520355]
1.5178838248659234  ::  2.084459  ::  [-3.6671345233917236, -0.025469491258263588, 0.05546716973185539]
1.5173270577268616  ::  2.100307  ::  [-3.6640045642852783, -0.025552120059728622, 0.05546845495700836]
1.5164152274726648  ::  2.115931  ::  [-3.657723903656006, -0.02571811154484749, 0.05546620115637779]
1.51461184408837  ::  2.13217  ::  [-3.638866901397705, -0.026220262050628662, 0.05546638369560242]
1.5136048180726163  ::  2.147234  ::  [-3.638866901397705, -0.026220262050628662, 0.05546638369560242]
1.5136048180726163  ::  2.163191  ::  [-3.6325747966766357, -0.026384031400084496, 0.05546589940786362]
1.5121222401359002  ::  2.178919  ::  [-3.6231534481048584, -0.02663535811007023, 0.055466946214437485]
1.5116544788994601  ::  2.193954  ::  [-3.6137263774871826, -0.026884889230132103, 0.05546564608812332]
1.5113576858356819  ::  2.208902  ::  [-3.607438564300537, -0.027050774544477463, 0.055465538054704666]
1.5113291911402382  ::  2.224855  ::  [-3.601151466369629, -0.027217265218496323, 0.05546940118074417]
1.5140060916863545  ::  2.24084  ::  [-3.5917296409606934, -0.02746598981320858, 0.05546744912862778]
1.5140060916863545  ::  2.256283  ::  [-3.582306146621704, -0.027714839205145836, 0.05546550452709198]
1.5150607155828866  ::  2.272268  ::  [-3.572880744934082, -0.027967039495706558, 0.055464547127485275]
1.5158827928825211  ::  2.28823  ::  [-3.566601276397705, -0.028132155537605286, 0.05546405166387558]
1.5167639940071587  ::  2.304183  ::  [-3.560314178466797, -0.02829802595078945, 0.05546654760837555]
1.5172030471047435  ::  2.320142  ::  [-3.55403208732605, -0.028464477509260178, 0.05546446889638901]
1.5181243755907547  ::  2.336101  ::  [-3.547743320465088, -0.028631161898374557, 0.05546820908784866]
1.5181243755907547  ::  2.352057  ::  [-3.538313865661621, -0.028881359845399857, 0.0554695650935173]
1.5170399763383093  ::  2.367582  ::  [-3.528888702392578, -0.02912922203540802, 0.05546843633055687]
1.5170399763383093  ::  2.38354  ::  [-3.5226027965545654, -0.02929387427866459, 0.05546809360384941]
1.5150140781974601  ::  2.399497  ::  [-3.5131778717041016, -0.029541388154029846, 0.055468279868364334]
1.512111567965322  ::  2.415426  ::  [-3.5037484169006348, -0.0297939982265234, 0.055468715727329254]
1.511903140473931  ::  2.431383  ::  [-3.494314193725586, -0.030040789395570755, 0.05546683445572853]
1.5111836227335524  ::  2.446715  ::  [-3.4848828315734863, -0.030291253700852394, 0.05546746402978897]
1.5111836227335524  ::  2.462705  ::  [-3.4848828315734863, -0.030291253700852394, 0.05546746402978897]
1.5110889605805242  ::  2.478629  ::  [-3.4786083698272705, -0.030457090586423874, 0.055467963218688965]
1.5116095490613262  ::  2.494587  ::  [-3.4691836833953857, -0.03070666454732418, 0.05546438321471214]
1.5123927796600563  ::  2.511224  ::  [-3.4534661769866943, -0.03112201765179634, 0.05546265095472336]
1.5130857236956952  ::  2.526183  ::  [-3.4503285884857178, -0.03120465949177742, 0.05546502768993378]
1.5136201859982488  ::  2.542139  ::  [-3.4503285884857178, -0.03120465949177742, 0.05546502768993378]
1.5136201859982488  ::  2.55744  ::  [-3.4471940994262695, -0.03128833323717117, 0.0554627850651741]
1.5136201859982488  ::  2.574373  ::  [-3.4471940994262695, -0.03128833323717117, 0.0554627850651741]
1.5141447231821645  ::  2.604299  ::  [-3.444049596786499, -0.031373031437397, 0.05546460300683975]
1.5150837674713356  ::  2.619489  ::  [-3.444049596786499, -0.031373031437397, 0.05546460300683975]
1.515349611240437  ::  2.63842  ::  [-3.437762975692749, -0.031540609896183014, 0.05546620488166809]
1.515349611240437  ::  2.651384  ::  [-3.437762975692749, -0.031540609896183014, 0.05546620488166809]
1.5157014727043985  ::  2.667728  ::  [-3.437762975692749, -0.031540609896183014, 0.05546620488166809]
1.5168289875259795  ::  2.683299  ::  [-3.4346113204956055, -0.03162161260843277, 0.05546652898192406]
1.5168289875259795  ::  2.698259  ::  [-3.4283416271209717, -0.031786903738975525, 0.05546419695019722]
1.518454785991854  ::  2.713664  ::  [-3.418911933898926, -0.03203978389501572, 0.055464863777160645]
1.5183745312691064  ::  2.729622  ::  [-3.4126198291778564, -0.03220580518245697, 0.055463723838329315]
1.5183745312691064  ::  2.745578  ::  [-3.403200626373291, -0.03245309367775917, 0.05546918883919716]
1.517943589021161  ::  2.761564  ::  [-3.393777370452881, -0.03270205110311508, 0.05546543002128601]
1.5162199267510847  ::  2.777524  ::  [-3.3843469619750977, -0.032948970794677734, 0.055468760430812836]
1.5135467614646712  ::  2.793451  ::  [-3.3749196529388428, -0.033201511949300766, 0.055466461926698685]
1.5135467614646712  ::  2.809033  ::  [-3.3686342239379883, -0.033367373049259186, 0.05546592175960541]
1.5119361174810173  ::  2.824377  ::  [-3.3592052459716797, -0.03361695259809494, 0.05546819418668747]
1.5110137217779485  ::  2.83935  ::  [-3.3497819900512695, -0.03386600315570831, 0.05546768382191658]
1.5108924859201807  ::  2.855294  ::  [-3.3403589725494385, -0.03411487117409706, 0.05546308308839798]
1.5109677247227566  ::  2.871285  ::  [-3.334075689315796, -0.03428078815340996, 0.05546475574374199]
1.5116788114483783  ::  2.887244  ::  [-3.324638843536377, -0.03453315049409866, 0.05546099692583084]
1.5129594719177557  ::  2.903199  ::  [-3.3152263164520264, -0.03478157892823219, 0.055462948977947235]
1.514313450199005  ::  2.919158  ::  [-3.3089427947998047, -0.03494705259799957, 0.05546269565820694]
1.514887186089286  ::  2.935116  ::  [-3.3026416301727295, -0.03511544317007065, 0.05546342208981514]
1.5161140588189497  ::  2.950782  ::  [-3.2963709831237793, -0.03527984023094177, 0.055465541779994965]
1.5177401774499415  ::  2.966742  ::  [-3.2869489192962646, -0.03552893549203873, 0.0554647296667099]
1.5177401774499415  ::  2.982727  ::  [-3.2775211334228516, -0.03577599674463272, 0.055463556200265884]
1.5174185182287163  ::  2.998695  ::  [-3.268083095550537, -0.036028534173965454, 0.05546480417251587]
1.5174185182287163  ::  3.014612  ::  [-3.2649450302124023, -0.036110781133174896, 0.055470071732997894]
1.5152353122935451  ::  3.02989  ::  [-3.261810779571533, -0.03619442880153656, 0.05546538159251213]
1.5146726754606654  ::  3.045871  ::  [-3.2523727416992188, -0.03644101321697235, 0.05546402931213379]
1.5127881835799766  ::  3.061805  ::  [-3.249236822128296, -0.03652295470237732, 0.055468350648880005]
1.5127881835799766  ::  3.077433  ::  [-3.239809274673462, -0.03677409887313843, 0.05546850711107254]
1.5110566239036725  ::  3.093284  ::  [-3.23038649559021, -0.03702300041913986, 0.055466555058956146]
1.5099494929278958  ::  3.109238  ::  [-3.224097967147827, -0.03718756139278412, 0.05546703189611435]
1.5097932523506317  ::  3.125175  ::  [-3.2146763801574707, -0.03743579238653183, 0.05546704679727554]
1.5097932523506317  ::  3.141151  ::  [-3.2052488327026367, -0.03768741339445114, 0.0554656982421875]
1.5102642152382453  ::  3.156917  ::  [-3.1958260536193848, -0.037934646010398865, 0.05545908212661743]
1.5120873421381098  ::  3.172881  ::  [-3.1864004135131836, -0.038184285163879395, 0.05546426400542259]
1.5133609589749055  ::  3.188839  ::  [-3.1801044940948486, -0.038350511342287064, 0.05545817315578461]
1.5145275339408026  ::  3.204795  ::  [-3.1706907749176025, -0.03860132023692131, 0.05546179786324501]
1.5145275339408026  ::  3.220752  ::  [-3.1644065380096436, -0.03876768797636032, 0.05546141415834427]
1.5148824903342317  ::  3.236711  ::  [-3.1612629890441895, -0.038849297910928726, 0.05546547472476959]
1.5158459738940266  ::  3.252669  ::  [-3.154977798461914, -0.03901417925953865, 0.055467166006565094]
1.5158459738940266  ::  3.268324  ::  [-3.1486947536468506, -0.03918303921818733, 0.055466391146183014]
1.5159232404090124  ::  3.28426  ::  [-3.145556688308716, -0.03926241025328636, 0.05546524375677109]
1.5157572881565222  ::  3.301216  ::  [-3.1329824924468994, -0.039593979716300964, 0.055462438613176346]
1.5146897509335904  ::  3.315834  ::  [-3.1329824924468994, -0.039593979716300964, 0.055462438613176346]
1.5137365126575504  ::  3.331118  ::  [-3.123549222946167, -0.03984200209379196, 0.055469319224357605]
1.5137365126575504  ::  3.347085  ::  [-3.117265224456787, -0.040007296949625015, 0.055469878017902374]
1.5111659069303927  ::  3.363033  ::  [-3.1078333854675293, -0.04025942087173462, 0.05546661838889122]
1.5102021032054804  ::  3.378212  ::  [-3.1015594005584717, -0.04042503237724304, 0.055464498698711395]
1.5102021032054804  ::  3.394183  ::  [-3.092132091522217, -0.040671855211257935, 0.055466122925281525]
1.514111746175078  ::  3.410126  ::  [-3.0827043056488037, -0.04092215746641159, 0.055466294288635254]
1.514111746175078  ::  3.426164  ::  [-3.0764174461364746, -0.04109293967485428, 0.05546262115240097]
1.5163103200358816  ::  3.442121  ::  [-3.0669965744018555, -0.04134371876716614, 0.05546405911445618]
1.5163103200358816  ::  3.45805  ::  [-3.0575671195983887, -0.04159390926361084, 0.055462200194597244]
1.5169587611202098  ::  3.474036  ::  [-3.0512797832489014, -0.04175824671983719, 0.055462390184402466]
1.520227433524884  ::  3.489993  ::  [-3.041860580444336, -0.04201097413897514, 0.055465217679739]
1.520227433524884  ::  3.505532  ::  [-3.0324323177337646, -0.04225916415452957, 0.055464938282966614]
1.521333497283603  ::  3.521475  ::  [-3.023008346557617, -0.04250882938504219, 0.05546358972787857]
1.5210598628299792  ::  3.537152  ::  [-3.0135815143585205, -0.04275807365775108, 0.05546513944864273]
1.521205004349842  ::  3.553083  ::  [-3.0072991847991943, -0.04292457923293114, 0.05546736717224121]
1.520554535553104  ::  3.569034  ::  [-3.004150152206421, -0.04300839453935623, 0.05546525865793228]
1.520554535553104  ::  3.585026  ::  [-2.997868776321411, -0.043175335973501205, 0.05546509847044945]
1.5197412094333438  ::  3.600346  ::  [-2.9915878772735596, -0.043341152369976044, 0.05546557903289795]
1.5182387812593525  ::  3.616295  ::  [-2.982151508331299, -0.04359101504087448, 0.05546816438436508]
1.5167441437698832  ::  3.63223  ::  [-2.972724676132202, -0.04383997991681099, 0.0554654598236084]
1.5153581489768997  ::  3.648187  ::  [-2.9633028507232666, -0.04409133642911911, 0.05546785145998001]
1.5142244442963833  ::  3.664168  ::  [-2.9538774490356445, -0.044341277331113815, 0.05546680465340614]
1.514540020380379  ::  3.680102  ::  [-2.9475927352905273, -0.044506676495075226, 0.055463459342718124]
1.514540020380379  ::  3.696059  ::  [-2.9381651878356934, -0.04475622624158859, 0.055464405566453934]
1.5150292326796813  ::  3.7116  ::  [-2.9287402629852295, -0.045006781816482544, 0.05546525493264198]
1.517402083086026  ::  3.72753  ::  [-2.919318675994873, -0.0452575646340847, 0.055465519428253174]
1.517402083086026  ::  3.743075  ::  [-2.9130353927612305, -0.04542112350463867, 0.05546325445175171]
1.519894888689669  ::  3.75804  ::  [-2.9036078453063965, -0.04567166417837143, 0.055463481694459915]
1.519894888689669  ::  3.77402  ::  [-2.8941810131073, -0.045924436300992966, 0.05546184256672859]
1.520189867484449  ::  3.789977  ::  [-2.88789963722229, -0.0460871197283268, 0.05546431988477707]
1.5202178285713637  ::  3.805592  ::  [-2.8784642219543457, -0.04633728787302971, 0.055467911064624786]
1.519248368596045  ::  3.821157  ::  [-2.8690390586853027, -0.04658365994691849, 0.055468231439590454]
1.519248368596045  ::  3.837116  ::  [-2.8659024238586426, -0.04666884243488312, 0.05546828359365463]
1.5179268337133534  ::  3.852884  ::  [-2.8627612590789795, -0.046750567853450775, 0.05546548217535019]
1.5179268337133534  ::  3.8681  ::  [-2.856475591659546, -0.046919114887714386, 0.05546706169843674]
1.516743289996237  ::  3.88403  ::  [-2.8470449447631836, -0.047168269753456116, 0.0554681196808815]
1.5157737232992126  ::  3.900009  ::  [-2.840761184692383, -0.04733896255493164, 0.05546656996011734]
1.5142029932335213  ::  3.915945  ::  [-2.83133602142334, -0.04758445918560028, 0.05546620115637779]
1.5129792154333253  ::  3.931902  ::  [-2.821911334991455, -0.04783559590578079, 0.05546526983380318]
1.512359695931264  ::  3.947859  ::  [-2.8124794960021973, -0.04808531701564789, 0.055467333644628525]
1.5133195509530624  ::  3.963817  ::  [-2.8062024116516113, -0.048252057284116745, 0.055463291704654694]
1.5133195509530624  ::  3.979798  ::  [-2.796781301498413, -0.048503659665584564, 0.05546330288052559]
1.5148200581363496  ::  3.995732  ::  [-2.78735089302063, -0.048754844814538956, 0.0554623082280159]
1.5165661319646397  ::  4.011712  ::  [-2.777926206588745, -0.04900117218494415, 0.055463455617427826]
1.5181510560172  ::  4.026499  ::  [-2.768498182296753, -0.04925083369016647, 0.055465083569288254]
1.5190319369767202  ::  4.041459  ::  [-2.7590675354003906, -0.04950007051229477, 0.0554649755358696]
1.5183992907048478  ::  4.05839  ::  [-2.7433578968048096, -0.0499136783182621, 0.05546826869249344]
1.517929928642821  ::  4.073376  ::  [-2.7433578968048096, -0.0499136783182621, 0.05546826869249344]
1.5176231037386994  ::  4.089329  ::  [-2.737065315246582, -0.050080545246601105, 0.0554656945168972]
1.5176231037386994  ::  4.105289  ::  [-2.733931541442871, -0.050165921449661255, 0.055468328297138214]
1.5167943029716004  ::  4.120932  ::  [-2.727644443511963, -0.05033020302653313, 0.055469293147325516]
1.5159715853417313  ::  4.13689  ::  [-2.7213640213012695, -0.050500959157943726, 0.0554666668176651]
1.5140537962888387  ::  4.151851  ::  [-2.7119300365448, -0.05074853450059891, 0.05546925961971283]
1.5128556316980304  ::  4.16778  ::  [-2.702505350112915, -0.05099155753850937, 0.05546797811985016]
1.5115505319580291  ::  4.183891  ::  [-2.693079948425293, -0.05124088004231453, 0.055467575788497925]
1.5115505319580291  ::  4.199848  ::  [-2.683655261993408, -0.05149571970105171, 0.05546475201845169]
1.5119455089911262  ::  4.215806  ::  [-2.6742281913757324, -0.05174562707543373, 0.055460743606090546]
1.5128434654235714  ::  4.231453  ::  [-2.6648051738739014, -0.05199434608221054, 0.0554630346596241]
1.5141819690574823  ::  4.246472  ::  [-2.6553823947906494, -0.05224313214421272, 0.05546211451292038]
1.5184292795041723  ::  4.262433  ::  [-2.645949602127075, -0.052494585514068604, 0.05546683818101883]
1.5184292795041723  ::  4.277773  ::  [-2.6365299224853516, -0.05274349823594093, 0.05546652153134346]
1.5190045094983344  ::  4.293755  ::  [-2.633387565612793, -0.05282462388277054, 0.05546446889638901]
1.5190045094983344  ::  4.309226  ::  [-2.6271021366119385, -0.052992261946201324, 0.0554647371172905]
1.5193999134182545  ::  4.325188  ::  [-2.6176657676696777, -0.053242139518260956, 0.055463116616010666]
1.5188301262310875  ::  4.34125  ::  [-2.611389636993408, -0.05340762063860893, 0.055466022342443466]
1.517333140864091  ::  4.357172  ::  [-2.598820209503174, -0.05373851954936981, 0.05546749383211136]
1.5163082923234719  ::  4.372702  ::  [-2.592522382736206, -0.05390611290931702, 0.05546826496720314]
1.5133569035500858  ::  4.388635  ::  [-2.5831103324890137, -0.054154686629772186, 0.055465925484895706]
1.5121770950926718  ::  4.404593  ::  [-2.5736796855926514, -0.054405052214860916, 0.05546708032488823]
1.5121770950926718  ::  4.420141  ::  [-2.5642552375793457, -0.054654549807310104, 0.055465273559093475]
1.5119637584028147  ::  4.436097  ::  [-2.554826021194458, -0.054906196892261505, 0.05546526983380318]
1.5119637584028147  ::  4.452055  ::  [-2.5516815185546875, -0.05498743802309036, 0.055467620491981506]
1.512723937113096  ::  4.467902  ::  [-2.545405149459839, -0.05515412241220474, 0.05546369031071663]
1.512723937113096  ::  4.483881  ::  [-2.5359761714935303, -0.05540305748581886, 0.05546344071626663]
1.5152194107593837  ::  4.499822  ::  [-2.529690980911255, -0.05556885898113251, 0.05546531453728676]
1.5168699686609997  ::  4.515781  ::  [-2.520268440246582, -0.055821046233177185, 0.05546381324529648]
1.5176377246123913  ::  4.531702  ::  [-2.510843276977539, -0.05606803670525551, 0.055464230477809906]
1.5187178549966054  ::  4.547403  ::  [-2.501408815383911, -0.0563177689909935, 0.05546411871910095]
1.5187178549966054  ::  4.562402  ::  [-2.4919865131378174, -0.05656639114022255, 0.05546702444553375]
1.5187178549966054  ::  4.577725  ::  [-2.4919865131378174, -0.05656639114022255, 0.05546702444553375]
1.5185635354100455  ::  4.593658  ::  [-2.4857001304626465, -0.05673296004533768, 0.0554676428437233]
1.5185635354100455  ::  4.60964  ::  [-2.4794204235076904, -0.056898899376392365, 0.05546599254012108]
1.5167272817403699  ::  4.625604  ::  [-2.469991683959961, -0.05714796110987663, 0.055467285215854645]
1.5167272817403699  ::  4.640876  ::  [-2.463703155517578, -0.057313691824674606, 0.0554693266749382]
1.5158027516031851  ::  4.65685  ::  [-2.4574167728424072, -0.05748165398836136, 0.055468518286943436]
1.5150260310285077  ::  4.672355  ::  [-2.4511380195617676, -0.05764465779066086, 0.05546768754720688]
1.5140171907437556  ::  4.688311  ::  [-2.444849967956543, -0.057812172919511795, 0.05546886846423149]
1.512740478977492  ::  4.704269  ::  [-2.435421943664551, -0.05806207284331322, 0.05546717718243599]
1.5121982259904168  ::  4.719886  ::  [-2.4259986877441406, -0.05830887705087662, 0.05546479672193527]
1.5124352548989572  ::  4.73584  ::  [-2.4165761470794678, -0.05856252834200859, 0.05546298623085022]
1.512788397023388  ::  4.751801  ::  [-2.4071507453918457, -0.05881112068891525, 0.055461585521698]
1.5140445115004357  ::  4.767726  ::  [-2.3977129459381104, -0.05905961990356445, 0.055461592972278595]
1.5153619909583078  ::  4.782686  ::  [-2.3883004188537598, -0.059310171753168106, 0.05546332150697708]
1.5169209816363631  ::  4.798007  ::  [-2.3788771629333496, -0.05956047400832176, 0.055463049560785294]
1.5182921421122433  ::  4.81361  ::  [-2.3694403171539307, -0.05981109291315079, 0.055463846772909164]
1.5192684322767318  ::  4.829567  ::  [-2.3600213527679443, -0.060056474059820175, 0.05546462908387184]
1.519195541351683  ::  4.845526  ::  [-2.356877088546753, -0.06014123186469078, 0.055465515702962875]
1.5192533845162166  ::  4.861482  ::  [-2.344306230545044, -0.06047375500202179, 0.05546749755740166]
1.5192533845162166  ::  4.877439  ::  [-2.344306230545044, -0.06047375500202179, 0.05546749755740166]
1.5180642912703999  ::  4.892563  ::  [-2.334883689880371, -0.060721851885318756, 0.05546576529741287]
1.5178236338238627  ::  4.908551  ::  [-2.3317341804504395, -0.06080574169754982, 0.0554676353931427]
1.5169433931945773  ::  4.924114  ::  [-2.325451374053955, -0.060974232852458954, 0.05546870827674866]
1.515246197907535  ::  4.939087  ::  [-2.3160250186920166, -0.06121976301074028, 0.05546875670552254]
1.5136599931945052  ::  4.955031  ::  [-2.306596517562866, -0.061469532549381256, 0.055468544363975525]
1.5129589383092268  ::  4.97102  ::  [-2.297166347503662, -0.06172235310077667, 0.05546813830733299]
1.5129589383092268  ::  4.986949  ::  [-2.287747859954834, -0.06196962669491768, 0.05546339973807335]
1.5142179342723305  ::  5.002906  ::  [-2.2783124446868896, -0.062220267951488495, 0.055466048419475555]
1.5142179342723305  ::  5.018886  ::  [-2.26889705657959, -0.06246925890445709, 0.0554623082280159]
1.514542474979612  ::  5.034229  ::  [-2.2626123428344727, -0.06263674050569534, 0.05546259135007858]
1.5160732911273411  ::  5.05021  ::  [-2.253183603286743, -0.06288719922304153, 0.055465199053287506]
1.5174980258995234  ::  5.066167  ::  [-2.2437589168548584, -0.063133105635643, 0.05546291172504425]
1.518523301326966  ::  5.081401  ::  [-2.234335422515869, -0.0633864551782608, 0.055464617908000946]
1.5191668332128279  ::  5.097061  ::  [-2.228053569793701, -0.0635523796081543, 0.05546174198389053]
1.5182662087377383  ::  5.113048  ::  [-2.218621015548706, -0.06379992514848709, 0.05546789616346359]
1.5182662087377383  ::  5.129006  ::  [-2.2091991901397705, -0.0640488862991333, 0.05546810105443001]
1.5172381585459456  ::  5.144315  ::  [-2.199770212173462, -0.06429946422576904, 0.05546906217932701]
1.5162122427882685  ::  5.160275  ::  [-2.193481206893921, -0.0644664391875267, 0.05546887218952179]
1.514777369454037  ::  5.17623  ::  [-2.1840574741363525, -0.06471418589353561, 0.05546630546450615]
1.513668424209262  ::  5.191038  ::  [-2.1746299266815186, -0.06496186554431915, 0.055465228855609894]
1.512573032621121  ::  5.207019  ::  [-2.168339490890503, -0.06513161957263947, 0.05546873062849045]
1.512573032621121  ::  5.222978  ::  [-2.158918857574463, -0.06537938863039017, 0.05546454340219498]
1.5126701493733823  ::  5.238915  ::  [-2.149484634399414, -0.06563007831573486, 0.05546684190630913]
1.5133075981220148  ::  5.254873  ::  [-2.1400678157806396, -0.06587768346071243, 0.05546502768993378]
1.5142612632848778  ::  5.27083  ::  [-2.1337854862213135, -0.06604719907045364, 0.05546465516090393]
1.517399094878264  ::  5.28679  ::  [-2.1243643760681152, -0.06629574298858643, 0.0554620586335659]
1.517399094878264  ::  5.301747  ::  [-2.114931583404541, -0.06654293835163116, 0.05546402186155319]
1.5183471037907206  ::  5.317005  ::  [-2.1086511611938477, -0.06670959293842316, 0.05546540394425392]
1.5183471037907206  ::  5.333073  ::  [-2.0992138385772705, -0.06695907562971115, 0.05546647310256958]
1.5185939510961932  ::  5.348342  ::  [-2.092942237854004, -0.06712546944618225, 0.055463988333940506]
1.5172212965164322  ::  5.363654  ::  [-2.083514451980591, -0.06737569719552994, 0.055465713143348694]
1.5172212965164322  ::  5.37961  ::  [-2.074087381362915, -0.06762566417455673, 0.05546889454126358]
1.5168123389398775  ::  5.395284  ::  [-2.0709445476531982, -0.06770561635494232, 0.05546753853559494]
1.5155115080681074  ::  5.41059  ::  [-2.06152081489563, -0.06795746833086014, 0.055466245859861374]
1.5140305309569784  ::  5.426546  ::  [-2.0552303791046143, -0.068121537566185, 0.05546683073043823]
1.512403665274046  ::  5.442012  ::  [-2.045797824859619, -0.06837127357721329, 0.05546871945261955]
1.5112897041090991  ::  5.457956  ::  [-2.036372423171997, -0.06862148642539978, 0.05546759441494942]
1.5112897041090991  ::  5.472942  ::  [-2.030093193054199, -0.06878913193941116, 0.055465880781412125]
1.511962691185757  ::  5.488902  ::  [-2.020667791366577, -0.06903567910194397, 0.05546632036566734]
1.5130548811227242  ::  5.504856  ::  [-2.011240005493164, -0.06928789615631104, 0.05546509847044945]
1.5130548811227242  ::  5.520521  ::  [-2.0018179416656494, -0.06953638792037964, 0.055462006479501724]
1.514712909543745  ::  5.536484  ::  [-1.9923900365829468, -0.06978390365839005, 0.05546323210000992]
1.5168764786850522  ::  5.5525  ::  [-1.9829622507095337, -0.07003405690193176, 0.055463097989559174]
1.5168764786850522  ::  5.568458  ::  [-1.976680874824524, -0.07019998878240585, 0.055464278906583786]
1.5172396526498266  ::  5.583875  ::  [-1.9672409296035767, -0.07044941186904907, 0.05546357482671738]
1.5174871402855337  ::  5.599834  ::  [-1.9609700441360474, -0.0706130713224411, 0.055465713143348694]
1.5166903560301694  ::  5.614996  ::  [-1.9515373706817627, -0.07086504250764847, 0.055468179285526276]
1.5155720192752855  ::  5.630425  ::  [-1.9421168565750122, -0.07111508399248123, 0.0554652065038681]
1.5155720192752855  ::  5.646408  ::  [-1.9421168565750122, -0.07111508399248123, 0.0554652065038681]
1.5148782214660004  ::  5.662368  ::  [-1.9358317852020264, -0.07127996534109116, 0.055465180426836014]
1.513993178359955  ::  5.678125  ::  [-1.9295352697372437, -0.07144419103860855, 0.05546537786722183]
1.5124382431067191  ::  5.693085  ::  [-1.9201135635375977, -0.07169477641582489, 0.055469442158937454]
1.510664741800043  ::  5.70857  ::  [-1.910692811012268, -0.07194207608699799, 0.055465392768383026]
1.510664741800043  ::  5.723875  ::  [-1.9044008255004883, -0.07211117446422577, 0.05546797066926956]
1.510875623890667  ::  5.738835  ::  [-1.894978642463684, -0.0723583847284317, 0.05546525865793228]
1.510875623890667  ::  5.753912  ::  [-1.8855599164962769, -0.07260917127132416, 0.055462341755628586]
1.5112740160183493  ::  5.769318  ::  [-1.8761307001113892, -0.07285818457603455, 0.055462419986724854]
1.5125377077365074  ::  5.784695  ::  [-1.8667078018188477, -0.07310884445905685, 0.055464260280132294]
1.5138122850686553  ::  5.800652  ::  [-1.8604211807250977, -0.0732758492231369, 0.05546371638774872]
1.5160405275636661  ::  5.816609  ::  [-1.8509951829910278, -0.07352326810359955, 0.05546470358967781]
1.5164461767673414  ::  5.831854  ::  [-1.8478538990020752, -0.07360434532165527, 0.055461592972278595]
1.5181751751227066  ::  5.847528  ::  [-1.8415672779083252, -0.07377045601606369, 0.05546199902892113]
1.518312739401459  ::  5.863484  ::  [-1.83213472366333, -0.07402215152978897, 0.0554664209485054]
1.518520206397498  ::  5.879317  ::  [-1.828998327255249, -0.0741042047739029, 0.05546412616968155]
1.5177645099988597  ::  5.895275  ::  [-1.8227041959762573, -0.07427060604095459, 0.055462904274463654]
1.5173217216415724  ::  5.911229  ::  [-1.8132731914520264, -0.07451838254928589, 0.055466245859861374]
1.5173217216415724  ::  5.927082  ::  [-1.8101394176483154, -0.07460537552833557, 0.05546800047159195]
1.5143636094007222  ::  5.94283  ::  [-1.8038560152053833, -0.07476845383644104, 0.05546816065907478]
1.5143636094007222  ::  5.958771  ::  [-1.7944316864013672, -0.07501598447561264, 0.05546778067946434]
1.5122530809471884  ::  5.974733  ::  [-1.7881441116333008, -0.07518395781517029, 0.05546816810965538]
1.5122530809471884  ::  5.989696  ::  [-1.7818623781204224, -0.07534907758235931, 0.05546719580888748]
1.511413821452923  ::  6.005651  ::  [-1.77556312084198, -0.07551739364862442, 0.05546480789780617]
1.5102601598134255  ::  6.021619  ::  [-1.7724308967590332, -0.07560106366872787, 0.055466361343860626]
1.5103016745569746  ::  6.037715  ::  [-1.7661502361297607, -0.07576334476470947, 0.05546543002128601]
1.5103231256198366  ::  6.053671  ::  [-1.7598637342453003, -0.07593035697937012, 0.0554664172232151]
1.5103231256198366  ::  6.069209  ::  [-1.7567143440246582, -0.07601321488618851, 0.055462416261434555]
1.51072098413899  ::  6.085194  ::  [-1.7504417896270752, -0.07618147134780884, 0.05546347051858902]
1.5124762360339774  ::  6.101123  ::  [-1.7441620826721191, -0.07634716480970383, 0.055462826043367386]
1.5124762360339774  ::  6.117105  ::  [-1.7347350120544434, -0.07659593224525452, 0.05546010658144951]
1.5134476170000002  ::  6.133045  ::  [-1.7284481525421143, -0.07676013559103012, 0.05546355992555618]
1.5149453494189369  ::  6.149023  ::  [-1.7190282344818115, -0.0770111158490181, 0.05546220391988754]
1.5160373259124926  ::  6.164298  ::  [-1.7096000909805298, -0.07726321369409561, 0.05546358972787857]
1.5169702870644342  ::  6.180194  ::  [-1.7001588344573975, -0.07750674337148666, 0.05546307563781738]
1.5165490564917148  ::  6.195828  ::  [-1.690745234489441, -0.0777597725391388, 0.055464208126068115]
1.5163156561211708  ::  6.211786  ::  [-1.6844537258148193, -0.07792189717292786, 0.05546879395842552]
1.514943855315056  ::  6.227743  ::  [-1.6750266551971436, -0.07817405462265015, 0.05546853691339493]
1.511716590932225  ::  6.2437  ::  [-1.665588617324829, -0.07842136174440384, 0.05546656996011734]
1.511716590932225  ::  6.259367  ::  [-1.656168818473816, -0.07866780459880829, 0.05546993389725685]
1.5099682759481132  ::  6.274675  ::  [-1.6467461585998535, -0.07891812920570374, 0.05546824634075165]
1.509096359611879  ::  6.29063  ::  [-1.6373220682144165, -0.0791681632399559, 0.055465273559093475]
1.5092575093876088  ::  6.306354  ::  [-1.6278960704803467, -0.07941633462905884, 0.05546369403600693]
1.5092575093876088  ::  6.321996  ::  [-1.6184642314910889, -0.0796651616692543, 0.05546583607792854]
1.5106674098426875  ::  6.337776  ::  [-1.6121870279312134, -0.07983338832855225, 0.05546562373638153]
1.5106674098426875  ::  6.353826  ::  [-1.60590398311615, -0.0799964964389801, 0.055463604629039764]
1.5127155060983393  ::  6.369748  ::  [-1.5964785814285278, -0.08024726808071136, 0.05546296760439873]
1.514556135357952  ::  6.385705  ::  [-1.5901968479156494, -0.08041597902774811, 0.055463142693042755]
1.514556135357952  ::  6.401662  ::  [-1.58077073097229, -0.08066296577453613, 0.05546269565820694]
1.5153302946116907  ::  6.41703  ::  [-1.5713368654251099, -0.08091162890195847, 0.0554654560983181]
1.5154060670227953  ::  6.432982  ::  [-1.5619158744812012, -0.08116229623556137, 0.05546513944864273]
1.5154060670227953  ::  6.448401  ::  [-1.552483081817627, -0.08140826225280762, 0.0554698184132576]
1.5130598970428961  ::  6.464358  ::  [-1.5430569648742676, -0.0816580206155777, 0.055465683341026306]
1.5118120001371935  ::  6.479578  ::  [-1.5336277484893799, -0.08190666139125824, 0.055468425154685974]
1.5118120001371935  ::  6.495499  ::  [-1.5241968631744385, -0.08215615153312683, 0.05546903982758522]
1.5111020873503354  ::  6.510985  ::  [-1.5179150104522705, -0.08231888711452484, 0.055465660989284515]
1.5098119286491434  ::  6.526387  ::  [-1.5053428411483765, -0.0826522633433342, 0.05546814203262329]
1.509778418033528  ::  6.542342  ::  [-1.499062418937683, -0.08281546831130981, 0.055465906858444214]
1.5111150006767349  ::  6.558273  ::  [-1.4802172183990479, -0.08331751078367233, 0.05546300858259201]
1.5111150006767349  ::  6.573756  ::  [-1.4802172183990479, -0.08331751078367233, 0.05546300858259201]
1.5121932100702449  ::  6.588711  ::  [-1.4739325046539307, -0.083484947681427, 0.05546336993575096]
1.5151546306839743  ::  6.604675  ::  [-1.4582232236862183, -0.08390165865421295, 0.05546323582530022]
1.5167952634669526  ::  6.620603  ::  [-1.4582232236862183, -0.08390165865421295, 0.05546323582530022]
1.5170751945012173  ::  6.636594  ::  [-1.4456554651260376, -0.08423303812742233, 0.0554635152220726]
1.5170751945012173  ::  6.652556  ::  [-1.4425081014633179, -0.08431398123502731, 0.05546606332063675]
1.5173199073725743  ::  6.668338  ::  [-1.433077096939087, -0.08456453680992126, 0.05546702444553375]
1.5173893832030378  ::  6.684289  ::  [-1.4299347400665283, -0.0846465528011322, 0.055469539016485214]
1.5169118035696658  ::  6.700251  ::  [-1.4205001592636108, -0.08489388972520828, 0.0554654598236084]
1.515318448502349  ::  6.71618  ::  [-1.4079370498657227, -0.08522626757621765, 0.05546972528100014]
1.514267986752342  ::  6.731359  ::  [-1.4079370498657227, -0.08522626757621765, 0.05546972528100014]
1.514267986752342  ::  6.747402  ::  [-1.4016566276550293, -0.08539194613695145, 0.055464960634708405]
1.512540269057446  ::  6.763372  ::  [-1.3922282457351685, -0.08564192801713943, 0.05546799302101135]
1.5113963190931747  ::  6.779316  ::  [-1.3828003406524658, -0.08589112758636475, 0.055465422570705414]
1.510738486498738  ::  6.795271  ::  [-1.3733680248260498, -0.0861424058675766, 0.055468134582042694]
1.5112445608275535  ::  6.812199  ::  [-1.3545267581939697, -0.08663837611675262, 0.05546502023935318]
1.5112445608275535  ::  6.827157  ::  [-1.3545267581939697, -0.08663837611675262, 0.05546502023935318]
1.5116669653390367  ::  6.843145  ::  [-1.3513814210891724, -0.0867229700088501, 0.055462971329689026]
1.5144327650660687  ::  6.858753  ::  [-1.3419536352157593, -0.08697358518838882, 0.05546234920620918]
1.5144327650660687  ::  6.874644  ::  [-1.3325169086456299, -0.08722060173749924, 0.055463917553424835]
1.5170081732699865  ::  6.890601  ::  [-1.3262463808059692, -0.08738651126623154, 0.055462054908275604]
1.5170081732699865  ::  6.906546  ::  [-1.3168203830718994, -0.08763572573661804, 0.05546443164348602]
1.517705706338974  ::  6.922498  ::  [-1.3073902130126953, -0.08788392692804337, 0.05546553432941437]
1.517765363772506  ::  6.938447  ::  [-1.297963261604309, -0.08813688904047012, 0.055468663573265076]
1.5175249197693803  ::  6.954376  ::  [-1.2916688919067383, -0.08830223232507706, 0.0554678812623024]
1.516799425613478  ::  6.970086  ::  [-1.2853947877883911, -0.08846665918827057, 0.05546746775507927]
1.5155550505240662  ::  6.985852  ::  [-1.2759618759155273, -0.0887172743678093, 0.055470678955316544]
1.5139196471046714  ::  7.001805  ::  [-1.2665349245071411, -0.08896396309137344, 0.055468033999204636]
1.5124847737704399  ::  7.017694  ::  [-1.2570942640304565, -0.089214026927948, 0.0554700568318367]
1.5110748733153612  ::  7.033648  ::  [-1.2476823329925537, -0.08946307003498077, 0.055466607213020325]
1.5111702825203297  ::  7.049611  ::  [-1.2445253133773804, -0.08954641222953796, 0.05546901747584343]
1.5112803125989904  ::  7.064543  ::  [-1.2382547855377197, -0.0897136926651001, 0.05546610802412033]
1.511579880427119  ::  7.080497  ::  [-1.2319743633270264, -0.08987810462713242, 0.05546174570918083]
1.511867922311023  ::  7.096497  ::  [-1.2288188934326172, -0.08996373414993286, 0.05546301603317261]
1.511867922311023  ::  7.112423  ::  [-1.2225451469421387, -0.09013081341981888, 0.05546518415212631]
1.5132169913938063  ::  7.127733  ::  [-1.2131272554397583, -0.09037725627422333, 0.055463023483753204]
1.5142202821498578  ::  7.143695  ::  [-1.206838846206665, -0.09054489433765411, 0.05546317249536514]
1.5169252505045945  ::  7.159644  ::  [-1.200556755065918, -0.09071316570043564, 0.0554637685418129]
1.5169252505045945  ::  7.175612  ::  [-1.1911301612854004, -0.09096059203147888, 0.055465467274188995]
1.5179973767608748  ::  7.191564  ::  [-1.1816951036453247, -0.09121200442314148, 0.055464304983615875]
1.5186685495685344  ::  7.207525  ::  [-1.1754201650619507, -0.09137757122516632, 0.05546242371201515]
1.5187435749276987  ::  7.222749  ::  [-1.1691319942474365, -0.09154222160577774, 0.05546688660979271]
1.5182415560237028  ::  7.238702  ::  [-1.15970778465271, -0.09179294109344482, 0.055465396493673325]
1.5178619469162382  ::  7.254662  ::  [-1.1534159183502197, -0.09195707738399506, 0.05546930432319641]
1.5175442363981269  ::  7.270756  ::  [-1.1502742767333984, -0.0920405238866806, 0.055470749735832214]
1.5166237616857619  ::  7.28669  ::  [-1.1439851522445679, -0.09220617264509201, 0.055471815168857574]
1.514777369454037  ::  7.302671  ::  [-1.1345620155334473, -0.09245535731315613, 0.05546843260526657]
1.5131450609641097  ::  7.318656  ::  [-1.125133752822876, -0.09270443767309189, 0.05546903982758522]
1.5117774223045204  ::  7.334604  ::  [-1.115705966949463, -0.09295248240232468, 0.055468540638685226]
1.5117774223045204  ::  7.350548  ::  [-1.1094229221343994, -0.09312038123607635, 0.055467650294303894]
1.512255642268127  ::  7.366479  ::  [-1.1031416654586792, -0.09328939765691757, 0.05546637251973152]
1.512255642268127  ::  7.382459  ::  [-1.093707799911499, -0.09353741258382797, 0.05546452850103378]
1.5134255256069034  ::  7.39797  ::  [-1.084287405014038, -0.09378888458013535, 0.055461786687374115]
1.5155165239882793  ::  7.413354  ::  [-1.081146478652954, -0.093868687748909, 0.05546614155173302]
1.5155165239882793  ::  7.42891  ::  [-1.0717164278030396, -0.0941215455532074, 0.05546274781227112]
1.5160214243783312  ::  7.444942  ::  [-1.0685830116271973, -0.09420162439346313, 0.05546371266245842]
1.5185434717293584  ::  7.460866  ::  [-1.059154987335205, -0.09445212781429291, 0.05546226724982262]
1.5185434717293584  ::  7.476805  ::  [-1.0528703927993774, -0.09461745619773865, 0.05546661466360092]
1.5191028001893592  ::  7.492745  ::  [-1.0402908325195312, -0.09494900703430176, 0.05546378344297409]
1.5191028001893592  ::  7.507705  ::  [-1.0340136289596558, -0.09511440992355347, 0.05546823889017105]
1.5183154074441036  ::  7.522843  ::  [-1.0245875120162964, -0.09536811709403992, 0.05546810105443001]
1.5158278312040439  ::  7.538802  ::  [-1.0151585340499878, -0.09561587125062943, 0.05546846240758896]
1.5151593264390288  ::  7.554759  ::  [-1.0057268142700195, -0.09586398303508759, 0.05547170713543892]
1.5141582768387987  ::  7.570715  ::  [-1.0025910139083862, -0.0959455817937851, 0.0554652214050293]
1.5141582768387987  ::  7.586207  ::  [-0.9963046908378601, -0.09611070156097412, 0.055465228855609894]
1.513673333407728  ::  7.601664  ::  [-0.993147611618042, -0.09619645774364471, 0.055469028651714325]
1.5125012089131302  ::  7.6176  ::  [-0.9837344884872437, -0.0964445024728775, 0.0554686076939106]
1.5125012089131302  ::  7.633526  ::  [-0.9743121266365051, -0.09669464826583862, 0.055466197431087494]
1.5127513645914819  ::  7.649484  ::  [-0.9648828506469727, -0.09694524854421616, 0.055466972291469574]
1.5146185675558341  ::  7.665472  ::  [-0.955461323261261, -0.09719522297382355, 0.05546416714787483]
1.5146185675558341  ::  7.681186  ::  [-0.9460331797599792, -0.09744628518819809, 0.05546552687883377]
1.5166305918749319  ::  7.697118  ::  [-0.9397494792938232, -0.09761108458042145, 0.05546431988477707]
1.5166305918749319  ::  7.713084  ::  [-0.933470606803894, -0.09777656942605972, 0.055461980402469635]
1.517991400345351  ::  7.728713  ::  [-0.9240386486053467, -0.0980285108089447, 0.05546519160270691]
1.5187542470982769  ::  7.744255  ::  [-0.9177582263946533, -0.09819567203521729, 0.055464886128902435]
1.519132148658449  ::  7.759796  ::  [-0.9083263278007507, -0.09844142198562622, 0.05546818673610687]
1.5189953314316371  ::  7.775753  ::  [-0.8988984823226929, -0.09869039058685303, 0.05546838417649269]
1.5180424133207147  ::  7.79123  ::  [-0.889472246170044, -0.09894079715013504, 0.05546848848462105]
1.5166543908153212  ::  7.80719  ::  [-0.8800387978553772, -0.09918992221355438, 0.055471695959568024]
1.5136169843470753  ::  7.82315  ::  [-0.8706152439117432, -0.09944003075361252, 0.05546655133366585]
1.512912941254035  ::  7.839076  ::  [-0.861175537109375, -0.09968892484903336, 0.05546833574771881]
1.512333762556759  ::  7.855021  ::  [-0.8549015522003174, -0.0998547375202179, 0.05546959489583969]
1.512333762556759  ::  7.87033  ::  [-0.8454763889312744, -0.10010398179292679, 0.055468033999204636]
1.51250526433795  ::  7.886289  ::  [-0.8360535502433777, -0.10035403817892075, 0.05546725541353226]
1.5126793274400794  ::  7.902205  ::  [-0.8329095840454102, -0.10043706744909286, 0.055466651916503906]
1.514127434265828  ::  7.918163  ::  [-0.8266312479972839, -0.10060683637857437, 0.05546308308839798]
1.5154391507515876  ::  7.933688  ::  [-0.8171943426132202, -0.10085451602935791, 0.05546458810567856]
1.5154391507515876  ::  7.948907  ::  [-0.8077651262283325, -0.10110310465097427, 0.05546420067548752]
1.517876674511636  ::  7.964392  ::  [-0.7983547449111938, -0.1013534739613533, 0.05546339601278305]
1.5185426179557122  ::  7.980353  ::  [-0.7889221906661987, -0.10160274803638458, 0.055467989295721054]
1.5184351491979904  ::  7.996308  ::  [-0.7794926166534424, -0.1018517017364502, 0.05546833947300911]
1.5183579894047103  ::  8.012268  ::  [-0.7700679898262024, -0.10210251063108444, 0.05546431988477707]
1.5183579894047103  ::  8.028253  ::  [-0.7669240832328796, -0.10218488425016403, 0.055469684302806854]
1.5181387830210353  ::  8.043236  ::  [-0.7637826800346375, -0.10226605087518692, 0.05546938627958298]
1.5155612403830017  ::  8.059196  ::  [-0.7543522715568542, -0.10251519829034805, 0.05547138303518295]
1.5155612403830017  ::  8.074161  ::  [-0.7449220418930054, -0.10276447981595993, 0.05547206848859787]
1.5144511211994631  ::  8.090093  ::  [-0.7386418581008911, -0.1029299721121788, 0.05546913668513298]
1.513321685387178  ::  8.10605  ::  [-0.732354998588562, -0.10309478640556335, 0.05546822398900986]
1.5122891528837425  ::  8.121573  ::  [-0.7229317426681519, -0.10334514081478119, 0.05546637624502182]
1.5116729417545605  ::  8.137494  ::  [-0.7135027647018433, -0.10359426587820053, 0.05546822398900986]
1.5115113650920073  ::  8.153451  ::  [-0.7072180509567261, -0.10376204550266266, 0.05546702444553375]
1.5116704871553275  ::  8.169474  ::  [-0.7040804624557495, -0.10384612530469894, 0.05546652525663376]
1.5121417702080582  ::  8.185432  ::  [-0.6946558952331543, -0.10409542918205261, 0.05546277016401291]
1.5134825149977906  ::  8.201384  ::  [-0.6852316856384277, -0.10434573888778687, 0.05546494573354721]
1.5143503759092054  ::  8.216902  ::  [-0.6789478063583374, -0.10451264679431915, 0.05546402186155319]
1.5156901602035857  ::  8.23287  ::  [-0.6726624369621277, -0.10467680543661118, 0.0554642379283905]
1.5169758365931347  ::  8.247994  ::  [-0.663240373134613, -0.10492624342441559, 0.055460549890995026]
1.51794412262969  ::  8.263787  ::  [-0.6538103818893433, -0.10517492145299911, 0.05546164512634277]
