1.460845875602499  ::  0.014962  ::  [-4.524919509887695, -3.9126785850385204e-05, 0.055466178804636]
1.4608253850349888  ::  0.030662  ::  [-4.524920463562012, -3.902954631485045e-05, 0.05546613782644272]
1.612664012100663  ::  0.045878  ::  [-4.525090217590332, -4.110902227694169e-05, 0.05670885741710663]
1.5448586964975366  ::  0.060837  ::  [-4.525090217590332, -4.110902227694169e-05, 0.05670885741710663]
1.5448586964975366  ::  0.07677  ::  [-4.502632141113281, -0.0006404647137969732, 0.057256102561950684]
1.4475451494109568  ::  0.092729  ::  [-4.492207050323486, -0.0008314837468788028, 0.055702127516269684]
1.4893171989925797  ::  0.108684  ::  [-4.481200695037842, -0.0011129199992865324, 0.05600297451019287]
1.4893171989925797  ::  0.124644  ::  [-4.468926906585693, -0.0013959816424176097, 0.056258559226989746]
1.55787074047494  ::  0.1406  ::  [-4.460921287536621, -0.0015500945737585425, 0.055732257664203644]
1.5713769059501113  ::  0.155559  ::  [-4.456738471984863, -0.001664877636358142, 0.05573328584432602]
1.5713769059501113  ::  0.170553  ::  [-4.446159362792969, -0.0019476895686239004, 0.05564262717962265]
1.5896587610372965  ::  0.186506  ::  [-4.437860488891602, -0.0021686379332095385, 0.05547375604510307]
1.587976720232475  ::  0.202477  ::  [-4.429218769073486, -0.002396985189989209, 0.05547090619802475]
1.587976720232475  ::  0.217399  ::  [-4.416653156280518, -0.0027462230063974857, 0.0554700568318367]
1.5872331901082959  ::  0.233388  ::  [-4.408279895782471, -0.0029771761037409306, 0.05546753853559494]
1.587218355791192  ::  0.249314  ::  [-4.395715713500977, -0.0033274702727794647, 0.05546585097908974]
1.5906579963685283  ::  0.2648  ::  [-4.383138656616211, -0.0036699320189654827, 0.055466704070568085]
1.5920528490630919  ::  0.280147  ::  [-4.370573997497559, -0.004013193771243095, 0.05546675994992256]
1.5932717176648217  ::  0.295439  ::  [-4.358005046844482, -0.0043657151982188225, 0.05546731501817703]
1.5932717176648217  ::  0.310997  ::  [-4.345434188842773, -0.004713558126240969, 0.05546713247895241]
1.5936501528335227  ::  0.326941  ::  [-4.33287239074707, -0.005063976626843214, 0.0554690957069397]
1.5914839156495708  ::  0.34287  ::  [-4.324490070343018, -0.0052937655709683895, 0.05547000840306282]
1.5914839156495708  ::  0.358855  ::  [-4.311917781829834, -0.005640847142785788, 0.05546867102384567]
1.5882285834581193  ::  0.373822  ::  [-4.303544998168945, -0.005872773937880993, 0.05546913295984268]
1.5876884649051595  ::  0.38977  ::  [-4.290974140167236, -0.006220802664756775, 0.055468637496232986]
1.5876884649051595  ::  0.404735  ::  [-4.282598495483398, -0.006456472910940647, 0.05546853691339493]
1.5879808823790007  ::  0.420854  ::  [-4.278405666351318, -0.006571359932422638, 0.05546538531780243]
1.5885034985722124  ::  0.436811  ::  [-4.265836715698242, -0.006921021733433008, 0.055468179285526276]
1.5885034985722124  ::  0.452768  ::  [-4.261648654937744, -0.007037598639726639, 0.05546819791197777]
1.588440212600684  ::  0.46819  ::  [-4.257462501525879, -0.007154716644436121, 0.05546698719263077]
1.5895598300160372  ::  0.484148  ::  [-4.257462501525879, -0.007154716644436121, 0.05546698719263077]
1.5903226767689629  ::  0.500105  ::  [-4.249085426330566, -0.007386548910290003, 0.05546657368540764]
1.5903226767689629  ::  0.516094  ::  [-4.244891166687012, -0.00750443572178483, 0.0554673932492733]
1.5950762749878802  ::  0.532052  ::  [-4.236515998840332, -0.007741815410554409, 0.0554661862552166]
1.5967418806500113  ::  0.548032  ::  [-4.232326984405518, -0.00785596203058958, 0.055466607213020325]
1.5975950139660282  ::  0.563967  ::  [-4.223948955535889, -0.008091156370937824, 0.05546576529741287]
1.5978562687017812  ::  0.579925  ::  [-4.207188606262207, -0.008554470725357533, 0.05546882003545761]
1.6012774464240171  ::  0.595423  ::  [-4.207188606262207, -0.008554470725357533, 0.05546882003545761]
1.6027558622142075  ::  0.610947  ::  [-4.203004360198975, -0.00867864303290844, 0.05546833947300911]
1.6027558622142075  ::  0.62691  ::  [-4.194621562957764, -0.008912150748074055, 0.055469416081905365]
1.6023789211493875  ::  0.642861  ::  [-4.186248779296875, -0.009144444949924946, 0.055469490587711334]
1.5998127977338725  ::  0.658842  ::  [-4.177868366241455, -0.009381133131682873, 0.05546784773468971]
1.5998127977338725  ::  0.674819  ::  [-4.169486045837402, -0.009617076255381107, 0.05547058954834938]
1.5975967215133207  ::  0.690754  ::  [-4.161107063293457, -0.009849186055362225, 0.055468954145908356]
1.5975967215133207  ::  0.706741  ::  [-4.152720928192139, -0.010085290297865868, 0.05547058582305908]
1.5971392055606357  ::  0.722719  ::  [-4.1401567459106445, -0.010436722077429295, 0.05546863004565239]
1.597504300516114  ::  0.738676  ::  [-4.13178014755249, -0.010669780895113945, 0.055467624217271805]
1.5984542304192748  ::  0.754634  ::  [-4.119216442108154, -0.011022987775504589, 0.05546560883522034]
1.599459548887736  ::  0.770587  ::  [-4.110841274261475, -0.011255843564867973, 0.0554654523730278]
1.6019617460014879  ::  0.786545  ::  [-4.102456569671631, -0.01148802600800991, 0.05546582490205765]
1.603065782047797  ::  0.802478  ::  [-4.094082355499268, -0.011725874617695808, 0.05546657741069794]
1.603065782047797  ::  0.818477  ::  [-4.085700511932373, -0.011956245638430119, 0.05546655133366585]
1.6026475396828395  ::  0.834416  ::  [-4.073126316070557, -0.01230856217443943, 0.055466752499341965]
1.6014710395983047  ::  0.849864  ::  [-4.064761161804199, -0.012543710879981518, 0.05546821281313896]
1.6014710395983047  ::  0.866321  ::  [-4.052189826965332, -0.012895779684185982, 0.055469393730163574]
1.5971667397607272  ::  0.882272  ::  [-4.039612293243408, -0.013244765810668468, 0.05546944588422775]
1.5971667397607272  ::  0.897232  ::  [-4.027053356170654, -0.01359466277062893, 0.05546822398900986]
1.5966972709769947  ::  0.91386  ::  [-4.001912593841553, -0.014299588277935982, 0.05546392872929573]
1.5956551335200388  ::  0.928819  ::  [-3.993534564971924, -0.014526603743433952, 0.055465150624513626]
1.5956551335200388  ::  0.944775  ::  [-3.993534564971924, -0.014526603743433952, 0.055465150624513626]
1.5960881034803942  ::  0.960733  ::  [-3.985156774520874, -0.014756147749722004, 0.055465854704380035]
1.596856713205432  ::  0.97669  ::  [-3.9809682369232178, -0.014874783344566822, 0.055465925484895706]
1.6026175508835148  ::  0.992649  ::  [-3.9684011936187744, -0.015220990404486656, 0.05546189472079277]
1.6026175508835148  ::  1.008151  ::  [-3.955831289291382, -0.015577247366309166, 0.05546562001109123]
1.6034426163909112  ::  1.02375  ::  [-3.947450637817383, -0.015809159725904465, 0.05546749383211136]
1.6021408250237892  ::  1.038733  ::  [-3.93906831741333, -0.016038406640291214, 0.055465102195739746]
1.6010158715231468  ::  1.054544  ::  [-3.926492691040039, -0.016396384686231613, 0.05547117441892624]
1.6010158715231468  ::  1.070558  ::  [-3.9181180000305176, -0.0166245736181736, 0.0554693304002285]
1.5976231884963545  ::  1.086488  ::  [-3.905541181564331, -0.01697666011750698, 0.05546949803829193]
1.5976231884963545  ::  1.102486  ::  [-3.8929824829101562, -0.017326243221759796, 0.055468060076236725]
1.5964250239055462  ::  1.11772  ::  [-3.880411386489868, -0.017680365592241287, 0.05546591803431511]
1.6028717619866863  ::  1.133649  ::  [-3.867845296859741, -0.01802992634475231, 0.05546310916543007]
1.6055309467296426  ::  1.148608  ::  [-3.8594655990600586, -0.01826762780547142, 0.05546614155173302]
1.6065156679088881  ::  1.164567  ::  [-3.846897602081299, -0.018621625378727913, 0.055465418845415115]
1.6065156679088881  ::  1.180577  ::  [-3.8343312740325928, -0.018971649929881096, 0.05546332523226738]
1.611700635262574  ::  1.195541  ::  [-3.813382863998413, -0.019562864676117897, 0.055467620491981506]
1.611700635262574  ::  1.211477  ::  [-3.813382863998413, -0.019562864676117897, 0.055467620491981506]
1.6096608632999732  ::  1.227123  ::  [-3.800806999206543, -0.01991361565887928, 0.05547017604112625]
1.6096608632999732  ::  1.243053  ::  [-3.788245439529419, -0.020267104730010033, 0.05546898767352104]
1.6081894911423642  ::  1.259037  ::  [-3.7798569202423096, -0.020502518862485886, 0.0554678700864315]
1.60662996685578  ::  1.274619  ::  [-3.767282247543335, -0.02085285820066929, 0.05546966940164566]
1.6057767268180574  ::  1.290722  ::  [-3.754722833633423, -0.021208640187978745, 0.05546997860074043]
1.6062614568057165  ::  1.306677  ::  [-3.7421607971191406, -0.021562449634075165, 0.055466506630182266]
1.6062614568057165  ::  1.322309  ::  [-3.729593276977539, -0.021916737779974937, 0.05546734109520912]
1.6074499097212989  ::  1.338269  ::  [-3.721219778060913, -0.022151462733745575, 0.05546613410115242]
1.6090728267011174  ::  1.354197  ::  [-3.712836265563965, -0.022387731820344925, 0.0554666593670845]
1.6101452731225152  ::  1.370175  ::  [-3.704461097717285, -0.022625867277383804, 0.05546681210398674]
1.6133709366797595  ::  1.386137  ::  [-3.6918952465057373, -0.022980472072958946, 0.05546208471059799]
1.6133709366797595  ::  1.402114  ::  [-3.679330825805664, -0.02333153784275055, 0.05546816438436508]
1.612654834033966  ::  1.418074  ::  [-3.666764974594116, -0.023682860657572746, 0.05546844005584717]
1.6111526193033863  ::  1.434029  ::  [-3.6541876792907715, -0.024037150666117668, 0.055469900369644165]
1.6072205647755746  ::  1.449986  ::  [-3.645814895629883, -0.024270283058285713, 0.055469561368227005]
1.6072205647755746  ::  1.465943  ::  [-3.633247137069702, -0.024622784927487373, 0.05546477437019348]
1.6061189833284983  ::  1.481539  ::  [-3.6248629093170166, -0.024856040254235268, 0.055468399077653885]
1.6062491838095518  ::  1.496978  ::  [-3.6164913177490234, -0.025090720504522324, 0.05546724051237106]
1.608491940456549  ::  1.512935  ::  [-3.599738597869873, -0.025555819272994995, 0.05546220764517784]
1.6096139057494292  ::  1.528648  ::  [-3.587160348892212, -0.025915171951055527, 0.05546272173523903]
1.6096139057494292  ::  1.544619  ::  [-3.5787906646728516, -0.02615034021437168, 0.05546396225690842]
1.6124108682145495  ::  1.560582  ::  [-3.5662262439727783, -0.02650180459022522, 0.055464234203100204]
1.6123709542965872  ::  1.576539  ::  [-3.5536551475524902, -0.02685510739684105, 0.055466122925281525]
1.6109326658677707  ::  1.592496  ::  [-3.541088104248047, -0.027207370847463608, 0.055467016994953156]
1.610006641626705  ::  1.608476  ::  [-3.528512477874756, -0.027559693902730942, 0.05546797439455986]
1.6073080765743153  ::  1.624433  ::  [-3.5201404094696045, -0.02779310569167137, 0.05546531826257706]
1.6061707433558023  ::  1.640393  ::  [-3.507575511932373, -0.028151314705610275, 0.05546777695417404]
1.6061707433558023  ::  1.655523  ::  [-3.4950027465820312, -0.02850274369120598, 0.0554681271314621]
1.6061277345083724  ::  1.671514  ::  [-3.486628770828247, -0.02873869240283966, 0.05546576902270317]
1.6060705316740735  ::  1.687038  ::  [-3.474053382873535, -0.029088208451867104, 0.05546749383211136]
1.6134681601537264  ::  1.702995  ::  [-3.465681314468384, -0.02932267263531685, 0.0554652102291584]
1.6134681601537264  ::  1.718952  ::  [-3.4531071186065674, -0.029684260487556458, 0.0554598867893219]
1.6174633939313607  ::  1.734909  ::  [-3.44054913520813, -0.030035430565476418, 0.0554635152220726]
1.6180202677921283  ::  1.750867  ::  [-3.427978038787842, -0.030386006459593773, 0.05546507239341736]
1.6175336168137648  ::  1.766824  ::  [-3.419590473175049, -0.030628716573119164, 0.05546551197767258]
1.6175336168137648  ::  1.782402  ::  [-3.4070258140563965, -0.030980851501226425, 0.05546893551945686]
1.6160674740197394  ::  1.798359  ::  [-3.394460439682007, -0.03133753687143326, 0.055465418845415115]
1.6141273801303384  ::  1.814316  ::  [-3.3818917274475098, -0.03168724477291107, 0.055468641221523285]
1.6113903952638673  ::  1.829866  ::  [-3.36932373046875, -0.03204435110092163, 0.055468540638685226]
1.6118117325582924  ::  1.845822  ::  [-3.3441760540008545, -0.032751213759183884, 0.05546111240983009]
1.6122295480364268  ::  1.861821  ::  [-3.3441760540008545, -0.032751213759183884, 0.05546111240983009]
1.6122295480364268  ::  1.877765  ::  [-3.33162522315979, -0.033109601587057114, 0.05546557158231735]
1.6153929928392006  ::  1.893723  ::  [-3.323249578475952, -0.03334588557481766, 0.05546506494283676]
1.6153929928392006  ::  1.909675  ::  [-3.3106789588928223, -0.033702585846185684, 0.05546603351831436]
1.619349593359342  ::  1.925609  ::  [-3.2981138229370117, -0.03405709192156792, 0.05546646937727928]
1.620067830439251  ::  1.941553  ::  [-3.285547971725464, -0.03441338241100311, 0.05546645075082779]
1.6209037815606373  ::  1.957492  ::  [-3.27297306060791, -0.03476309776306152, 0.05546898767352104]
1.6189611263502974  ::  1.973473  ::  [-3.2645978927612305, -0.03500260040163994, 0.05546941980719566]
1.617533083205236  ::  1.989407  ::  [-3.2520294189453125, -0.035356149077415466, 0.055468782782554626]
1.6163810223913253  ::  2.005395  ::  [-3.2394628524780273, -0.03571326658129692, 0.05546850711107254]
1.6188076605373838  ::  2.02135  ::  [-3.226891040802002, -0.03606767952442169, 0.055467162281274796]
1.6196018834718093  ::  2.03732  ::  [-3.2017641067504883, -0.036782123148441315, 0.055464569479227066]
1.619592278518289  ::  2.053266  ::  [-3.2017641067504883, -0.036782123148441315, 0.055464569479227066]
1.619592278518289  ::  2.068629  ::  [-3.19338321685791, -0.03702249750494957, 0.055462684482336044]
1.623632655577469  ::  2.084585  ::  [-3.180818557739258, -0.03737518936395645, 0.055464860051870346]
1.6241924109242927  ::  2.100544  ::  [-3.168243646621704, -0.037729937583208084, 0.055465854704380035]
1.624411510586262  ::  2.116812  ::  [-3.1556813716888428, -0.03808627277612686, 0.05546741932630539]
1.624411510586262  ::  2.132791  ::  [-3.1473042964935303, -0.03832428902387619, 0.05546337738633156]
1.6218148647628934  ::  2.148418  ::  [-3.134735584259033, -0.03867257758975029, 0.055468060076236725]
1.6206478629101733  ::  2.163681  ::  [-3.122164487838745, -0.03903282433748245, 0.05546882376074791]
1.6194444689557816  ::  2.179291  ::  [-3.113781213760376, -0.03927338123321533, 0.05546646565198898]
1.6183298674606001  ::  2.19525  ::  [-3.105409860610962, -0.039505258202552795, 0.05546823889017105]
1.6183298674606001  ::  2.210209  ::  [-3.097029447555542, -0.03974408656358719, 0.05546152591705322]
1.6187810868326442  ::  2.225168  ::  [-3.088650941848755, -0.03997955471277237, 0.05546640232205391]
1.6187810868326442  ::  2.241126  ::  [-3.080263614654541, -0.04021807387471199, 0.055461712181568146]
1.6202247113467498  ::  2.256085  ::  [-3.071897506713867, -0.04045883193612099, 0.05546481907367706]
1.6202247113467498  ::  2.271654  ::  [-3.063523292541504, -0.040690988302230835, 0.05546048656105995]
1.6216564897515138  ::  2.287611  ::  [-3.059331178665161, -0.04081156849861145, 0.055462274700403214]
1.6216564897515138  ::  2.30313  ::  [-3.0509531497955322, -0.04104958847165108, 0.055464934557676315]
1.6233844208898212  ::  2.318512  ::  [-3.0425713062286377, -0.04128647595643997, 0.05546530336141586]
1.6235633931904168  ::  2.334619  ::  [-3.034200429916382, -0.04152335599064827, 0.055465154349803925]
1.6231123872617843  ::  2.350605  ::  [-3.0216281414031982, -0.041873589158058167, 0.05546743795275688]
1.6231123872617843  ::  2.366562  ::  [-3.0090622901916504, -0.04222944378852844, 0.055468007922172546]
1.6214235162677928  ::  2.382514  ::  [-2.996492624282837, -0.04258803650736809, 0.05546656996011734]
1.610598520206969  ::  2.397451  ::  [-2.983919858932495, -0.042945634573698044, 0.05546869710087776]
1.6094048379278034  ::  2.413411  ::  [-2.9713523387908936, -0.04329896345734596, 0.05546538904309273]
1.6100005584894754  ::  2.429366  ::  [-2.95039439201355, -0.043890368193387985, 0.05546298623085022]
1.6100005584894754  ::  2.445323  ::  [-2.95039439201355, -0.043890368193387985, 0.05546298623085022]
1.6108654311931283  ::  2.461306  ::  [-2.9378223419189453, -0.04424303025007248, 0.055464331060647964]
1.6130153399560956  ::  2.476991  ::  [-2.9252712726593018, -0.044595640152692795, 0.05546528473496437]
1.6143815912335098  ::  2.49295  ::  [-2.9127066135406494, -0.044951196759939194, 0.055464327335357666]
1.6164288337155153  ::  2.50891  ::  [-2.9043166637420654, -0.04518189653754234, 0.0554664246737957]
1.6164288337155153  ::  2.524952  ::  [-2.8959484100341797, -0.04541797190904617, 0.05546538531780243]
1.6159859386365223  ::  2.540246  ::  [-2.8875582218170166, -0.04565654695034027, 0.055467475205659866]
1.6188918639632455  ::  2.556175  ::  [-2.874995470046997, -0.04601242393255234, 0.05546830967068672]
1.6188918639632455  ::  2.57169  ::  [-2.8624212741851807, -0.046370770782232285, 0.05546940490603447]
1.616216564242716  ::  2.587652  ::  [-2.854033946990967, -0.04660296067595482, 0.055467307567596436]
1.615338031160723  ::  2.602906  ::  [-2.841482400894165, -0.046959638595581055, 0.05546785145998001]
1.615338031160723  ::  2.617862  ::  [-2.828909158706665, -0.047315821051597595, 0.05546585097908974]
1.615064610150511  ::  2.633846  ::  [-2.820528745651245, -0.047550104558467865, 0.055460184812545776]
1.6177019169437823  ::  2.649804  ::  [-2.80796480178833, -0.047911129891872406, 0.05546405166387558]
1.6177019169437823  ::  2.665769  ::  [-2.7953972816467285, -0.048264678567647934, 0.05546366423368454]
1.6206991960506543  ::  2.681691  ::  [-2.778640031814575, -0.04873516410589218, 0.05546624958515167]
1.6211897957321315  ::  2.697677  ::  [-2.778640031814575, -0.04873516410589218, 0.05546624958515167]
1.6218627828087893  ::  2.713607  ::  [-2.7660818099975586, -0.04909471794962883, 0.055465154349803925]
1.6207425250632015  ::  2.729431  ::  [-2.7493197917938232, -0.049579884856939316, 0.05546564981341362]
1.6207425250632015  ::  2.745388  ::  [-2.7493197917938232, -0.049579884856939316, 0.05546564981341362]
1.6200159636902414  ::  2.761368  ::  [-2.740938901901245, -0.0498160682618618, 0.05546882003545761]
1.6190134199861304  ::  2.777308  ::  [-2.728365421295166, -0.050166238099336624, 0.05547020584344864]
1.6168944605178397  ::  2.793265  ::  [-2.7157986164093018, -0.05052166432142258, 0.05546894669532776]
1.6156277805919197  ::  2.808836  ::  [-2.703238010406494, -0.05087879300117493, 0.055466968566179276]
1.6151179710034018  ::  2.824789  ::  [-2.6906638145446777, -0.05123547464609146, 0.05546796694397926]
1.6177027707174285  ::  2.840736  ::  [-2.678105354309082, -0.051587510854005814, 0.05546467751264572]
1.6177027707174285  ::  2.856679  ::  [-2.6655349731445312, -0.05194215849041939, 0.05546567589044571]
1.6191154459368575  ::  2.872692  ::  [-2.657160758972168, -0.052184928208589554, 0.05546487495303154]
1.620237411229738  ::  2.888653  ::  [-2.648780107498169, -0.05241962522268295, 0.055465515702962875]
1.621656383029808  ::  2.904609  ::  [-2.636213541030884, -0.052775368094444275, 0.055464841425418854]
1.6220217981504037  ::  2.920188  ::  [-2.6320266723632812, -0.052889615297317505, 0.05546533688902855]
1.6220217981504037  ::  2.936146  ::  [-2.623643398284912, -0.05312904343008995, 0.05546727031469345]
1.621214021559344  ::  2.951534  ::  [-2.6110734939575195, -0.05348532646894455, 0.05546910688281059]
1.6213079366604315  ::  2.967646  ::  [-2.5985107421875, -0.053841933608055115, 0.05546608567237854]
1.6188330603033598  ::  2.983608  ::  [-2.5859389305114746, -0.05419575423002243, 0.05546877533197403]
1.616939283634268  ::  2.999537  ::  [-2.577549934387207, -0.05443248897790909, 0.05546838417649269]
1.6165713071927335  ::  3.015495  ::  [-2.5649890899658203, -0.05478566139936447, 0.05546426400542259]
1.6165713071927335  ::  3.031507  ::  [-2.5524179935455322, -0.055142197757959366, 0.055461592972278595]
1.6205447697423885  ::  3.046419  ::  [-2.527296304702759, -0.055855195969343185, 0.05546458810567856]
1.6205447697423885  ::  3.061668  ::  [-2.527296304702759, -0.055855195969343185, 0.05546458810567856]
1.6217327957711476  ::  3.077039  ::  [-2.518920421600342, -0.056090302765369415, 0.055464643985033035]
1.62287418441448  ::  3.092998  ::  [-2.506345748901367, -0.056445419788360596, 0.05546718090772629]
1.6233694798510119  ::  3.108953  ::  [-2.4937827587127686, -0.05680118128657341, 0.05546371638774872]
1.6233694798510119  ::  3.124756  ::  [-2.485391139984131, -0.05703999847173691, 0.05546591430902481]
1.6223388683382804  ::  3.140371  ::  [-2.4728360176086426, -0.0573946088552475, 0.055468566715717316]
1.6214460345477129  ::  3.1563  ::  [-2.4644582271575928, -0.05763281136751175, 0.055468134582042694]
1.6154759156045928  ::  3.172263  ::  [-2.4518842697143555, -0.05798489600419998, 0.05546625703573227]
1.6136975050994506  ::  3.188223  ::  [-2.439316749572754, -0.05834362283349037, 0.055463794618844986]
1.6078681520862563  ::  3.204179  ::  [-2.4267520904541016, -0.0587000772356987, 0.05546647682785988]
1.608231219329325  ::  3.220147  ::  [-2.4141845703125, -0.059048403054475784, 0.05545981973409653]
1.608767282457465  ::  3.236102  ::  [-2.4099950790405273, -0.0591706708073616, 0.05546477437019348]
1.6103596770294302  ::  3.252059  ::  [-2.397428035736084, -0.05951952189207077, 0.055464968085289]
1.61149658336112  ::  3.268017  ::  [-2.389047145843506, -0.059755098074674606, 0.055460698902606964]
1.6129191836991865  ::  3.283977  ::  [-2.3764920234680176, -0.06011344492435455, 0.05546457692980766]
1.6133240858509215  ::  3.299931  ::  [-2.3639204502105713, -0.06046457961201668, 0.0554654486477375]
1.6133956961155007  ::  3.314891  ::  [-2.3555362224578857, -0.06069834902882576, 0.05546639859676361]
1.6122950751637766  ::  3.330359  ::  [-2.3429622650146484, -0.06104966253042221, 0.05546564236283302]
1.6088807276307107  ::  3.346317  ::  [-2.317829132080078, -0.06175873801112175, 0.055469267070293427]
1.60778533604257  ::  3.362379  ::  [-2.3052542209625244, -0.06211341917514801, 0.055467672646045685]
1.60778533604257  ::  3.3783  ::  [-2.3052542209625244, -0.06211341917514801, 0.055467672646045685]
1.6084336704051923  ::  3.394256  ::  [-2.2968850135803223, -0.06234728544950485, 0.05546750873327255]
1.609834286071868  ::  3.410215  ::  [-2.2843194007873535, -0.06270166486501694, 0.05546640232205391]
1.609834286071868  ::  3.426173  ::  [-2.2717525959014893, -0.06305641680955887, 0.05546575039625168]
1.6119314743121793  ::  3.442123  ::  [-2.259181261062622, -0.0634097158908844, 0.055463310331106186]
1.6125238865009721  ::  3.458082  ::  [-2.246619462966919, -0.06376508623361588, 0.055466167628765106]
1.6130254785181448  ::  3.474072  ::  [-2.238243579864502, -0.06399789452552795, 0.055464375764131546]
1.6130254785181448  ::  3.490028  ::  [-2.229856014251709, -0.06423436850309372, 0.05546893924474716]
1.6125945362701994  ::  3.505986  ::  [-2.2214832305908203, -0.06446944922208786, 0.055468183010816574]
1.6113427973830887  ::  3.521388  ::  [-2.2089152336120605, -0.06482118368148804, 0.05546828359365463]
1.6092203160985072  ::  3.537341  ::  [-2.196345806121826, -0.06517563760280609, 0.05546918138861656]
1.6067238819568677  ::  3.553326  ::  [-2.183774709701538, -0.06552943587303162, 0.05546782910823822]
1.6067238819568677  ::  3.568716  ::  [-2.1712045669555664, -0.0658831000328064, 0.055468808859586716]
1.6069323094482588  ::  3.584681  ::  [-2.1628293991088867, -0.06611927598714828, 0.05546671524643898]
1.6086377223066464  ::  3.600632  ::  [-2.150264263153076, -0.06647258251905441, 0.05546604469418526]
1.6102400419972491  ::  3.616395  ::  [-2.1418800354003906, -0.06670865416526794, 0.05546475201845169]
1.6102400419972491  ::  3.632352  ::  [-2.133512496948242, -0.06694640964269638, 0.05546179413795471]
1.6115686205125224  ::  3.648309  ::  [-2.125131130218506, -0.06718137115240097, 0.055462852120399475]
1.6130440480949508  ::  3.664301  ::  [-2.1125574111938477, -0.06753590703010559, 0.055461712181568146]
1.613391107082152  ::  3.67973  ::  [-2.09999942779541, -0.06788711249828339, 0.05546583980321884]
1.6123762903818764  ::  3.695687  ::  [-2.091616630554199, -0.0681239664554596, 0.0554676279425621]
1.6117037301920416  ::  3.711672  ::  [-2.083235263824463, -0.06835847347974777, 0.055468399077653885]
1.6106935025251143  ::  3.72682  ::  [-2.0706722736358643, -0.06871449202299118, 0.05546867102384567]
1.6089180802277343  ::  3.74169  ::  [-2.0664713382720947, -0.06883300840854645, 0.05546997860074043]
1.6089180802277343  ::  3.756651  ::  [-2.058098316192627, -0.0690644234418869, 0.05546901747584343]
1.608270172751935  ::  3.772306  ::  [-2.0455117225646973, -0.06942081451416016, 0.055468156933784485]
1.6079839451370292  ::  3.788266  ::  [-2.0371532440185547, -0.06965284794569016, 0.05546729266643524]
1.6079839451370292  ::  3.804222  ::  [-2.0245871543884277, -0.07000692933797836, 0.05546509101986885]
1.6100332153314445  ::  3.82018  ::  [-2.0120182037353516, -0.07036253809928894, 0.05546341463923454]
1.6105816581774555  ::  3.836148  ::  [-2.00783371925354, -0.07047557085752487, 0.05546385422348976]
1.6105816581774555  ::  3.85172  ::  [-2.003643274307251, -0.07059498876333237, 0.05546503886580467]
1.6122555881326375  ::  3.867678  ::  [-1.9952657222747803, -0.07083261013031006, 0.05546490475535393]
1.6140810629100293  ::  3.883635  ::  [-1.982686996459961, -0.07118787616491318, 0.055465344339609146]
1.6140810629100293  ::  3.899593  ::  [-1.9701330661773682, -0.07154170423746109, 0.0554671511054039]
1.613656844129548  ::  3.91555  ::  [-1.957565188407898, -0.07189208269119263, 0.055468056350946426]
1.6114643534059738  ::  3.931145  ::  [-1.9491735696792603, -0.07212799042463303, 0.05546947568655014]
1.609963205892452  ::  3.947104  ::  [-1.9282400608062744, -0.07271778583526611, 0.05546820908784866]
1.6070212086291749  ::  3.963062  ::  [-1.9282400608062744, -0.07271778583526611, 0.05546820908784866]
1.6031342973829086  ::  3.979018  ::  [-1.9156627655029297, -0.07306862622499466, 0.05546431243419647]
1.60625302579096  ::  3.994589  ::  [-1.907286286354065, -0.0733022540807724, 0.05546749383211136]
1.60625302579096  ::  4.010546  ::  [-1.894715666770935, -0.07365387678146362, 0.0554669015109539]
1.6112402378238329  ::  4.025753  ::  [-1.8821473121643066, -0.07400530576705933, 0.05546412989497185]
1.6112402378238329  ::  4.04172  ::  [-1.869581937789917, -0.07436152547597885, 0.05546142905950546]
1.612977560472249  ::  4.05666  ::  [-1.8570098876953125, -0.07471536844968796, 0.05546354502439499]
1.613900489783847  ::  4.072637  ::  [-1.8444445133209229, -0.07506769895553589, 0.055468060076236725]
1.614263770470327  ::  4.08871  ::  [-1.8360731601715088, -0.07530301809310913, 0.05546621233224869]
1.6102212589770315  ::  4.104644  ::  [-1.8235034942626953, -0.07565662264823914, 0.05546364560723305]
1.6102212589770315  ::  4.120162  ::  [-1.810925006866455, -0.0760079175233841, 0.055470071732997894]
1.6072380671353226  ::  4.136121  ::  [-1.7983548641204834, -0.07636107504367828, 0.055469904094934464]
1.6042944690464587  ::  4.152077  ::  [-1.7815980911254883, -0.07682211697101593, 0.05546589940786362]
1.6056599732719323  ::  4.182993  ::  [-1.7815980911254883, -0.07682211697101593, 0.05546589940786362]
1.6056599732719323  ::  4.197954  ::  [-1.7732230424880981, -0.07705993950366974, 0.05546687915921211]
1.6069020004838168  ::  4.212914  ::  [-1.764843463897705, -0.07729591429233551, 0.05546622350811958]
1.6069020004838168  ::  4.228177  ::  [-1.7522740364074707, -0.07765258848667145, 0.0554627999663353]
1.6086630153509165  ::  4.244136  ::  [-1.7438993453979492, -0.07789449393749237, 0.055465348064899445]
1.610219551429739  ::  4.260092  ::  [-1.7313371896743774, -0.07823823392391205, 0.055464960634708405]
1.611140026142104  ::  4.275656  ::  [-1.722954511642456, -0.07847139984369278, 0.05546505004167557]
1.6119708546216125  ::  4.291613  ::  [-1.7145709991455078, -0.07870951294898987, 0.05546780675649643]
1.6118180291389335  ::  4.306573  ::  [-1.710386037826538, -0.07882637530565262, 0.055467329919338226]
1.6113722525738845  ::  4.322058  ::  [-1.7020068168640137, -0.07906421273946762, 0.05546816438436508]
1.6101136834976038  ::  4.337604  ::  [-1.6894395351409912, -0.07941455394029617, 0.05546880513429642]
1.6101136834976038  ::  4.352564  ::  [-1.6810485124588013, -0.0796499252319336, 0.05547133460640907]
1.6067817251214012  ::  4.368575  ::  [-1.6684942245483398, -0.08000176399946213, 0.05546722188591957]
1.6066536590744636  ::  4.384532  ::  [-1.6559206247329712, -0.08035650849342346, 0.055468399077653885]
1.6066536590744636  ::  4.400461  ::  [-1.6517155170440674, -0.08047528564929962, 0.05546833947300911]
1.6064736195568101  ::  4.416013  ::  [-1.6433579921722412, -0.08070798963308334, 0.055467039346694946]
1.6064736195568101  ::  4.431668  ::  [-1.6307798624038696, -0.0810612216591835, 0.055465731769800186]
1.609753711184003  ::  4.4469  ::  [-1.6182222366333008, -0.08141760528087616, 0.05546572431921959]
1.6103698155914794  ::  4.462884  ::  [-1.6056560277938843, -0.08176886290311813, 0.055465176701545715]
1.6114973304130602  ::  4.478824  ::  [-1.5930784940719604, -0.08211958408355713, 0.05546518415212631]
1.6114973304130602  ::  4.494777  ::  [-1.5930784940719604, -0.08211958408355713, 0.05546518415212631]
1.6125013682210523  ::  4.510734  ::  [-1.5805195569992065, -0.08247446268796921, 0.055467285215854645]
1.612644055141682  ::  4.526695  ::  [-1.567955732345581, -0.08282765001058578, 0.05546467751264572]
1.6124924035977666  ::  4.542654  ::  [-1.56376051902771, -0.08294524997472763, 0.05546864867210388]
1.6118854772569875  ::  4.558609  ::  [-1.5553736686706543, -0.08318270742893219, 0.05546848475933075]
1.6066960275916586  ::  4.574568  ::  [-1.5470101833343506, -0.08341944962739944, 0.0554683655500412]
1.6044714136346443  ::  4.590523  ::  [-1.5386247634887695, -0.08366066217422485, 0.055467914789915085]
1.6003778891659854  ::  4.606481  ::  [-1.5302441120147705, -0.08389417082071304, 0.05546979233622551]
1.6000810961022072  ::  4.622572  ::  [-1.5176764726638794, -0.084245964884758, 0.05546893924474716]
1.6007147028694315  ::  4.638515  ::  [-1.505112648010254, -0.08459863811731339, 0.0554669126868248]
1.6007147028694315  ::  4.654495  ::  [-1.4967323541641235, -0.08483302593231201, 0.055466845631599426]
1.6022001622922035  ::  4.670453  ::  [-1.4841647148132324, -0.08518436551094055, 0.05546540394425392]
1.6037190256088851  ::  4.68641  ::  [-1.4715957641601562, -0.08553694933652878, 0.05546421557664871]
1.6049590251083599  ::  4.701473  ::  [-1.459027647972107, -0.08588866889476776, 0.05546595901250839]
1.6064377610636675  ::  4.716551  ::  [-1.446462869644165, -0.08624951541423798, 0.05546613782644272]
1.6057172828279371  ::  4.732527  ::  [-1.433894395828247, -0.08659174293279648, 0.055464863777160645]
1.6042766465215932  ::  4.748023  ::  [-1.4213297367095947, -0.0869467481970787, 0.05546898394823074]
1.6013920655360265  ::  4.763417  ::  [-1.408756971359253, -0.08729775995016098, 0.0554698221385479]
1.6002683926958536  ::  4.779398  ::  [-1.4003828763961792, -0.08753103017807007, 0.05546720325946808]
1.6002683926958536  ::  4.795331  ::  [-1.387807846069336, -0.08788103610277176, 0.0554685965180397]
1.599637347249568  ::  4.811311  ::  [-1.3752410411834717, -0.08823423087596893, 0.05546688660979271]
1.6005088366989793  ::  4.827282  ::  [-1.362672209739685, -0.08858717978000641, 0.05546737462282181]
1.604139082242841  ::  4.843237  ::  [-1.350111961364746, -0.0889388769865036, 0.055465392768383026]
1.6056179249198546  ::  4.859191  ::  [-1.3375403881072998, -0.0892903134226799, 0.05546405166387558]
1.6056179249198546  ::  4.875194  ::  [-1.3249688148498535, -0.08964531123638153, 0.0554649755358696]
1.6057549555900779  ::  4.891161  ::  [-1.3123993873596191, -0.08999504148960114, 0.055466316640377045]
1.6060397958228085  ::  4.907072  ::  [-1.3040231466293335, -0.09022902697324753, 0.055469416081905365]
1.6049904012898595  ::  4.923026  ::  [-1.2914578914642334, -0.09057901054620743, 0.05546983331441879]
1.6029444394683234  ::  4.938447  ::  [-1.2746977806091309, -0.09104834496974945, 0.055469345301389694]
1.6015833108327868  ::  4.954407  ::  [-1.2663127183914185, -0.0912822037935257, 0.05547115579247475]
1.6007997600689394  ::  4.969366  ::  [-1.2537530660629272, -0.09163409471511841, 0.05546817183494568]
1.5994533590288007  ::  4.985331  ::  [-1.2411783933639526, -0.09198401868343353, 0.05546841770410538]
1.5997507924228136  ::  5.001278  ::  [-1.2286101579666138, -0.09233412891626358, 0.05546553060412407]
1.6007969853045891  ::  5.017209  ::  [-1.2202398777008057, -0.09256923943758011, 0.0554664321243763]
1.6033428315960057  ::  5.033189  ::  [-1.203490972518921, -0.0930396094918251, 0.055465180426836014]
1.604765645377484  ::  5.048762  ::  [-1.195104956626892, -0.09326601773500443, 0.055465929210186005]
1.6055575204343822  ::  5.064719  ::  [-1.1825429201126099, -0.09361378848552704, 0.05546366423368454]
1.605226469703048  ::  5.080676  ::  [-1.169968843460083, -0.09396503120660782, 0.05546822398900986]
1.6040785710356629  ::  5.096634  ::  [-1.1574021577835083, -0.09431606531143188, 0.05546880140900612]
1.600530394483547  ::  5.112594  ::  [-1.144813895225525, -0.09466654062271118, 0.05546966567635536]
1.5997442823987609  ::  5.128549  ::  [-1.132254958152771, -0.09501907229423523, 0.05547093227505684]
1.5997442823987609  ::  5.144562  ::  [-1.1238770484924316, -0.09525197744369507, 0.05546942353248596]
1.5994223030124182  ::  5.160519  ::  [-1.1155017614364624, -0.0954887792468071, 0.055468570441007614]
1.601155890401132  ::  5.176475  ::  [-1.107123851776123, -0.09572252631187439, 0.055467717349529266]
1.6019952566171032  ::  5.192432  ::  [-1.0903708934783936, -0.09619495272636414, 0.05546524375677109]
1.6033436853696519  ::  5.208464  ::  [-1.0819835662841797, -0.09642700850963593, 0.05546288937330246]
1.6033436853696519  ::  5.224433  ::  [-1.0694153308868408, -0.09677787125110626, 0.05546510964632034]
1.6048439791095275  ::  5.239353  ::  [-1.0568503141403198, -0.09713007509708405, 0.05546429008245468]
1.60527043904583  ::  5.254337  ::  [-1.0442781448364258, -0.09748396277427673, 0.05546822398900986]
1.6034703640344143  ::  5.269774  ::  [-1.03590989112854, -0.09771690517663956, 0.05546946078538895]
1.6021333545043843  ::  5.285718  ::  [-1.0233403444290161, -0.0980677455663681, 0.055469777435064316]
1.6021333545043843  ::  5.301674  ::  [-1.0149527788162231, -0.09830263257026672, 0.055471453815698624]
1.5997859038640156  ::  5.317629  ::  [-0.9981950521469116, -0.09877137094736099, 0.05547080934047699]
1.5990018194916393  ::  5.33356  ::  [-0.9898220300674438, -0.09900565445423126, 0.0554686039686203]
1.5974430422569954  ::  5.349547  ::  [-0.9772595167160034, -0.0993574932217598, 0.0554664209485054]
1.5947539754364204  ::  5.365505  ::  [-0.9646861553192139, -0.0997128114104271, 0.055463142693042755]
1.5963461565649737  ::  5.381258  ::  [-0.9521186351776123, -0.10006042569875717, 0.05546477064490318]
1.5977605393316954  ::  5.396393  ::  [-0.9269815683364868, -0.10075731575489044, 0.05546737089753151]
1.5977605393316954  ::  5.411352  ::  [-0.9269815683364868, -0.10075731575489044, 0.05546737089753151]
1.598260743966693  ::  5.427309  ::  [-0.9186046123504639, -0.10099193453788757, 0.05546773597598076]
1.5977340723486615  ::  5.4423  ::  [-0.9060230255126953, -0.10134231299161911, 0.055468685925006866]
1.5966368664915225  ::  5.458256  ::  [-0.8934602737426758, -0.1016918271780014, 0.05546952039003372]
1.5947427696573133  ::  5.473716  ::  [-0.8808878660202026, -0.10204093903303146, 0.05547146126627922]
1.5921316096819584  ::  5.489678  ::  [-0.8683190941810608, -0.10239031910896301, 0.05547083914279938]
1.5921316096819584  ::  5.505588  ::  [-0.8599423170089722, -0.10262436419725418, 0.05546911805868149]
1.591814005885553  ::  5.521269  ::  [-0.8473694324493408, -0.10297229886054993, 0.055464327335357666]
1.59382250838836  ::  5.537221  ::  [-0.8348095417022705, -0.10332413017749786, 0.05546760931611061]
1.59382250838836  ::  5.553184  ::  [-0.8222527503967285, -0.10367642343044281, 0.05546499043703079]
1.5958397620710407  ::  5.568702  ::  [-0.8096798658370972, -0.10402460396289825, 0.055466435849666595]
1.5981359862926345  ::  5.584661  ::  [-0.7971159219741821, -0.10437528043985367, 0.05546630173921585]
1.5983011914931842  ::  5.600623  ::  [-0.7845442295074463, -0.10472201555967331, 0.055467959493398666]
1.5983011914931842  ::  5.615809  ::  [-0.7761510014533997, -0.10495206713676453, 0.055465370416641235]
1.5966046365363764  ::  5.631318  ::  [-0.7677828669548035, -0.10519036650657654, 0.055470049381256104]
1.5966046365363764  ::  5.646698  ::  [-0.7594012022018433, -0.1054234653711319, 0.05546938627958298]
1.5934579470414103  ::  5.662682  ::  [-0.7342641949653625, -0.10612508654594421, 0.05546974763274193]
1.592586564313705  ::  5.678209  ::  [-0.7342641949653625, -0.10612508654594421, 0.05546974763274193]
1.5917888195629886  ::  5.694165  ::  [-0.7300729751586914, -0.10623946785926819, 0.055469803512096405]
1.5926318143169562  ::  5.710123  ::  [-0.7175025939941406, -0.10658678412437439, 0.05546804144978523]
1.5926318143169562  ::  5.726053  ::  [-0.704926609992981, -0.10693758726119995, 0.055465079843997955]
1.5937109842058181  ::  5.742037  ::  [-0.7007533311843872, -0.10705414414405823, 0.055466365069150925]
1.5937109842058181  ::  5.757995  ::  [-0.6923730969429016, -0.10728959739208221, 0.055463749915361404]
1.5956129784462552  ::  5.773929  ::  [-0.6839991211891174, -0.10752527415752411, 0.05546608567237854]
1.5969446518909962  ::  5.789888  ::  [-0.671427845954895, -0.10787124186754227, 0.05546710640192032]
1.5976768695143626  ::  5.805846  ::  [-0.6588610410690308, -0.10822246223688126, 0.05546793341636658]
1.5976768695143626  ::  5.821801  ::  [-0.6504676342010498, -0.10845217108726501, 0.0554661899805069]
1.597805149004712  ::  5.837759  ::  [-0.6462852954864502, -0.10857139527797699, 0.055469900369644165]
1.5961332467619398  ::  5.853719  ::  [-0.6379077434539795, -0.10880394279956818, 0.05547068268060684]
1.5961332467619398  ::  5.869673  ::  [-0.6295212507247925, -0.10903788357973099, 0.05547017604112625]
1.5938578332729734  ::  5.885631  ::  [-0.6253386735916138, -0.10915551334619522, 0.05547069013118744]
1.5938578332729734  ::  5.901588  ::  [-0.6127688884735107, -0.10950332880020142, 0.055465929210186005]
1.5917530677915517  ::  5.917545  ::  [-0.6002008318901062, -0.10985519737005234, 0.05547013133764267]
1.5921169888082665  ::  5.932789  ::  [-0.5876331329345703, -0.1102045327425003, 0.055468861013650894]
1.5921169888082665  ::  5.947741  ::  [-0.5750688314437866, -0.11055082827806473, 0.05546576529741287]
1.5954549235999929  ::  5.963676  ::  [-0.5625118017196655, -0.11089789867401123, 0.05546485632658005]
1.5965753947889922  ::  5.979634  ::  [-0.5415596961975098, -0.11148326098918915, 0.05546620860695839]
1.5978613913436588  ::  5.995616  ::  [-0.5289871692657471, -0.11183281242847443, 0.05546781048178673]
1.5978613913436588  ::  6.011576  ::  [-0.5289871692657471, -0.11183281242847443, 0.05546781048178673]
1.5980371619930809  ::  6.027671  ::  [-0.5164197683334351, -0.11218676716089249, 0.055469077080488205]
1.596155658320154  ::  6.042631  ::  [-0.49128371477127075, -0.11288925260305405, 0.05546962469816208]
1.596155658320154  ::  6.057593  ::  [-0.49128371477127075, -0.11288925260305405, 0.05546962469816208]
1.5939536693647651  ::  6.072312  ::  [-0.47870391607284546, -0.11323553323745728, 0.05547087639570236]
1.593202241834358  ::  6.088271  ::  [-0.47033601999282837, -0.11347095668315887, 0.05546899512410164]
1.5928222058400703  ::  6.104227  ::  [-0.45776864886283875, -0.11381947994232178, 0.05546777695417404]
1.5928222058400703  ::  6.120184  ::  [-0.4451986849308014, -0.11416985094547272, 0.055467262864112854]
1.5944102248220982  ::  6.136141  ::  [-0.4410085380077362, -0.11428629606962204, 0.0554671436548233]
1.5956788257387224  ::  6.152098  ::  [-0.43262869119644165, -0.11451888084411621, 0.05546217039227486]
1.5974748453253182  ::  6.168056  ::  [-0.4200669825077057, -0.11486832797527313, 0.05546646565198898]
1.5974748453253182  ::  6.184013  ::  [-0.4075053036212921, -0.11521773040294647, 0.05546567216515541]
1.5984741873782558  ::  6.199447  ::  [-0.3991240859031677, -0.11545336246490479, 0.055466946214437485]
1.5982916932613696  ::  6.215404  ::  [-0.3865547776222229, -0.11580634862184525, 0.05546647682785988]
1.5977722787193314  ::  6.231362  ::  [-0.37398210167884827, -0.11615408957004547, 0.05546969175338745]
1.596146266810045  ::  6.246828  ::  [-0.36140644550323486, -0.11650301516056061, 0.055471159517765045]
1.5929037412232874  ::  6.262786  ::  [-0.336269348859787, -0.11720351874828339, 0.05547011271119118]
1.592584002992766  ::  6.278744  ::  [-0.336269348859787, -0.11720351874828339, 0.05547011271119118]
1.592584002992766  ::  6.294219  ::  [-0.3320852816104889, -0.1173187866806984, 0.05546860024333]
1.5921725908169786  ::  6.310177  ::  [-0.3237011730670929, -0.11755186319351196, 0.05546805262565613]
1.594085150506288  ::  6.325975  ::  [-0.30694568157196045, -0.11801997572183609, 0.05546487122774124]
1.594085150506288  ::  6.341933  ::  [-0.29857662320137024, -0.11825137585401535, 0.05546531826257706]
1.5962179837963302  ::  6.35789  ::  [-0.2860044240951538, -0.11860211938619614, 0.05546482652425766]
1.5975537126658907  ::  6.373848  ::  [-0.27344244718551636, -0.11895308643579483, 0.05546558275818825]
1.598031185577557  ::  6.389805  ::  [-0.2608756422996521, -0.11930572986602783, 0.05546513944864273]
1.598084012821919  ::  6.405762  ::  [-0.2524944245815277, -0.11954106390476227, 0.055466245859861374]
1.5971061218318434  ::  6.421244  ::  [-0.23991678655147552, -0.11989345401525497, 0.05547063797712326]
1.5946875945354242  ::  6.436902  ::  [-0.22316282987594604, -0.12036055326461792, 0.05546993762254715]
1.5946875945354242  ::  6.452861  ::  [-0.22316282987594604, -0.12036055326461792, 0.05546993762254715]
1.59345719998947  ::  6.468816  ::  [-0.21476973593235016, -0.12059327214956284, 0.05547065660357475]
1.59237216040679  ::  6.484774  ::  [-0.20639753341674805, -0.1208261027932167, 0.05547035485506058]
1.5919720607318153  ::  6.500093  ::  [-0.1896476298570633, -0.12129995226860046, 0.055467359721660614]
1.5919720607318153  ::  6.51557  ::  [-0.181263729929924, -0.12153230607509613, 0.05546611547470093]
1.5950566381940166  ::  6.531169  ::  [-0.16869494318962097, -0.12188253551721573, 0.055465567857027054]
1.5962744395786885  ::  6.54684  ::  [-0.1477639228105545, -0.12246502935886383, 0.055464066565036774]
1.5976374892049292  ::  6.562802  ::  [-0.1477639228105545, -0.12246502935886383, 0.055464066565036774]
1.5978025876837731  ::  6.57878  ::  [-0.13519369065761566, -0.12281472980976105, 0.055466555058956146]
1.5978025876837731  ::  6.594559  ::  [-0.12262298166751862, -0.1231643483042717, 0.055466894060373306]
1.5969621542507442  ::  6.610551  ::  [-0.11842595785856247, -0.12328113615512848, 0.05546983331441879]
1.5952578086094145  ::  6.626125  ::  [-0.11005184799432755, -0.12351281195878983, 0.05546882003545761]
1.5952578086094145  ::  6.642083  ::  [-0.097480408847332, -0.12386263906955719, 0.05546952039003372]
1.5934774771135685  ::  6.658039  ::  [-0.08490870893001556, -0.124213807284832, 0.05547068268060684]
1.5914211632865713  ::  6.673208  ::  [-0.0765242800116539, -0.12444670498371124, 0.055467940866947174]
1.5914211632865713  ::  6.689165  ::  [-0.06395437568426132, -0.12479809671640396, 0.05546789616346359]
1.5917149681425877  ::  6.704125  ::  [-0.05140490084886551, -0.12514755129814148, 0.05546625703573227]
1.5932067241460008  ::  6.720083  ::  [-0.038833729922771454, -0.1255020797252655, 0.055465541779994965]
1.5958646282284878  ::  6.735686  ::  [-0.03044104017317295, -0.12573428452014923, 0.05546379089355469]
1.5958646282284878  ::  6.751626  ::  [-0.01789134368300438, -0.1260814666748047, 0.05546560138463974]
1.5970685557914084  ::  6.767587  ::  [-0.009511660784482956, -0.1263149082660675, 0.055465955287218094]
1.5978419679932065  ::  6.783543  ::  [-0.001134876161813736, -0.12654843926429749, 0.055466651916503906]
1.5969060186335031  ::  6.799501  ::  [0.007248853798955679, -0.12678217887878418, 0.05546796694397926]
1.5969060186335031  ::  6.81546  ::  [0.01981646940112114, -0.12713797390460968, 0.05546671524643898]
1.5949368964401298  ::  6.831415  ::  [0.03237840533256531, -0.12749013304710388, 0.05546760559082031]
1.5926289328309  ::  6.846904  ::  [0.044956911355257034, -0.12783733010292053, 0.0554695799946785]
1.5939762943663909  ::  6.862861  ::  [0.06591640412807465, -0.12841448187828064, 0.055459532886743546]
1.5950428710939706  ::  6.87885  ::  [0.0742746964097023, -0.12864799797534943, 0.0554637610912323]
1.5950428710939706  ::  6.894816  ::  [0.0742746964097023, -0.12864799797534943, 0.0554637610912323]
1.5938843002560072  ::  6.910762  ::  [0.08264423906803131, -0.12887215614318848, 0.055454496294260025]
1.5926205018161435  ::  6.926544  ::  [0.09938199818134308, -0.12931586802005768, 0.05543982610106468]
1.5929100378039285  ::  6.942501  ::  [0.10777934640645981, -0.12955088913440704, 0.05543629825115204]
1.5946034978312684  ::  6.958458  ::  [0.12035874277353287, -0.12992264330387115, 0.05546332150697708]
1.595404124068041  ::  6.974429  ::  [0.13291993737220764, -0.13027173280715942, 0.055466797202825546]
1.595404124068041  ::  6.990373  ::  [0.14549092948436737, -0.13062329590320587, 0.05546822398900986]
1.5931215602247872  ::  7.006302  ::  [0.15387701988220215, -0.13085561990737915, 0.05546790361404419]
1.5922000182953644  ::  7.02229  ::  [0.16644087433815002, -0.13120251893997192, 0.05546882003545761]
1.5922000182953644  ::  7.037863  ::  [0.17900554835796356, -0.13155558705329895, 0.055462829768657684]
1.5941395785762364  ::  7.053818  ::  [0.19155754148960114, -0.1319197565317154, 0.055450841784477234]
1.5941395785762364  ::  7.06978  ::  [0.2041456699371338, -0.1322554647922516, 0.0554637648165226]
1.5948949548097575  ::  7.085082  ::  [0.20832912623882294, -0.13236862421035767, 0.0554654523730278]
1.5948949548097575  ::  7.101011  ::  [0.2167099118232727, -0.13260070979595184, 0.055464133620262146]
1.5963586430045502  ::  7.116997  ::  [0.2292722761631012, -0.1329532265663147, 0.055465418845415115]
1.5980596802730007  ::  7.132927  ::  [0.2418394237756729, -0.13330426812171936, 0.05546538159251213]
1.5995758755470377  ::  7.148863  ::  [0.2544079124927521, -0.13365352153778076, 0.05546635389328003]
1.6001616709900721  ::  7.164847  ::  [0.2669801712036133, -0.13400337100028992, 0.05546765774488449]
1.599825284173449  ::  7.180778  ::  [0.275357723236084, -0.1342344731092453, 0.05546753853559494]
1.5991036319989549  ::  7.19575  ::  [0.2837374210357666, -0.13447223603725433, 0.05546927824616432]
1.5991036319989549  ::  7.211744  ::  [0.2879304885864258, -0.13458578288555145, 0.05546938627958298]
1.5966379337085803  ::  7.227276  ::  [0.29630815982818604, -0.1348239779472351, 0.05546874180436134]
1.5966379337085803  ::  7.243234  ::  [0.30468711256980896, -0.13505429029464722, 0.055468715727329254]
1.5957270639497356  ::  7.259191  ::  [0.313068687915802, -0.13528428971767426, 0.0554693229496479]
1.593968930568692  ::  7.274182  ::  [0.32563674449920654, -0.1356409639120102, 0.05546847730875015]
1.595230167687617  ::  7.290128  ::  [0.35076525807380676, -0.13634280860424042, 0.055465612560510635]
1.5964967408918314  ::  7.305098  ::  [0.35076525807380676, -0.13634280860424042, 0.055465612560510635]
1.5964967408918314  ::  7.321081  ::  [0.36333420872688293, -0.1366899311542511, 0.05546524375677109]
1.5987972339816563  ::  7.336399  ::  [0.375900536775589, -0.13704051077365875, 0.055465273559093475]
1.6003195123929228  ::  7.352319  ::  [0.38846704363822937, -0.13739100098609924, 0.05546596273779869]
1.6003195123929228  ::  7.368271  ::  [0.39686319231987, -0.13762302696704865, 0.055464982986450195]
1.6039380185491487  ::  7.384233  ::  [0.4094240367412567, -0.13797403872013092, 0.055468879640102386]
1.6039380185491487  ::  7.400184  ::  [0.4219953417778015, -0.13832509517669678, 0.055469464510679245]
1.6020772188871433  ::  7.41612  ::  [0.4345693588256836, -0.13867810368537903, 0.055470723658800125]
1.6007866332991283  ::  7.432108  ::  [0.44295528531074524, -0.13891255855560303, 0.05546971783041954]
1.6001347771202152  ::  7.448059  ::  [0.44713613390922546, -0.1390267163515091, 0.0554695725440979]
1.5991322334161042  ::  7.46402  ::  [0.45551225543022156, -0.1392633318901062, 0.05546863377094269]
1.5991322334161042  ::  7.47998  ::  [0.4638911485671997, -0.139500230550766, 0.05546746402978897]
1.600560703447989  ::  7.495937  ::  [0.48484209179878235, -0.14008566737174988, 0.055466316640377045]
1.601520665191493  ::  7.511921  ::  [0.48484209179878235, -0.14008566737174988, 0.055466316640377045]
1.601520665191493  ::  7.527892  ::  [0.4932079613208771, -0.1403190791606903, 0.055465005338191986]
1.6049569973959499  ::  7.543831  ::  [0.5057785511016846, -0.1406710147857666, 0.055465709418058395]
1.6055266778614115  ::  7.559789  ::  [0.5141544342041016, -0.14090591669082642, 0.05546595901250839]
1.6059457740000151  ::  7.57575  ::  [0.5225293636322021, -0.14113977551460266, 0.055465344339609146]
1.6051800457610332  ::  7.591679  ::  [0.543484091758728, -0.14172588288784027, 0.055468346923589706]
1.604550174253511  ::  7.607637  ::  [0.543484091758728, -0.14172588288784027, 0.055468346923589706]
1.6039386588793834  ::  7.622638  ::  [0.5518750548362732, -0.14196008443832397, 0.0554690845310688]
1.6020127589768514  ::  7.637583  ::  [0.5560581684112549, -0.14207777380943298, 0.05546991154551506]
1.601085667518728  ::  7.653545  ::  [0.5686360597610474, -0.14242929220199585, 0.055469661951065063]
1.601085667518728  ::  7.669502  ::  [0.5770062208175659, -0.1426648646593094, 0.05546964704990387]
1.6001759716986468  ::  7.685459  ::  [0.58957439661026, -0.143014058470726, 0.05546850711107254]
1.6001759716986468  ::  7.70143  ::  [0.602135419845581, -0.14336368441581726, 0.05546485632658005]
1.6085585348009566  ::  7.717374  ::  [0.6147085428237915, -0.14371466636657715, 0.05546518415212631]
1.6085585348009566  ::  7.733362  ::  [0.6230846643447876, -0.14395152032375336, 0.05546492710709572]
1.610120406965068  ::  7.749383  ::  [0.6356508135795593, -0.1443033665418625, 0.05546123534440994]
1.6098732394944781  ::  7.765277  ::  [0.6482201814651489, -0.14465418457984924, 0.05546543747186661]
1.6098732394944781  ::  7.781232  ::  [0.6607864499092102, -0.14500929415225983, 0.05546559765934944]
1.6080986709707443  ::  7.796164  ::  [0.6859264373779297, -0.1457146555185318, 0.0554681196808815]
1.606135205027777  ::  7.811168  ::  [0.6859264373779297, -0.1457146555185318, 0.0554681196808815]
1.606135205027777  ::  7.82711  ::  [0.698492169380188, -0.14606642723083496, 0.055462975054979324]
1.6041623475747013  ::  7.84307  ::  [0.7068808674812317, -0.1463027149438858, 0.05546950176358223]
1.6041623475747013  ::  7.859027  ::  [0.7152626514434814, -0.14654144644737244, 0.055468227714300156]
1.6037648092206653  ::  7.874423  ::  [0.7236382961273193, -0.14677703380584717, 0.05546850711107254]
1.6045546565651538  ::  7.890379  ::  [0.7362028360366821, -0.1471206247806549, 0.05546469986438751]
1.6056047981500434  ::  7.906337  ::  [0.7487614154815674, -0.1474735289812088, 0.055457890033721924]
1.6136129815084717  ::  7.92167  ::  [0.7613388299942017, -0.14783069491386414, 0.05546330660581589]
1.6157558466388575  ::  7.937628  ::  [0.7739066481590271, -0.1481836438179016, 0.05545995384454727]
1.616168219309997  ::  7.953585  ::  [0.7822878360748291, -0.14842106401920319, 0.05546644330024719]
1.616538863794176  ::  7.968935  ::  [0.7906757593154907, -0.14865629374980927, 0.055464595556259155]
1.6165254168592476  ::  7.98489  ::  [0.7990381717681885, -0.14889055490493774, 0.055464692413806915]
1.6142621696447403  ::  8.00085  ::  [0.8074231147766113, -0.1491328477859497, 0.05546773597598076]
1.6130213163716194  ::  8.016806  ::  [0.8241928219795227, -0.1496058851480484, 0.0554685965180397]
1.6130213163716194  ::  8.032762  ::  [0.8325616121292114, -0.1498405933380127, 0.05546887218952179]
1.610479418783317  ::  8.048721  ::  [0.840943455696106, -0.1500706523656845, 0.05546839162707329]
1.610479418783317  ::  8.064677  ::  [0.8493293523788452, -0.15030664205551147, 0.05546785145998001]
1.6100041870274722  ::  8.080288  ::  [0.857699990272522, -0.15054118633270264, 0.05546729639172554]
1.6098044039942492  ::  8.095712  ::  [0.8618947267532349, -0.15065918862819672, 0.055466651916503906]
1.6114332973895915  ::  8.110671  ::  [0.870257556438446, -0.15089498460292816, 0.055464379489421844]
1.6114332973895915  ::  8.126703  ::  [0.8828251361846924, -0.15124906599521637, 0.055461425334215164]
1.6140057173857474  ::  8.14266  ::  [0.8912104368209839, -0.15148858726024628, 0.055465374141931534]
1.6140057173857474  ::  8.15762  ::  [0.9037790298461914, -0.1518440544605255, 0.05546551197767258]
1.6155452847133507  ::  8.172787  ::  [0.9163450002670288, -0.15219677984714508, 0.05546588450670242]
1.6161878561038607  ::  8.188744  ::  [0.9247314929962158, -0.1524362862110138, 0.055465955287218094]
1.6157608625590292  ::  8.204677  ::  [0.9373031854629517, -0.15279008448123932, 0.05546461045742035]
1.6146904438500413  ::  8.220161  ::  [0.9498655796051025, -0.1531429886817932, 0.055469196289777756]
1.6108358692806268  ::  8.236092  ::  [0.9624308347702026, -0.15349875390529633, 0.055465467274188995]
1.6100281994112728  ::  8.252081  ::  [0.9750064611434937, -0.15385550260543823, 0.05546872317790985]
1.6100281994112728  ::  8.268037  ::  [0.9875751733779907, -0.15420962870121002, 0.055465735495090485]
1.609720414011799  ::  8.283996  ::  [0.9959494471549988, -0.15444815158843994, 0.05546687915921211]
1.6113608333513658  ::  8.299579  ::  [1.004331350326538, -0.15468339622020721, 0.05546719953417778]
1.6113608333513658  ::  8.315102  ::  [1.0169003009796143, -0.15503783524036407, 0.05546518415212631]
1.6143060322658165  ::  8.330063  ::  [1.0252747535705566, -0.15527330338954926, 0.05546601861715317]
1.6157830606738317  ::  8.34602  ::  [1.0504122972488403, -0.15597721934318542, 0.05546708405017853]
1.6157246839007693  ::  8.362002  ::  [1.0504122972488403, -0.15597721934318542, 0.05546708405017853]
1.6153842416593265  ::  8.377961  ::  [1.062978744506836, -0.15633231401443481, 0.05546713247895241]
1.6138655917860565  ::  8.392918  ::  [1.0713609457015991, -0.15657107532024384, 0.05546635761857033]
1.6138655917860565  ::  8.40788  ::  [1.0839296579360962, -0.1569148302078247, 0.05546824634075165]
1.6106525213900944  ::  8.423562  ::  [1.096501111984253, -0.15726856887340546, 0.0554695725440979]
1.6106525213900944  ::  8.439522  ::  [1.1048771142959595, -0.15750284492969513, 0.0554676279425621]
1.6096571280402707  ::  8.455479  ::  [1.1174412965774536, -0.15785753726959229, 0.055465392768383026]
1.610425631043603  ::  8.471437  ::  [1.1300069093704224, -0.1582103669643402, 0.05546010285615921]
1.61213232456246  ::  8.487394  ::  [1.1425833702087402, -0.1585671603679657, 0.0554666668176651]
1.61213232456246  ::  8.502701  ::  [1.1551506519317627, -0.15892136096954346, 0.05546576902270317]
1.6140073182113341  ::  8.518195  ::  [1.1677180528640747, -0.1592756062746048, 0.05546678975224495]
1.6157016320123205  ::  8.534152  ::  [1.1760929822921753, -0.1595119833946228, 0.05546609312295914]
1.6157016320123205  ::  8.55011  ::  [1.1886615753173828, -0.15986321866512299, 0.055466897785663605]
1.6114008539910338  ::  8.566067  ::  [1.201225757598877, -0.16021084785461426, 0.05546293035149574]
1.6114008539910338  ::  8.581276  ::  [1.2137980461120605, -0.16056056320667267, 0.05546753853559494]
1.6090318455660972  ::  8.596769  ::  [1.2389330863952637, -0.16127867996692657, 0.055460527539253235]
1.6076136208179677  ::  8.612727  ::  [1.2389330863952637, -0.16127867996692657, 0.055460527539253235]
1.6074336880220201  ::  8.628684  ::  [1.2473241090774536, -0.16152067482471466, 0.05546390265226364]
1.6074336880220201  ::  8.644643  ::  [1.2598869800567627, -0.1618732511997223, 0.055465929210186005]
1.6078186332147737  ::  8.6606  ::  [1.2682710886001587, -0.16210855543613434, 0.05546698346734047]
1.609993941743717  ::  8.676558  ::  [1.2724496126174927, -0.162227600812912, 0.05546516925096512]
1.6106226393124756  ::  8.692513  ::  [1.285023808479309, -0.16258001327514648, 0.05546592175960541]
1.6123504637290773  ::  8.708178  ::  [1.2892128229141235, -0.1626979410648346, 0.055466536432504654]
1.6123504637290773  ::  8.724168  ::  [1.3017799854278564, -0.16305133700370789, 0.055466972291469574]
1.6136963311606871  ::  8.740125  ::  [1.3143486976623535, -0.16340497136116028, 0.05546749755740166]
1.6169946721995685  ::  8.756081  ::  [1.3227181434631348, -0.16364027559757233, 0.05546393245458603]
1.6159156090324123  ::  8.77204  ::  [1.3352891206741333, -0.16398924589157104, 0.05546322464942932]
1.6158565919291152  ::  8.787998  ::  [1.339482069015503, -0.16411219537258148, 0.05546630546450615]
1.6150746419908546  ::  8.803953  ::  [1.3478679656982422, -0.16434122622013092, 0.055467553436756134]
1.6150746419908546  ::  8.818913  ::  [1.3520474433898926, -0.16446129977703094, 0.05546680837869644]
1.611962850493679  ::  8.834929  ::  [1.3646202087402344, -0.16481737792491913, 0.055466972291469574]
1.613304235613646  ::  8.849832  ::  [1.3729976415634155, -0.16505320370197296, 0.05546708032488823]
1.613304235613646  ::  8.86579  ::  [1.3855626583099365, -0.16540595889091492, 0.05546044185757637]
1.6150745352691487  ::  8.881749  ::  [1.39814031124115, -0.1657644361257553, 0.05546655133366585]
1.6150745352691487  ::  8.897706  ::  [1.4107086658477783, -0.1661197990179062, 0.05546652525663376]
1.6167838968306503  ::  8.912666  ::  [1.4232869148254395, -0.16647502779960632, 0.05546330660581589]
1.6167838968306503  ::  8.927325  ::  [1.4232869148254395, -0.16647502779960632, 0.05546330660581589]
1.618904670567939  ::  8.943288  ::  [1.4316534996032715, -0.16671137511730194, 0.05546662211418152]
1.6199370963496689  ::  8.959243  ::  [1.4400455951690674, -0.16694805026054382, 0.05546564608812332]
1.6199370963496689  ::  8.97483  ::  [1.4525991678237915, -0.16730153560638428, 0.05546748638153076]
1.619913190687574  ::  8.990789  ::  [1.456794023513794, -0.1674235314130783, 0.05546491593122482]
1.6173176120812631  ::  9.006748  ::  [1.4693565368652344, -0.16777421534061432, 0.055468056350946426]
1.6173176120812631  ::  9.022704  ::  [1.4777313470840454, -0.16800568997859955, 0.055465009063482285]
1.6155879733956633  ::  9.038661  ::  [1.4819247722625732, -0.16812513768672943, 0.05546732619404793]
1.6155879733956633  ::  9.054617  ::  [1.4903095960617065, -0.16836243867874146, 0.05546993762254715]
1.615136006971679  ::  9.070574  ::  [1.4944918155670166, -0.16847915947437286, 0.05546695366501808]
1.6137907798703037  ::  9.086583  ::  [1.5028693675994873, -0.16871704161167145, 0.05546734854578972]
1.6127121435899705  ::  9.102542  ::  [1.5154346227645874, -0.16906610131263733, 0.055462390184402466]
1.613368268637115  ::  9.117788  ::  [1.5280134677886963, -0.1694246232509613, 0.05546708405017853]
1.6155878666739574  ::  9.133313  ::  [1.5405805110931396, -0.16978007555007935, 0.05546622723340988]
1.6155878666739574  ::  9.14845  ::  [1.5489665269851685, -0.17001669108867645, 0.05546547472476959]
1.6174820702298724  ::  9.164238  ::  [1.5615264177322388, -0.17037127912044525, 0.055466827005147934]
1.6182003073097815  ::  9.180195  ::  [1.5657199621200562, -0.17048975825309753, 0.05546645447611809]
1.617210250045247  ::  9.196128  ::  [1.5908520221710205, -0.17120115458965302, 0.055467456579208374]
1.6140782881456788  ::  9.212118  ::  [1.5908520221710205, -0.17120115458965302, 0.055467456579208374]
1.6140782881456788  ::  9.228072  ::  [1.6034235954284668, -0.17155387997627258, 0.055468685925006866]
1.6123495032337252  ::  9.24412  ::  [1.6159905195236206, -0.17190612852573395, 0.05546789616346359]
1.6115947673304387  ::  9.260078  ::  [1.6201837062835693, -0.17202356457710266, 0.05546921119093895]
1.6082201202719235  ::  9.275725  ::  [1.6285598278045654, -0.1722586750984192, 0.05546661466360092]
1.606065942640725  ::  9.291721  ::  [1.641129493713379, -0.17260940372943878, 0.05546703562140465]
1.6067170517676976  ::  9.307664  ::  [1.653702974319458, -0.17296332120895386, 0.055467892438173294]
1.6067170517676976  ::  9.323293  ::  [1.6662712097167969, -0.17331692576408386, 0.05546685308218002]
1.6072309167810352  ::  9.338944  ::  [1.6704590320587158, -0.17343465983867645, 0.055466778576374054]
1.6102261681754975  ::  9.354888  ::  [1.6788370609283447, -0.1736701875925064, 0.055466607213020325]
1.6102261681754975  ::  9.370823  ::  [1.6914036273956299, -0.1740235984325409, 0.05546627193689346]
1.6114551753392767  ::  9.385819  ::  [1.6997910737991333, -0.17425908148288727, 0.05546509474515915]
1.6119713882301414  ::  9.401766  ::  [1.7039719820022583, -0.17437662184238434, 0.05546656250953674]
1.6122032944968046  ::  9.416769  ::  [1.7123509645462036, -0.17461197078227997, 0.055467892438173294]
1.6115281729860311  ::  9.43268  ::  [1.720729947090149, -0.17484751343727112, 0.05546855553984642]
1.6115281729860311  ::  9.448302  ::  [1.729114294052124, -0.17508164048194885, 0.05546646565198898]
1.6098730260510667  ::  9.464268  ::  [1.7416739463806152, -0.1754324585199356, 0.05546622723340988]
1.6076671951142698  ::  9.480195  ::  [1.7542407512664795, -0.17578576505184174, 0.05546572431921959]
1.6048534773413419  ::  9.496153  ::  [1.7668185234069824, -0.1761452704668045, 0.05546167865395546]
1.6046946754431393  ::  9.512137  ::  [1.7877644300460815, -0.1767348051071167, 0.055467527359724045]
1.6046946754431393  ::  9.527265  ::  [1.7877644300460815, -0.1767348051071167, 0.055467527359724045]
1.6056649891921042  ::  9.542557  ::  [1.800331950187683, -0.17708802223205566, 0.055466655641794205]
1.6075657027720718  ::  9.558484  ::  [1.8128992319107056, -0.17744123935699463, 0.05546606332063675]
1.610487636354662  ::  9.574467  ::  [1.8254667520523071, -0.1777942031621933, 0.055466294288635254]
1.610487636354662  ::  9.590429  ::  [1.8380367755889893, -0.1781470775604248, 0.05546676367521286]
1.6106947831855838  ::  9.606382  ::  [1.850616455078125, -0.17849959433078766, 0.05546662583947182]
1.6083774280662455  ::  9.622347  ::  [1.8631689548492432, -0.17884963750839233, 0.055467262864112854]
1.6066684933915671  ::  9.637897  ::  [1.8757398128509521, -0.1792050004005432, 0.05546855181455612]
1.6066684933915671  ::  9.653845  ::  [1.8883147239685059, -0.1795571893453598, 0.055468469858169556]
1.6056389490958933  ::  9.669828  ::  [1.8966821432113647, -0.17979227006435394, 0.05546316131949425]
1.6051175068414454  ::  9.685775  ::  [1.9008867740631104, -0.17991122603416443, 0.055466003715991974]
1.6051175068414454  ::  9.701693  ::  [1.9092562198638916, -0.18014301359653473, 0.05546706169843674]
1.605902338265762  ::  9.71769  ::  [1.9218275547027588, -0.18049606680870056, 0.0554671548306942]
1.605902338265762  ::  9.733609  ::  [1.9302078485488892, -0.1807314157485962, 0.05546655133366585]
1.6063292250888879  ::  9.749099  ::  [1.9343950748443604, -0.18084920942783356, 0.05546662211418152]
1.6073334763402913  ::  9.765059  ::  [1.9427731037139893, -0.18108457326889038, 0.05546640604734421]
1.6083262016474704  ::  9.781013  ::  [1.9511473178863525, -0.18131743371486664, 0.05546501651406288]
1.6102070649901625  ::  9.796947  ::  [1.9637186527252197, -0.1816723793745041, 0.05546655133366585]
1.6108404583139755  ::  9.812961  ::  [1.976287603378296, -0.18202538788318634, 0.055467791855335236]
1.6100534924555432  ::  9.828916  ::  [1.9972202777862549, -0.18261101841926575, 0.05546467378735542]
1.6100534924555432  ::  9.844875  ::  [1.9972202777862549, -0.18261101841926575, 0.05546467378735542]
1.6084258797206703  ::  9.860831  ::  [2.005606174468994, -0.18284226953983307, 0.05546650290489197]
1.6084258797206703  ::  9.876324  ::  [2.0097968578338623, -0.18296116590499878, 0.0554656907916069]
1.612447260316221  ::  9.892283  ::  [2.01818585395813, -0.1831967979669571, 0.055467311292886734]
1.6115718221636957  ::  9.908211  ::  [2.030757188796997, -0.18354791402816772, 0.055467329919338226]
1.6107059889646909  ::  9.92391  ::  [2.043315887451172, -0.183905690908432, 0.05546405911445618]
1.6120163180682756  ::  9.939834  ::  [2.0517055988311768, -0.1841454803943634, 0.05546736717224121]
1.6120163180682756  ::  9.954793  ::  [2.0642733573913574, -0.1845003366470337, 0.05546588823199272]
1.612388136491218  ::  9.970788  ::  [2.0684564113616943, -0.1846189945936203, 0.055465731769800186]
1.6140845847263199  ::  9.986248  ::  [2.076843500137329, -0.18485458195209503, 0.05546516925096512]
1.6162456992683942  ::  10.002205  ::  [2.089405059814453, -0.18520942330360413, 0.05546614155173302]
1.6162456992683942  ::  10.017164  ::  [2.093604326248169, -0.18532857298851013, 0.05546446517109871]
1.6174461050150242  ::  10.032126  ::  [2.10197377204895, -0.18556320667266846, 0.055466875433921814]
1.6174461050150242  ::  10.047133  ::  [2.1145427227020264, -0.1859179139137268, 0.05546834319829941]
1.6165736550702607  ::  10.063165  ::  [2.127103805541992, -0.18627044558525085, 0.055462565273046494]
1.6155374940288287  ::  10.078156  ::  [2.1354987621307373, -0.18649987876415253, 0.05546463653445244]
1.6110429093898428  ::  10.094112  ::  [2.148061752319336, -0.18684373795986176, 0.055468108505010605]
1.6074026320056376  ::  10.109314  ::  [2.1606338024139404, -0.18719325959682465, 0.05546830967068672]
1.605403307569528  ::  10.12499  ::  [2.1732072830200195, -0.18754547834396362, 0.0554676279425621]
1.605403307569528  ::  10.139943  ::  [2.1815831661224365, -0.18778115510940552, 0.055467382073402405]
1.606798907316032  ::  10.155875  ::  [2.194150924682617, -0.18813423812389374, 0.05546651780605316]
1.6082112623703437  ::  10.171832  ::  [2.198352575302124, -0.1882522851228714, 0.055464569479227066]
1.608953831999171  ::  10.187813  ::  [2.206717014312744, -0.18848785758018494, 0.055465877056121826]
1.608953831999171  ::  10.203783  ::  [2.2109172344207764, -0.18860575556755066, 0.055464938282966614]
1.610794888145607  ::  10.21974  ::  [2.2234880924224854, -0.18895897269248962, 0.05546456575393677]
1.6118887856298667  ::  10.234936  ::  [2.236037254333496, -0.18930944800376892, 0.05546456575393677]
1.6118887856298667  ::  10.249901  ::  [2.2444217205047607, -0.18954232335090637, 0.05546735227108002]
1.6103622383503688  ::  10.266012  ::  [2.2569916248321533, -0.18990352749824524, 0.05546562001109123]
1.6103622383503688  ::  10.281963  ::  [2.265369176864624, -0.1901368945837021, 0.05546504631638527]
1.6088265130041737  ::  10.29792  ::  [2.277930974960327, -0.19048476219177246, 0.055463358759880066]
1.6095541415941916  ::  10.31388  ::  [2.2905118465423584, -0.19084519147872925, 0.05546853691339493]
1.6094604399365156  ::  10.329836  ::  [2.303083658218384, -0.191198468208313, 0.05546858161687851]
1.6094604399365156  ::  10.345101  ::  [2.3114607334136963, -0.1914345622062683, 0.05546761676669121]
1.610825090388343  ::  10.360052  ::  [2.31984281539917, -0.1916714310646057, 0.05546634644269943]
1.6114644601276795  ::  10.375983  ::  [2.3282153606414795, -0.19190675020217896, 0.05546587333083153]
1.6114644601276795  ::  10.391968  ::  [2.3324012756347656, -0.19201989471912384, 0.05546320974826813]
1.6137709296330283  ::  10.40693  ::  [2.3449714183807373, -0.19238321483135223, 0.055465273559093475]
1.6148300358412033  ::  10.422881  ::  [2.3491740226745605, -0.1925014853477478, 0.0554639957845211]
1.6154857340015247  ::  10.437903  ::  [2.3575406074523926, -0.19273708760738373, 0.05546675622463226]
1.6152510529705113  ::  10.453575  ::  [2.3701093196868896, -0.1930910050868988, 0.05546791851520538]
1.6152510529705113  ::  10.469527  ::  [2.382678270339966, -0.1934439241886139, 0.05546855181455612]
1.6130265457352027  ::  10.485489  ::  [2.391049861907959, -0.19368647038936615, 0.05546455830335617]
1.6118105586195288  ::  10.501416  ::  [2.4036147594451904, -0.19403284788131714, 0.05546361953020096]
1.6100582949323032  ::  10.5175  ::  [2.4120025634765625, -0.19426481425762177, 0.055466294288635254]
1.6100582949323032  ::  10.533486  ::  [2.424557685852051, -0.19460490345954895, 0.055455055087804794]
1.6121535621819105  ::  10.549436  ::  [2.4329559803009033, -0.19484259188175201, 0.05546808987855911]
1.6121535621819105  ::  10.565375  ::  [2.445521354675293, -0.1951969414949417, 0.055466748774051666]
1.6132058382009156  ::  10.581332  ::  [2.458089828491211, -0.19555146992206573, 0.055466193705797195]
1.6148030352496408  ::  10.596292  ::  [2.4706554412841797, -0.1959075927734375, 0.055465713143348694]
1.6164951078948055  ::  10.611276  ::  [2.483224391937256, -0.19626125693321228, 0.05546652525663376]
1.6182314700478697  ::  10.626421  ::  [2.4916062355041504, -0.1964976042509079, 0.0554661899805069]
1.6175735307317272  ::  10.641381  ::  [2.5041732788085938, -0.19685134291648865, 0.05546779930591583]
1.6175735307317272  ::  10.656371  ::  [2.516742706298828, -0.1972055584192276, 0.05546840280294418]
1.6163664015176331  ::  10.672299  ::  [2.5251219272613525, -0.19744056463241577, 0.0554603710770607]
1.6224846501883778  ::  10.687089  ::  [2.5376882553100586, -0.19780030846595764, 0.05546071380376816]
1.6215911760675756  ::  10.702082  ::  [2.54606556892395, -0.19803868234157562, 0.055466778576374054]
1.6257621804946318  ::  10.718006  ::  [2.5586304664611816, -0.19839410483837128, 0.05546068400144577]
1.6259816003217187  ::  10.733962  ::  [2.571207284927368, -0.19874265789985657, 0.05546389892697334]
1.6259816003217187  ::  10.74992  ::  [2.575389862060547, -0.19886815547943115, 0.05546092614531517]
1.6268756080510498  ::  10.765878  ::  [2.583787441253662, -0.19910822808742523, 0.05546608567237854]
1.628442496135333  ::  10.78131  ::  [2.596346378326416, -0.19946613907814026, 0.05546655133366585]
1.630215036946657  ::  10.7969  ::  [2.6089119911193848, -0.19982373714447021, 0.055466022342443466]
1.6317673041572482  ::  10.811837  ::  [2.6214792728424072, -0.20018140971660614, 0.05546611174941063]
1.632258757612372  ::  10.827827  ::  [2.6340487003326416, -0.20053356885910034, 0.05546729266643524]
1.632258757612372  ::  10.84375  ::  [2.642432689666748, -0.20077106356620789, 0.05546838790178299]
1.6262471239257028  ::  10.859708  ::  [2.6466219425201416, -0.2008882611989975, 0.055466778576374054]
1.6163851845378507  ::  10.875664  ::  [2.659177780151367, -0.2012443244457245, 0.0554647222161293]
1.6163851845378507  ::  10.891622  ::  [2.671754837036133, -0.2016046941280365, 0.05546826496720314]
1.614474759282657  ::  10.907607  ::  [2.684321880340576, -0.20195499062538147, 0.05546760559082031]
1.6105173049888692  ::  10.923572  ::  [2.6968941688537598, -0.202311173081398, 0.05546737462282181]
1.6107688480493962  ::  10.939528  ::  [2.709467649459839, -0.2026650756597519, 0.05546575412154198]
1.6108783445195278  ::  10.955451  ::  [2.717841863632202, -0.20290222764015198, 0.055466290563344955]
1.6164560477504897  ::  10.971409  ::  [2.73040771484375, -0.2032512128353119, 0.05546379089355469]
1.6164560477504897  ::  10.987365  ::  [2.74297833442688, -0.20360934734344482, 0.05546608567237854]
1.617965733000474  ::  11.003323  ::  [2.7555477619171143, -0.20396380126476288, 0.0554659403860569]
1.6188346611289466  ::  11.019309  ::  [2.768118381500244, -0.20431815087795258, 0.055466942489147186]
1.6185346664139948  ::  11.035273  ::  [2.7806925773620605, -0.20467011630535126, 0.05546540394425392]
1.6176008514884073  ::  11.051195  ::  [2.7932515144348145, -0.20502248406410217, 0.0554678812623024]
1.6164686409117717  ::  11.066753  ::  [2.801633358001709, -0.20525990426540375, 0.055469024926424026]
1.6170282895368897  ::  11.082711  ::  [2.8183791637420654, -0.20573335886001587, 0.05546193569898605]
1.616918366179935  ::  11.098668  ::  [2.82676100730896, -0.20597267150878906, 0.05546010285615921]
1.6178547424264613  ::  11.114627  ::  [2.8393406867980957, -0.20632824301719666, 0.05546719580888748]
1.6178547424264613  ::  11.130583  ::  [2.8519086837768555, -0.20668402314186096, 0.055466119199991226]
1.6208724053791375  ::  11.145543  ::  [2.864471435546875, -0.20704394578933716, 0.05546152591705322]
1.6208724053791375  ::  11.161506  ::  [2.872846841812134, -0.20727480947971344, 0.055463723838329315]
1.6226924373495344  ::  11.176467  ::  [2.885420083999634, -0.20763270556926727, 0.05546654388308525]
1.6236232640673602  ::  11.192424  ::  [2.897991895675659, -0.20798800885677338, 0.055466894060373306]
1.6225326749559794  ::  11.208381  ::  [2.9063639640808105, -0.20822212100028992, 0.05546601861715317]
1.6151132752483475  ::  11.224338  ::  [2.9189326763153076, -0.20857587456703186, 0.05546187609434128]
1.6132387084862962  ::  11.2393  ::  [2.931507110595703, -0.20891845226287842, 0.05546288937330246]
1.6132387084862962  ::  11.254258  ::  [2.9440698623657227, -0.20927661657333374, 0.05546257272362709]
1.6110590243674159  ::  11.270215  ::  [2.956639051437378, -0.2096262127161026, 0.05546223372220993]
1.6113651022195972  ::  11.285523  ::  [2.965028762817383, -0.20986239612102509, 0.05546720325946808]
1.6113651022195972  ::  11.300771  ::  [2.9775960445404053, -0.21021722257137299, 0.05546694993972778]
1.6119607160595633  ::  11.316622  ::  [2.9859836101531982, -0.21045352518558502, 0.055464763194322586]
1.6138617498046484  ::  11.331975  ::  [2.9985387325286865, -0.2108117640018463, 0.055465154349803925]
1.6163242464438494  ::  11.348079  ::  [3.0111076831817627, -0.21116308867931366, 0.05546607822179794]
1.6163242464438494  ::  11.363043  ::  [3.023676872253418, -0.21151694655418396, 0.05546734482049942]
1.6165050330134432  ::  11.378555  ::  [3.036241054534912, -0.21187041699886322, 0.055464956909418106]
1.616138870840907  ::  11.394488  ::  [3.040433168411255, -0.21198824048042297, 0.05546776205301285]
1.6096294871184733  ::  11.409866  ::  [3.0488224029541016, -0.2122240513563156, 0.05546710640192032]
1.6069182221830958  ::  11.425845  ::  [3.061394214630127, -0.2125759869813919, 0.05546722188591957]
1.6069182221830958  ::  11.441805  ::  [3.0739574432373047, -0.21292972564697266, 0.05545922368764877]
1.6107974494665456  ::  11.45707  ::  [3.0865204334259033, -0.21327151358127594, 0.055461782962083817]
1.6107974494665456  ::  11.472782  ::  [3.0990960597991943, -0.2136320173740387, 0.0554669126868248]
1.610698198280169  ::  11.487737  ::  [3.1074740886688232, -0.21386851370334625, 0.0554664209485054]
1.612278319855969  ::  11.503718  ::  [3.1200432777404785, -0.2142244428396225, 0.055463120341300964]
1.6204818039359774  ::  11.519728  ::  [3.1326122283935547, -0.21457774937152863, 0.05546388775110245]
1.62259009123369  ::  11.535685  ::  [3.1451830863952637, -0.21493496000766754, 0.05546645075082779]
1.6233818595688825  ::  11.551661  ::  [3.153571844100952, -0.2151726633310318, 0.05546589940786362]
1.6226744013812573  ::  11.567599  ::  [3.1661183834075928, -0.21552608907222748, 0.05546344071626663]
1.6210795522100594  ::  11.583584  ::  [3.1786980628967285, -0.21587161719799042, 0.05546731874346733]
1.6192630420559533  ::  11.599515  ::  [3.191253900527954, -0.2162216752767563, 0.055461980402469635]
1.617661469417291  ::  11.615471  ::  [3.1996395587921143, -0.21646130084991455, 0.05546581372618675]
1.6169810118212284  ::  11.630451  ::  [3.2080142498016357, -0.21669887006282806, 0.055459458380937576]
1.6165872087268949  ::  11.645422  ::  [3.2164011001586914, -0.21692700684070587, 0.055465735495090485]
1.618339258970709  ::  11.661374  ::  [3.228970766067505, -0.21727988123893738, 0.05546272546052933]
1.618339258970709  ::  11.677332  ::  [3.241541862487793, -0.2176361382007599, 0.05546663701534271]
1.619622480761025  ::  11.693263  ::  [3.254106044769287, -0.21799105405807495, 0.05546354129910469]
1.621356174871445  ::  11.708229  ::  [3.2624847888946533, -0.2182307243347168, 0.05546526238322258]
1.6240174940485168  ::  11.723727  ::  [3.275055170059204, -0.21858979761600494, 0.05546622723340988]
1.6240174940485168  ::  11.739304  ::  [3.2876338958740234, -0.21894095838069916, 0.05546640232205391]
1.624255696895821  ::  11.755196  ::  [3.3001914024353027, -0.21929363906383514, 0.055467501282691956]
1.624255696895821  ::  11.771155  ::  [3.3085670471191406, -0.219529390335083, 0.055466704070568085]
1.622568106562299  ::  11.787114  ::  [3.3211312294006348, -0.21988362073898315, 0.05546470731496811]
1.6203373027463492  ::  11.803074  ::  [3.3337016105651855, -0.2202378213405609, 0.05546199530363083]
1.6184036121592953  ::  11.819  ::  [3.3462748527526855, -0.22060377895832062, 0.05546320974826813]
1.6187270856495188  ::  11.834984  ::  [3.3588411808013916, -0.22095276415348053, 0.05546572431921959]
1.6190206770621236  ::  11.850946  ::  [3.37141489982605, -0.22131265699863434, 0.05546712875366211]
1.6218592609924987  ::  11.866932  ::  [3.3839805126190186, -0.2216675728559494, 0.055465903133153915]
1.6218592609924987  ::  11.882885  ::  [3.392357587814331, -0.22190801799297333, 0.05546458065509796]
1.6245886686178592  ::  11.898818  ::  [3.4049267768859863, -0.22226062417030334, 0.05545538291335106]
1.6253526893095485  ::  11.914463  ::  [3.4175033569335938, -0.22262261807918549, 0.055462874472141266]
1.6245861072969203  ::  11.929991  ::  [3.4300637245178223, -0.22297391295433044, 0.05546865239739418]
1.62807473313721  ::  11.945034  ::  [3.4426217079162598, -0.2233247011899948, 0.055462077260017395]
1.62807473313721  ::  11.960917  ::  [3.455205202102661, -0.22367389500141144, 0.0554686076939106]
1.6270907590099053  ::  11.976847  ::  [3.4635744094848633, -0.2239077240228653, 0.055463384836912155]
1.6190562153901489  ::  11.992836  ::  [3.4761526584625244, -0.22426249086856842, 0.05546756833791733]
