1.4618702972562951  ::  0.015985  ::  [-4.52488374710083, -4.0494556742487475e-05, 0.05546615272760391]
1.4618430832213207  ::  0.031943  ::  [-4.5248847007751465, -4.0483035263605416e-05, 0.05546614155173302]
1.4618430832213207  ::  0.0479  ::  [-4.524885177612305, -4.056626494275406e-05, 0.0554661825299263]
1.5296252402142927  ::  0.063871  ::  [-4.525015354156494, -6.666321132797748e-05, 0.056708432734012604]
1.3137639416852096  ::  0.079788  ::  [-4.502528667449951, -0.0007830074173398316, 0.05724456161260605]
1.315745336874748  ::  0.095743  ::  [-4.4920220375061035, -0.0012969662202522159, 0.05570370703935623]
1.315745336874748  ::  0.111701  ::  [-4.4857940673828125, -0.0014435441698879004, 0.0561126209795475]
1.3509522940035192  ::  0.127686  ::  [-4.468738555908203, -0.0018146613147109747, 0.05624062567949295]
1.3514196283531361  ::  0.143208  ::  [-4.456363677978516, -0.0020282496698200703, 0.05568262189626694]
1.39683408975308  ::  0.15918  ::  [-4.450996398925781, -0.002158005256205797, 0.05556919425725937]
1.3964299346532856  ::  0.175121  ::  [-4.4421186447143555, -0.0022652612533420324, 0.05546960234642029]
1.3964299346532856  ::  0.191078  ::  [-4.437934875488281, -0.0023697461001574993, 0.055470116436481476]
1.3944933625801754  ::  0.207038  ::  [-4.4253644943237305, -0.0026760962791740894, 0.0554698221385479]
1.393390393750924  ::  0.222009  ::  [-4.4127912521362305, -0.002981829922646284, 0.05546974763274193]
1.3939960394312338  ::  0.237931  ::  [-4.400227069854736, -0.0032880399376153946, 0.05546809360384941]
1.3939960394312338  ::  0.253888  ::  [-4.387656211853027, -0.003596510738134384, 0.05546717345714569]
1.4081505392690274  ::  0.269845  ::  [-4.379281044006348, -0.0037988857366144657, 0.055465955287218094]
1.4081505392690274  ::  0.285736  ::  [-4.366697311401367, -0.00411186832934618, 0.055464260280132294]
1.410494254649694  ::  0.301689  ::  [-4.3541364669799805, -0.004420627374202013, 0.05546632781624794]
1.4116837747823339  ::  0.317649  ::  [-4.341568470001221, -0.004725846461951733, 0.055464234203100204]
1.4112823944468897  ::  0.333648  ::  [-4.328989505767822, -0.005037065129727125, 0.05546850711107254]
1.4100903129933111  ::  0.349597  ::  [-4.324807643890381, -0.005136901047080755, 0.05546803027391434]
1.4100903129933111  ::  0.365234  ::  [-4.316424369812012, -0.005346658639609814, 0.05546517297625542]
1.4090396377998926  ::  0.381192  ::  [-4.308045387268066, -0.00555255776271224, 0.05546822026371956]
1.4055028804702954  ::  0.39724  ::  [-4.295475482940674, -0.005860229022800922, 0.05546833202242851]
1.4056996752957565  ::  0.413202  ::  [-4.282906532287598, -0.0061695994809269905, 0.055467985570430756]
1.4056996752957565  ::  0.429155  ::  [-4.270336151123047, -0.006479051895439625, 0.05546712502837181]
1.407527071063852  ::  0.444123  ::  [-4.257765769958496, -0.006785644683986902, 0.05546724796295166]
1.407527071063852  ::  0.459084  ::  [-4.2493896484375, -0.006999044679105282, 0.055465757846832275]
1.4150616234920226  ::  0.475043  ::  [-4.236827850341797, -0.007311281748116016, 0.05546578764915466]
1.4150616234920226  ::  0.490976  ::  [-4.232633590698242, -0.0074142999947071075, 0.05546550825238228]
1.4156575574971062  ::  0.506933  ::  [-4.2242608070373535, -0.007623195648193359, 0.05546656623482704]
1.4170007568860714  ::  0.522215  ::  [-4.211690902709961, -0.007934542372822762, 0.05546531081199646]
1.4164405746524247  ::  0.538145  ::  [-4.190741062164307, -0.008457126095890999, 0.05546849966049194]
1.4152860592392809  ::  0.553105  ::  [-4.178163528442383, -0.008767800405621529, 0.055468928068876266]
1.4152860592392809  ::  0.56909  ::  [-4.178163528442383, -0.008767800405621529, 0.055468928068876266]
1.4136136233879797  ::  0.58502  ::  [-4.17397928237915, -0.008870403282344341, 0.05546959862112999]
1.4122972111471657  ::  0.600977  ::  [-4.157223701477051, -0.009283993393182755, 0.05546814948320389]
1.4115964764270046  ::  0.616934  ::  [-4.157223701477051, -0.009283993393182755, 0.05546814948320389]
1.4112330890188187  ::  0.631894  ::  [-4.148840427398682, -0.009485447779297829, 0.05546773225069046]
1.4118593319883443  ::  0.646854  ::  [-4.140453338623047, -0.009691370651125908, 0.0554664172232151]
1.4123681810815103  ::  0.662813  ::  [-4.127897262573242, -0.010003247298300266, 0.05546612665057182]
1.4135769111211909  ::  0.67877  ::  [-4.119512557983398, -0.01020610611885786, 0.05546672269701958]
1.4144148899549869  ::  0.694727  ::  [-4.1111273765563965, -0.010415295138955116, 0.055465832352638245]
1.415960860584937  ::  0.709686  ::  [-4.102762222290039, -0.010623493231832981, 0.05546536296606064]
1.415960860584937  ::  0.724648  ::  [-4.102762222290039, -0.010623493231832981, 0.05546536296606064]
1.4164816625091505  ::  0.740605  ::  [-4.098561763763428, -0.010729152709245682, 0.05546582490205765]
1.4164816625091505  ::  0.754567  ::  [-4.098561763763428, -0.010729152709245682, 0.05546582490205765]
1.4170169785853501  ::  0.770523  ::  [-4.098561763763428, -0.010729152709245682, 0.05546582490205765]
1.4170169785853501  ::  0.78648  ::  [-4.0943756103515625, -0.010830724611878395, 0.055467940866947174]
1.4181761897535483  ::  0.802437  ::  [-4.085987567901611, -0.011042041704058647, 0.055461037904024124]
1.4181225087355402  ::  0.818395  ::  [-4.077615261077881, -0.011244461871683598, 0.055468685925006866]
1.417124980951601  ::  0.833356  ::  [-4.060863494873047, -0.011657972820103168, 0.055468201637268066]
1.416810472084663  ::  0.848314  ::  [-4.056674480438232, -0.011759839951992035, 0.05546816438436508]
1.416810472084663  ::  0.870256  ::  [-4.056674480438232, -0.011759839951992035, 0.05546816438436508]
1.4156659885118628  ::  0.879234  ::  [-4.048286437988281, -0.011965645477175713, 0.055469952523708344]
1.4152056977948275  ::  0.894192  ::  [-4.048286437988281, -0.011965645477175713, 0.055469952523708344]
1.4143887431370705  ::  0.910149  ::  [-4.044095039367676, -0.012072134763002396, 0.05547095090150833]
1.4131767047245105  ::  0.925111  ::  [-4.039897918701172, -0.012172904796898365, 0.05546765401959419]
1.4124592146965418  ::  0.940073  ::  [-4.031534194946289, -0.012381011620163918, 0.05546826124191284]
1.4115637128633298  ::  0.956029  ::  [-4.0231523513793945, -0.012591834180057049, 0.05546433478593826]
1.4115747051990253  ::  0.971991  ::  [-4.014770984649658, -0.012798411771655083, 0.05546826869249344]
1.4115747051990253  ::  0.987946  ::  [-4.006398677825928, -0.01300292182713747, 0.05546548217535019]
1.4144473333535446  ::  1.003904  ::  [-4.006398677825928, -0.01300292182713747, 0.05546548217535019]
1.414849460740929  ::  1.019859  ::  [-3.9980149269104004, -0.01321094948798418, 0.055466510355472565]
1.41513024554884  ::  1.038322  ::  [-3.989633083343506, -0.013422253541648388, 0.05546603724360466]
1.4158141182394874  ::  1.050291  ::  [-3.9854507446289062, -0.013524161651730537, 0.05546277388930321]
1.4162924449248  ::  1.066246  ::  [-3.9854507446289062, -0.013524161651730537, 0.05546277388930321]
1.4173323412259344  ::  1.081206  ::  [-3.981259822845459, -0.013628234155476093, 0.05546543002128601]
1.4186366939139952  ::  1.097164  ::  [-3.9728808403015137, -0.013836206868290901, 0.055464569479227066]
1.4186366939139952  ::  1.113122  ::  [-3.9645063877105713, -0.014043018221855164, 0.055463507771492004]
1.4198662346863034  ::  1.129081  ::  [-3.9519283771514893, -0.014342504553496838, 0.05546765774488449]
1.4196496963452727  ::  1.14404  ::  [-3.9435362815856934, -0.014548681676387787, 0.055465541779994965]
1.4196531114398578  ::  1.159  ::  [-3.9351754188537598, -0.01476115733385086, 0.055467553436756134]
1.4191301750815286  ::  1.173958  ::  [-3.930978775024414, -0.014863233081996441, 0.055469416081905365]
1.4191301750815286  ::  1.189959  ::  [-3.9226057529449463, -0.015070158056914806, 0.055467236787080765]
1.4209759269830189  ::  1.205778  ::  [-3.914207935333252, -0.015282032079994678, 0.055470164865255356]
1.4179091720456831  ::  1.221735  ::  [-3.9058375358581543, -0.015489084646105766, 0.05547099560499191]
1.417342799953101  ::  1.236704  ::  [-3.897458076477051, -0.01569787785410881, 0.05547048896551132]
1.416546335862854  ::  1.251628  ::  [-3.889075756072998, -0.01590612158179283, 0.05546996742486954]
1.416546335862854  ::  1.267616  ::  [-3.8807053565979004, -0.016113169491291046, 0.0554656907916069]
1.4170190062977601  ::  1.283907  ::  [-3.8765149116516113, -0.01621682196855545, 0.05546470358967781]
1.4178230476291176  ::  1.299844  ::  [-3.8723247051239014, -0.016318541020154953, 0.055465422570705414]
1.4178230476291176  ::  1.314834  ::  [-3.8597564697265625, -0.01662595197558403, 0.05546673387289047]
1.4171736460494373  ::  1.329785  ::  [-3.8513805866241455, -0.016837995499372482, 0.05546507239341736]
1.4181761897535483  ::  1.345722  ::  [-3.8429970741271973, -0.01704666018486023, 0.05546639859676361]
1.4249200410635838  ::  1.360705  ::  [-3.834611177444458, -0.01724887266755104, 0.05545807629823685]
1.4249200410635838  ::  1.375669  ::  [-3.822040319442749, -0.017571309581398964, 0.055468637496232986]
1.4246345605006185  ::  1.390969  ::  [-3.81366229057312, -0.01777840591967106, 0.05546928569674492]
1.4235201724488487  ::  1.406823  ::  [-3.801098585128784, -0.018087415024638176, 0.055467743426561356]
1.4225487914828259  ::  1.421755  ::  [-3.7927145957946777, -0.018296614289283752, 0.05546947196125984]
1.4225487914828259  ::  1.437066  ::  [-3.784335136413574, -0.01850549317896366, 0.05547002702951431]
1.4214020667542042  ::  1.453018  ::  [-3.7759504318237305, -0.018718766048550606, 0.055469077080488205]
1.419330278279869  ::  1.468953  ::  [-3.767578601837158, -0.01892770826816559, 0.05546950921416283]
1.417743219793193  ::  1.484507  ::  [-3.7591981887817383, -0.01913522742688656, 0.055467355996370316]
1.4181670116868512  ::  1.50056  ::  [-3.746635913848877, -0.01944825053215027, 0.05546417087316513]
1.4188911184605781  ::  1.516518  ::  [-3.7382543087005615, -0.019655508920550346, 0.05546613037586212]
1.4188911184605781  ::  1.531797  ::  [-3.729872226715088, -0.01986732706427574, 0.055466316640377045]
1.4221820957017608  ::  1.547161  ::  [-3.717304229736328, -0.0201798677444458, 0.05546648055315018]
1.4279475224131921  ::  1.563094  ::  [-3.6963465213775635, -0.02069796994328499, 0.055460311472415924]
1.4278462435144055  ::  1.579054  ::  [-3.687976837158203, -0.020908337086439133, 0.05546676740050316]
1.4283106963779664  ::  1.594748  ::  [-3.679593086242676, -0.02111460082232952, 0.05546875670552254]
1.4283106963779664  ::  1.610706  ::  [-3.679593086242676, -0.02111460082232952, 0.05546875670552254]
1.4275974752182288  ::  1.626661  ::  [-3.6754045486450195, -0.02121949940919876, 0.05546872317790985]
1.4275974752182288  ::  1.64266  ::  [-3.671211004257202, -0.021324820816516876, 0.05546656250953674]
1.4259846968004597  ::  1.658618  ::  [-3.662844657897949, -0.02154012955725193, 0.05546228215098381]
1.4237647785984997  ::  1.674096  ::  [-3.6502654552459717, -0.02185038849711418, 0.05546965450048447]
1.4237647785984997  ::  1.690106  ::  [-3.6418840885162354, -0.022059619426727295, 0.05546947196125984]
1.4229634053097868  ::  1.706024  ::  [-3.6335020065307617, -0.022266020998358727, 0.055469024926424026]
1.421274747759207  ::  1.721998  ::  [-3.6251282691955566, -0.022472836077213287, 0.055467840284109116]
1.42156332325164  ::  1.737955  ::  [-3.616743564605713, -0.02268727496266365, 0.0554649792611599]
1.4224498604615665  ::  1.753871  ::  [-3.6083734035491943, -0.022890254855155945, 0.05546572059392929]
1.4230131376246808  ::  1.768831  ::  [-3.59999418258667, -0.02310067042708397, 0.055461764335632324]
1.4230131376246808  ::  1.784458  ::  [-3.595804214477539, -0.02320418506860733, 0.05546488240361214]
1.4256557805032413  ::  1.799866  ::  [-3.58742356300354, -0.023414311930537224, 0.055466048419475555]
1.4270176561907182  ::  1.815792  ::  [-3.5706756114959717, -0.023831341415643692, 0.05546525865793228]
1.4270176561907182  ::  1.830751  ::  [-3.5706756114959717, -0.023831341415643692, 0.05546525865793228]
1.4280293779615263  ::  1.846731  ::  [-3.5664684772491455, -0.02393694408237934, 0.05546368658542633]
1.4282607506196605  ::  1.861668  ::  [-3.549720287322998, -0.024355584755539894, 0.055464643985033035]
1.4280848732485327  ::  1.876658  ::  [-3.549720287322998, -0.024355584755539894, 0.055464643985033035]
1.4273863796841932  ::  1.892645  ::  [-3.52877140045166, -0.024879753589630127, 0.05546884983778]
1.4273863796841932  ::  1.908612  ::  [-3.52877140045166, -0.024879753589630127, 0.05546884983778]
1.4234155851771828  ::  1.924574  ::  [-3.516202449798584, -0.025192027911543846, 0.055468857288360596]
1.4227371552935302  ::  1.940516  ::  [-3.5078136920928955, -0.025398945435881615, 0.0554671585559845]
1.4221387666892136  ::  1.956473  ::  [-3.4994378089904785, -0.025605419650673866, 0.05546989291906357]
1.4221387666892136  ::  1.972429  ::  [-3.486872911453247, -0.025914127007126808, 0.05546807870268822]
1.4207679263784507  ::  1.988388  ::  [-3.478492259979248, -0.026130151003599167, 0.055464085191488266]
1.4217581970863968  ::  2.003348  ::  [-3.470118761062622, -0.026337599381804466, 0.055466026067733765]
1.4225524200208224  ::  2.019278  ::  [-3.4617297649383545, -0.02654685638844967, 0.05546564981341362]
1.4225524200208224  ::  2.034262  ::  [-3.4533634185791016, -0.026754280552268028, 0.05546463280916214]
1.4251298559371501  ::  2.05023  ::  [-3.444986343383789, -0.0269622839987278, 0.055464956909418106]
1.4251298559371501  ::  2.066152  ::  [-3.4366040229797363, -0.027171527966856956, 0.055465422570705414]
1.4284255289333871  ::  2.082135  ::  [-3.424038887023926, -0.02748889848589897, 0.055464453995227814]
1.4284255289333871  ::  2.098094  ::  [-3.415658473968506, -0.027705594897270203, 0.05546560138463974]
1.4282788933096435  ::  2.114024  ::  [-3.398890972137451, -0.028117720037698746, 0.055466435849666595]
1.4282788933096435  ::  2.129982  ::  [-3.398890972137451, -0.028117720037698746, 0.055466435849666595]
1.4261887487019138  ::  2.148932  ::  [-3.3821372985839844, -0.02853967249393463, 0.0554690882563591]
1.4249728683079457  ::  2.161897  ::  [-3.3695576190948486, -0.028851548209786415, 0.05546452850103378]
1.4234283917818766  ::  2.177853  ::  [-3.361189365386963, -0.029066240414977074, 0.05546886473894119]
1.4233699082871083  ::  2.193273  ::  [-3.361189365386963, -0.029066240414977074, 0.05546886473894119]
1.4229978764207543  ::  2.208205  ::  [-3.352808713912964, -0.02927694283425808, 0.05546267703175545]
1.4241319012663878  ::  2.223238  ::  [-3.3402488231658936, -0.029588693752884865, 0.0554642528295517]
1.4291638296939833  ::  2.239198  ::  [-3.3318681716918945, -0.02979535236954689, 0.05546409636735916]
1.4298306269117056  ::  2.255152  ::  [-3.3234751224517822, -0.03000817261636257, 0.05546249449253082]
1.4298306269117056  ::  2.271113  ::  [-3.315105676651001, -0.030216291546821594, 0.055466171354055405]
1.4318062591291318  ::  2.287067  ::  [-3.302535057067871, -0.03052930161356926, 0.05546431988477707]
1.4305798132862915  ::  2.303025  ::  [-3.294168472290039, -0.030737290158867836, 0.05546186864376068]
1.4298977548646423  ::  2.318982  ::  [-3.281592845916748, -0.031054934486746788, 0.05546257272362709]
1.4298977548646423  ::  2.334939  ::  [-3.27321195602417, -0.03126148879528046, 0.055466100573539734]
1.4267645123046047  ::  2.350607  ::  [-3.2606396675109863, -0.031573858112096786, 0.055468957871198654]
1.4267645123046047  ::  2.366564  ::  [-3.2522642612457275, -0.03178412839770317, 0.0554681196808815]
1.4248904791510824  ::  2.382522  ::  [-3.2438862323760986, -0.031994108110666275, 0.05546847730875015]
1.4242307255659414  ::  2.398479  ::  [-3.2313132286071777, -0.03230912238359451, 0.055468641221523285]
1.4242307255659414  ::  2.414436  ::  [-3.2229316234588623, -0.032515186816453934, 0.055467069149017334]
1.4252588824794399  ::  2.430393  ::  [-3.2145490646362305, -0.03272508457303047, 0.055467650294303894]
1.4265571520302713  ::  2.446352  ::  [-3.2019824981689453, -0.03303626552224159, 0.055466633290052414]
1.4277492334838502  ::  2.461876  ::  [-3.1810286045074463, -0.033561207354068756, 0.05546075105667114]
1.4289330973660836  ::  2.477888  ::  [-3.172659397125244, -0.03377022594213486, 0.05546320229768753]
1.4289330973660836  ::  2.493041  ::  [-3.172659397125244, -0.03377022594213486, 0.05546320229768753]
1.431025910016458  ::  2.507912  ::  [-3.1642839908599854, -0.033977147191762924, 0.05546475201845169]
1.431514695428937  ::  2.52383  ::  [-3.1558940410614014, -0.034185685217380524, 0.05546443909406662]
1.430839253753046  ::  2.538789  ::  [-3.147519111633301, -0.03439748287200928, 0.05546840280294418]
1.4306091617553813  ::  2.554773  ::  [-3.139138698577881, -0.034602727741003036, 0.05546879395842552]
1.4306091617553813  ::  2.569733  ::  [-3.1349520683288574, -0.034713078290224075, 0.055468395352363586]
1.4278698290113832  ::  2.585705  ::  [-3.126570463180542, -0.034920770674943924, 0.05546889454126358]
1.4278698290113832  ::  2.60162  ::  [-3.118194103240967, -0.035131026059389114, 0.05546704679727554]
1.4255193901632526  ::  2.616835  ::  [-3.109814405441284, -0.0353383868932724, 0.055466365069150925]
1.4247911212429998  ::  2.632389  ::  [-3.097238779067993, -0.03565441817045212, 0.05546828359365463]
1.425229107123527  ::  2.647642  ::  [-3.088857650756836, -0.03587321937084198, 0.05546216294169426]
1.425229107123527  ::  2.6636  ::  [-3.0804858207702637, -0.036078955978155136, 0.055465228855609894]
1.4268657912033913  ::  2.679557  ::  [-3.072112798690796, -0.03628687188029289, 0.05546450614929199]
1.4282960755042742  ::  2.703493  ::  [-3.0511627197265625, -0.03680652752518654, 0.05546573922038078]
1.429872568542078  ::  2.711473  ::  [-3.0511627197265625, -0.03680652752518654, 0.05546573922038078]
1.429872568542078  ::  2.72747  ::  [-3.042790174484253, -0.03701602667570114, 0.05546116083860397]
1.4343729161531757  ::  2.743321  ::  [-3.038593053817749, -0.037118978798389435, 0.055465858429670334]
1.4366486498072593  ::  2.759273  ::  [-3.034390449523926, -0.03722340986132622, 0.05546261742711067]
1.4365994511008942  ::  2.775206  ::  [-3.0218353271484375, -0.03754337504506111, 0.05546676367521286]
1.435825505290567  ::  2.791164  ::  [-3.0134546756744385, -0.03774458169937134, 0.05546830967068672]
1.4349653283419685  ::  2.80714  ::  [-3.0050766468048096, -0.037953488528728485, 0.055467717349529266]
1.4340186000899813  ::  2.823109  ::  [-2.9966912269592285, -0.03816254436969757, 0.05546574294567108]
1.4340186000899813  ::  2.839062  ::  [-2.988314151763916, -0.03836944326758385, 0.055469196289777756]
1.4330623736061796  ::  2.854808  ::  [-2.9799323081970215, -0.0385839119553566, 0.05546531081199646]
1.43094971071853  ::  2.869768  ::  [-2.9715492725372314, -0.03880111128091812, 0.055466655641794205]
1.4307101204890507  ::  2.884704  ::  [-2.963176965713501, -0.039008039981126785, 0.05546601861715317]
1.4302627430984147  ::  2.900691  ::  [-2.9589855670928955, -0.03911478444933891, 0.05546767637133598]
1.4309128917300353  ::  2.916619  ::  [-2.9422295093536377, -0.03953489288687706, 0.055466003715991974]
1.431135726651707  ::  2.931577  ::  [-2.9422295093536377, -0.03953489288687706, 0.055466003715991974]
1.4321005975936771  ::  2.947298  ::  [-2.9380249977111816, -0.039638031274080276, 0.055463992059230804]
1.4337499815565293  ::  2.963256  ::  [-2.9296653270721436, -0.03985463082790375, 0.05546056479215622]
1.4351543324829075  ::  2.980211  ::  [-2.912909984588623, -0.04026488587260246, 0.055464599281549454]
1.4358086432610535  ::  2.995171  ::  [-2.9045283794403076, -0.040475256741046906, 0.05546306073665619]
1.4314569589861093  ::  3.011127  ::  [-2.891942024230957, -0.04078289121389389, 0.05546247214078903]
1.4314569589861093  ::  3.027127  ::  [-2.891942024230957, -0.04078289121389389, 0.05546247214078903]
1.431288979021209  ::  3.043061  ::  [-2.8835670948028564, -0.04099128395318985, 0.05546944588422775]
1.4299512224392388  ::  3.059  ::  [-2.8710036277770996, -0.04130292683839798, 0.05546844005584717]
1.4285747258780697  ::  3.074957  ::  [-2.866811513900757, -0.04140767082571983, 0.05546744540333748]
1.4275423000963399  ::  3.09094  ::  [-2.85843825340271, -0.04161948710680008, 0.05546711012721062]
1.4257646366431382  ::  3.106871  ::  [-2.8500468730926514, -0.041829876601696014, 0.05546686798334122]
1.425123559356509  ::  3.121855  ::  [-2.8374781608581543, -0.04214254766702652, 0.055469490587711334]
1.425123559356509  ::  3.136811  ::  [-2.82909893989563, -0.04234819859266281, 0.05546664074063301]
1.4252297474537616  ::  3.151771  ::  [-2.8207263946533203, -0.04255812615156174, 0.05546656250953674]
1.425617253967454  ::  3.167727  ::  [-2.8123507499694824, -0.0427669994533062, 0.055465422570705414]
1.4280195595645946  ::  3.182707  ::  [-2.803967237472534, -0.04297751188278198, 0.05546531826257706]
1.4295502689906179  ::  3.198646  ::  [-2.7955832481384277, -0.04318689927458763, 0.05546364560723305]
1.431038076290917  ::  3.214602  ::  [-2.787215232849121, -0.04339684545993805, 0.05546159669756889]
1.431038076290917  ::  3.23056  ::  [-2.7746427059173584, -0.043707214295864105, 0.05546646565198898]
1.4318130893183019  ::  3.246103  ::  [-2.7662501335144043, -0.04391637444496155, 0.05546645075082779]
1.4317123440280441  ::  3.262061  ::  [-2.7495005130767822, -0.04433370381593704, 0.05546916648745537]
1.4341285234469363  ::  3.278018  ::  [-2.7369325160980225, -0.044652774930000305, 0.055469073355197906]
1.432859495643489  ::  3.293915  ::  [-2.7369325160980225, -0.044652774930000305, 0.055469073355197906]
1.432859495643489  ::  3.309881  ::  [-2.728550910949707, -0.044857900589704514, 0.05546979978680611]
1.4312068033077574  ::  3.325842  ::  [-2.7201621532440186, -0.04506675526499748, 0.05546983703970909]
1.429951542604356  ::  3.341801  ::  [-2.7159833908081055, -0.04517067223787308, 0.055469170212745667]
1.429951542604356  ::  3.357753  ::  [-2.7075982093811035, -0.04538071155548096, 0.05546988546848297]
1.4298027725464968  ::  3.373692  ::  [-2.6950364112854004, -0.04569656401872635, 0.05546708405017853]
1.4298027725464968  ::  3.38965  ::  [-2.6866562366485596, -0.045904166996479034, 0.055466245859861374]
1.4233719359995183  ::  3.405606  ::  [-2.6782782077789307, -0.046116627752780914, 0.05546610429883003]
1.4233719359995183  ::  3.421567  ::  [-2.6699085235595703, -0.0463290736079216, 0.055465348064899445]
1.4257762693090685  ::  3.437521  ::  [-2.661534309387207, -0.04653552174568176, 0.05546271428465843]
1.4259987840656227  ::  3.45348  ::  [-2.6573429107666016, -0.0466424822807312, 0.05546298995614052]
1.4259987840656227  ::  3.469436  ::  [-2.6489579677581787, -0.04685041308403015, 0.055466435849666595]
1.4266753996802772  ::  3.485401  ::  [-2.6447677612304688, -0.046956486999988556, 0.055466264486312866]
1.4271748572633343  ::  3.501351  ::  [-2.636392116546631, -0.04716968908905983, 0.05546649545431137]
1.4271748572633343  ::  3.516952  ::  [-2.6322076320648193, -0.04726753756403923, 0.055466458201408386]
1.4260438206254626  ::  3.532257  ::  [-2.611252784729004, -0.04778540879487991, 0.055468231439590454]
1.4244485445674415  ::  3.547245  ::  [-2.611252784729004, -0.04778540879487991, 0.055468231439590454]
1.4244485445674415  ::  3.562645  ::  [-2.602872371673584, -0.04799460619688034, 0.055469363927841187]
1.4209660018643813  ::  3.578657  ::  [-2.5819191932678223, -0.048516858369112015, 0.05546874925494194]
1.4198626061483068  ::  3.594177  ::  [-2.5819191932678223, -0.048516858369112015, 0.05546874925494194]
1.4198626061483068  ::  3.610135  ::  [-2.573540449142456, -0.04872357100248337, 0.05546896904706955]
1.4223902030280346  ::  3.625118  ::  [-2.5651605129241943, -0.048932995647192, 0.055467091500759125]
1.4222301204693624  ::  3.641077  ::  [-2.552586317062378, -0.04923197999596596, 0.05546583607792854]
1.4231038510745952  ::  3.65604  ::  [-2.5442209243774414, -0.04944299906492233, 0.0554647371172905]
1.4228038563596435  ::  3.671993  ::  [-2.5358362197875977, -0.04965370148420334, 0.05546512082219124]
1.4228038563596435  ::  3.687954  ::  [-2.527451276779175, -0.04986032471060753, 0.055458057671785355]
1.424856008040115  ::  3.703886  ::  [-2.514897346496582, -0.05016869679093361, 0.05546516925096512]
1.424856008040115  ::  3.718844  ::  [-2.506518602371216, -0.050378527492284775, 0.05546553432941437]
1.4251810823559252  ::  3.734466  ::  [-2.4939393997192383, -0.05068961903452873, 0.055467069149017334]
1.4250523759787528  ::  3.750422  ::  [-2.4897539615631104, -0.050792597234249115, 0.05546813830733299]
1.4249367963713915  ::  3.766402  ::  [-2.485560417175293, -0.05089760944247246, 0.05546862259507179]
1.4231142030800559  ::  3.782336  ::  [-2.4729957580566406, -0.05121059715747833, 0.055468589067459106]
1.4205776415770426  ::  3.798399  ::  [-2.4604194164276123, -0.051520299166440964, 0.05547064170241356]
1.4205776415770426  ::  3.814279  ::  [-2.452040672302246, -0.051726873964071274, 0.05546971410512924]
1.4190203584462795  ::  3.830227  ::  [-2.439474105834961, -0.052038516849279404, 0.05546872690320015]
1.4190929292062109  ::  3.846185  ::  [-2.4310965538024902, -0.05224768444895744, 0.055467791855335236]
1.4204552317805113  ::  3.863122  ::  [-2.410149335861206, -0.052768416702747345, 0.055462587624788284]
1.4222241440538388  ::  3.878081  ::  [-2.410149335861206, -0.052768416702747345, 0.055462587624788284]
1.4222241440538388  ::  3.89407  ::  [-2.397578239440918, -0.053086571395397186, 0.05546658858656883]
1.4255883323851872  ::  3.909019  ::  [-2.3892087936401367, -0.053290270268917084, 0.0554642416536808]
1.4255883323851872  ::  3.924981  ::  [-2.3766281604766846, -0.05359920114278793, 0.05546320974826813]
1.4296956239538923  ::  3.94094  ::  [-2.372440814971924, -0.05370473116636276, 0.05546676367521286]
1.430472557971981  ::  3.9569  ::  [-2.368252992630005, -0.05380840227007866, 0.05546734109520912]
1.4305389388729772  ::  3.972809  ::  [-2.3598763942718506, -0.05401883274316788, 0.055467065423727036]
1.4303182383854212  ::  3.988739  ::  [-2.3473048210144043, -0.054326120764017105, 0.055468443781137466]
1.4280418644011028  ::  4.003706  ::  [-2.334728956222534, -0.05463530495762825, 0.055468495935201645]
1.427176458088921  ::  4.018689  ::  [-2.3263518810272217, -0.05484555661678314, 0.05546746775507927]
1.425996222744684  ::  4.034639  ::  [-2.3179638385772705, -0.05505823343992233, 0.05546576902270317]
1.4246511023650146  ::  4.050586  ::  [-2.2970194816589355, -0.05557627975940704, 0.05546831339597702]
1.4246511023650146  ::  4.066067  ::  [-2.2970194816589355, -0.05557627975940704, 0.05546831339597702]
1.4266594981461158  ::  4.082024  ::  [-2.2886505126953125, -0.05578913539648056, 0.0554664246737957]
1.4280597936476742  ::  4.098007  ::  [-2.2760798931121826, -0.05610162764787674, 0.05546501278877258]
1.4297726770254664  ::  4.112943  ::  [-2.2509493827819824, -0.05673593282699585, 0.055463120341300964]
1.4301300880181285  ::  4.127902  ::  [-2.2383813858032227, -0.05704405903816223, 0.05546180158853531]
1.4301300880181285  ::  4.143859  ::  [-2.2383813858032227, -0.05704405903816223, 0.05546180158853531]
1.429945779632244  ::  4.159839  ::  [-2.229987621307373, -0.057255007326602936, 0.055467233061790466]
1.4290375779160438  ::  4.175802  ::  [-2.217416286468506, -0.05756736546754837, 0.05546686798334122]
1.4290375779160438  ::  4.191788  ::  [-2.209050416946411, -0.05777331441640854, 0.05546707659959793]
1.4256032734239967  ::  4.207746  ::  [-2.196476936340332, -0.05809127539396286, 0.05546696111559868]
1.4244051088331884  ::  4.223732  ::  [-2.188098192214966, -0.0582982674241066, 0.055467862635850906]
1.4244051088331884  ::  4.238691  ::  [-2.175524950027466, -0.058612748980522156, 0.055468808859586716]
1.4235742803536797  ::  4.254647  ::  [-2.1671524047851562, -0.058819662779569626, 0.05546360835433006]
1.4242369154248768  ::  4.27022  ::  [-2.154583215713501, -0.05913233011960983, 0.055462535470724106]
1.42429678630182  ::  4.2862  ::  [-2.150400161743164, -0.05923473834991455, 0.055458299815654755]
1.4268622693871005  ::  4.30216  ::  [-2.142007827758789, -0.059449050575494766, 0.055464379489421844]
1.4268622693871005  ::  4.31812  ::  [-2.1294496059417725, -0.05976177379488945, 0.05546344816684723]
1.4243587916128793  ::  4.334055  ::  [-2.1210591793060303, -0.059965748339891434, 0.05546318739652634]
1.4243587916128793  ::  4.350012  ::  [-2.108497381210327, -0.060281477868556976, 0.05546710267663002]
1.4236808953377555  ::  4.36597  ::  [-2.095930814743042, -0.06059114262461662, 0.05546701326966286]
1.4224641611701412  ::  4.381926  ::  [-2.08335542678833, -0.060905154794454575, 0.055469267070293427]
1.4224641611701412  ::  4.397394  ::  [-2.074972629547119, -0.06111501157283783, 0.055470339953899384]
1.420311691086235  ::  4.413351  ::  [-2.070787191390991, -0.061216939240694046, 0.055465538054704666]
1.420311691086235  ::  4.42931  ::  [-2.058215618133545, -0.06152838096022606, 0.055469997227191925]
1.4193460730923246  ::  4.445778  ::  [-2.037260055541992, -0.062041811645030975, 0.05546930432319641]
1.4193460730923246  ::  4.460735  ::  [-2.037260055541992, -0.062041811645030975, 0.05546930432319641]
1.4193460730923246  ::  4.476693  ::  [-2.037260055541992, -0.062041811645030975, 0.05546930432319641]
1.4202079575882156  ::  4.492659  ::  [-2.02469801902771, -0.06234794110059738, 0.05546717345714569]
1.4221543480582577  ::  4.508617  ::  [-2.0163121223449707, -0.06255456805229187, 0.0554623045027256]
1.4221543480582577  ::  4.524203  ::  [-2.0037589073181152, -0.06285754591226578, 0.055464841425418854]
1.4236847373191637  ::  4.54016  ::  [-1.9911891222000122, -0.06317280232906342, 0.05546635761857033]
1.4255615452370363  ::  4.556117  ::  [-1.9786221981048584, -0.06348401308059692, 0.05546664819121361]
1.424024432508666  ::  4.571588  ::  [-1.9702430963516235, -0.06369265913963318, 0.05546494573354721]
1.4237151530053114  ::  4.587545  ::  [-1.9576702117919922, -0.06400170922279358, 0.055467572063207626]
1.4172961625676745  ::  4.6035  ::  [-1.9492961168289185, -0.06420975923538208, 0.05546390637755394]
1.4161496512824643  ::  4.619457  ::  [-1.9409072399139404, -0.06442113220691681, 0.055469416081905365]
1.4161496512824643  ::  4.634925  ::  [-1.9325156211853027, -0.06462607532739639, 0.055468350648880005]
1.414966641173877  ::  4.650882  ::  [-1.9241487979888916, -0.06483454257249832, 0.05546919256448746]
1.413215017816886  ::  4.666349  ::  [-1.9157700538635254, -0.0650402307510376, 0.05546795576810837]
1.4139267448727426  ::  4.682306  ::  [-1.9031994342803955, -0.06535270810127258, 0.05546751618385315]
1.4139267448727426  ::  4.698263  ::  [-1.8948270082473755, -0.06555989384651184, 0.05546467378735542]
1.4162648040030026  ::  4.714221  ::  [-1.8822596073150635, -0.06587695330381393, 0.05546486750245094]
1.4162648040030026  ::  4.730178  ::  [-1.869688868522644, -0.0661841630935669, 0.055464666336774826]
1.419174464589428  ::  4.74624  ::  [-1.8571170568466187, -0.06649646162986755, 0.05546579882502556]
1.4193215270999948  ::  4.761202  ::  [-1.8361742496490479, -0.06701456010341644, 0.055466920137405396]
1.4193215270999948  ::  4.777163  ::  [-1.8361742496490479, -0.06701456010341644, 0.055466920137405396]
1.418757929771763  ::  4.792123  ::  [-1.8235957622528076, -0.06732428818941116, 0.055469948798418045]
1.4175711844034733  ::  4.80808  ::  [-1.8110321760177612, -0.06763654947280884, 0.05546870455145836]
1.4152496671376094  ::  4.824038  ::  [-1.7984615564346313, -0.06794428825378418, 0.05546925216913223]
1.4136720001610423  ::  4.839526  ::  [-1.7858917713165283, -0.0682554543018341, 0.05546720698475838]
1.4118431102890656  ::  4.854765  ::  [-1.7775087356567383, -0.0684644877910614, 0.05546724423766136]
1.4123198361487912  ::  4.870745  ::  [-1.7649322748184204, -0.06877439469099045, 0.05546622350811958]
1.412350251834939  ::  4.886679  ::  [-1.7607580423355103, -0.06887970119714737, 0.055465810000896454]
1.4140977130454044  ::  4.902637  ::  [-1.7523852586746216, -0.06908701360225677, 0.055464573204517365]
1.4140977130454044  ::  4.918594  ::  [-1.7398080825805664, -0.06939627230167389, 0.05546494573354721]
1.4221468775388528  ::  4.934551  ::  [-1.7314304113388062, -0.06960423290729523, 0.05546506866812706]
1.4233068357589915  ::  4.950508  ::  [-1.7104827165603638, -0.0701257660984993, 0.05546446517109871]
1.4228491063628947  ::  4.966466  ::  [-1.7104827165603638, -0.0701257660984993, 0.05546446517109871]
1.4223747283806962  ::  4.982423  ::  [-1.6979100704193115, -0.0704350620508194, 0.055468589067459106]
1.4223747283806962  ::  5.001372  ::  [-1.6895264387130737, -0.07064460963010788, 0.05546967312693596]
1.420624172240763  ::  5.016334  ::  [-1.6769509315490723, -0.07095544040203094, 0.05547129362821579]
1.4202504328271166  ::  5.030295  ::  [-1.6727674007415771, -0.07106153666973114, 0.055469997227191925]
1.419746813097534  ::  5.044769  ::  [-1.6685676574707031, -0.07116356492042542, 0.05547108128666878]
1.4183832298627643  ::  5.060726  ::  [-1.6685676574707031, -0.07116356492042542, 0.05547108128666878]
1.4183832298627643  ::  5.076684  ::  [-1.6601958274841309, -0.07136879116296768, 0.05546974018216133]
1.416855401922797  ::  5.09264  ::  [-1.647626519203186, -0.07168246060609818, 0.05546894669532776]
1.417576200323645  ::  5.107601  ::  [-1.6392419338226318, -0.07189380377531052, 0.055467985570430756]
1.4180510051926667  ::  5.12256  ::  [-1.630876064300537, -0.07209834456443787, 0.05546598881483078]
1.4180510051926667  ::  5.138518  ::  [-1.622491478919983, -0.07230021804571152, 0.05546567961573601]
1.420991508352063  ::  5.154199  ::  [-1.6141183376312256, -0.07250908017158508, 0.0554654523730278]
1.421936422335052  ::  5.170156  ::  [-1.601554036140442, -0.07281109690666199, 0.0554647296667099]
1.4223785703621044  ::  5.186113  ::  [-1.5931684970855713, -0.07301871478557587, 0.05546533316373825]
1.423955597008437  ::  5.202071  ::  [-1.584783911705017, -0.07322512567043304, 0.055461157113313675]
1.4229860303114124  ::  5.218028  ::  [-1.572214961051941, -0.07353153824806213, 0.055462975054979324]
1.4220063250523387  ::  5.233986  ::  [-1.5596548318862915, -0.07384403795003891, 0.05546768754720688]
1.4198284552024567  ::  5.249943  ::  [-1.5512683391571045, -0.07405289262533188, 0.055470265448093414]
1.4187674280035776  ::  5.265901  ::  [-1.5303268432617188, -0.07456839084625244, 0.055468373000621796]
1.4175652079879495  ::  5.282856  ::  [-1.5177538394927979, -0.0748797208070755, 0.05546831339597702]
1.417145044632288  ::  5.297815  ::  [-1.5177538394927979, -0.0748797208070755, 0.05546831339597702]
1.4176247586997757  ::  5.313772  ::  [-1.5093780755996704, -0.07508692890405655, 0.055466923862695694]
1.4190508808541331  ::  5.329736  ::  [-1.4968044757843018, -0.07540284097194672, 0.055465489625930786]
1.425058245672571  ::  5.345692  ::  [-1.4758572578430176, -0.07592308521270752, 0.055465370416641235]
1.4259014538699502  ::  5.362646  ::  [-1.471668004989624, -0.07602601498365402, 0.05546536296606064]
1.4268173395489665  ::  5.377606  ::  [-1.471668004989624, -0.07602601498365402, 0.05546536296606064]
1.4270679221141414  ::  5.393563  ::  [-1.4632856845855713, -0.07623542100191116, 0.0554664246737957]
1.4270679221141414  ::  5.40952  ::  [-1.4507222175598145, -0.07654915004968643, 0.055464670062065125]
1.4268242764598422  ::  5.424914  ::  [-1.4381461143493652, -0.07686260342597961, 0.05546847730875015]
1.4248707356355128  ::  5.440873  ::  [-1.4297666549682617, -0.07707169651985168, 0.05546920746564865]
1.4248707356355128  ::  5.456828  ::  [-1.4171799421310425, -0.07738135010004044, 0.05546781048178673]
1.4233519790405371  ::  5.471792  ::  [-1.404623031616211, -0.07769378274679184, 0.055470600724220276]
1.422236203606592  ::  5.486748  ::  [-1.3962438106536865, -0.07790084928274155, 0.055469535291194916]
1.4210638656685828  ::  5.502706  ::  [-1.3920490741729736, -0.07800434529781342, 0.055470988154411316]
1.4210638656685828  ::  5.518664  ::  [-1.3836679458618164, -0.07821302860975266, 0.05546855181455612]
1.4213310968198596  ::  5.534693  ::  [-1.3753024339675903, -0.07842054218053818, 0.05546722188591957]
1.4229546541299127  ::  5.550685  ::  [-1.3669195175170898, -0.07862730324268341, 0.05546681582927704]
1.4229546541299127  ::  5.566661  ::  [-1.3543533086776733, -0.07894551008939743, 0.05546506121754646]
1.4241845150673382  ::  5.581602  ::  [-1.3459689617156982, -0.07915198057889938, 0.05546126887202263]
1.4291632960854543  ::  5.596562  ::  [-1.333400011062622, -0.07946103811264038, 0.05546681955456734]
1.4310291116676315  ::  5.613522  ::  [-1.3082700967788696, -0.08009340614080429, 0.05546661466360092]
1.4303360609102866  ::  5.627966  ::  [-1.3082700967788696, -0.08009340614080429, 0.05546661466360092]
1.4303360609102866  ::  5.643951  ::  [-1.2956947088241577, -0.08040694892406464, 0.055469222366809845]
1.42929040163704  ::  5.66387  ::  [-1.2873069047927856, -0.08061425387859344, 0.055471353232860565]
1.4278188160360197  ::  5.675861  ::  [-1.2873069047927856, -0.08061425387859344, 0.055471353232860565]
1.4270227788325958  ::  5.691823  ::  [-1.2747440338134766, -0.08092929422855377, 0.05546985939145088]
1.4255104255399669  ::  5.707785  ::  [-1.2705469131469727, -0.08103176206350327, 0.05547095090150833]
1.4252811873159483  ::  5.723726  ::  [-1.257976770401001, -0.08134594559669495, 0.05546974763274193]
1.425469337683241  ::  5.739685  ::  [-1.245416522026062, -0.08165816962718964, 0.055467765778303146]
1.4254963382748036  ::  5.755643  ::  [-1.2370353937149048, -0.08187209814786911, 0.05546731501817703]
1.4254963382748036  ::  5.771598  ::  [-1.232852816581726, -0.08197719603776932, 0.055465929210186005]
1.427433443956443  ::  5.787555  ::  [-1.2202831506729126, -0.082286536693573, 0.05546543747186661]
1.4290754641215961  ::  5.803514  ::  [-1.2160944938659668, -0.08239613473415375, 0.05546439066529274]
1.4290754641215961  ::  5.81947  ::  [-1.2077178955078125, -0.08259990811347961, 0.0554652139544487]
1.4306535579849864  ::  5.835427  ::  [-1.1993372440338135, -0.08280417323112488, 0.05546385422348976]
1.4319969708173634  ::  5.851384  ::  [-1.1951501369476318, -0.08291301131248474, 0.05546560883522034]
1.4319969708173634  ::  5.867341  ::  [-1.1825802326202393, -0.08322567492723465, 0.05546628683805466]
1.4313509843322683  ::  5.883455  ::  [-1.1699999570846558, -0.08354104310274124, 0.055470261722803116]
1.4284033308185846  ::  5.89849  ::  [-1.1490421295166016, -0.08406224846839905, 0.05547093227505684]
1.4264670789105918  ::  5.914448  ::  [-1.1490421295166016, -0.08406224846839905, 0.05547093227505684]
1.4264670789105918  ::  5.929407  ::  [-1.1364657878875732, -0.08437523990869522, 0.05546983703970909]
1.4246980599155585  ::  5.945365  ::  [-1.1155197620391846, -0.08489641547203064, 0.05546712130308151]
1.4249648641800121  ::  5.961322  ::  [-1.1155197620391846, -0.08489641547203064, 0.05546712130308151]
1.4257347545655195  ::  5.97731  ::  [-1.1029624938964844, -0.08521562814712524, 0.05546131357550621]
1.4277934162700436  ::  5.99324  ::  [-1.0945936441421509, -0.08542500436306, 0.0554608553647995]
1.4296933827980707  ::  6.009225  ::  [-1.0820173025131226, -0.08573104441165924, 0.05546286329627037]
1.4296933827980707  ::  6.025178  ::  [-1.0694403648376465, -0.08604905754327774, 0.05546490475535393]
1.4312032814914668  ::  6.041135  ::  [-1.0610783100128174, -0.08625926822423935, 0.055465832352638245]
1.4312032814914668  ::  6.057066  ::  [-1.0485059022903442, -0.08656720072031021, 0.055467698723077774]
1.4305302944148088  ::  6.073068  ::  [-1.0359325408935547, -0.0868816152215004, 0.05546937882900238]
1.4292590254555402  ::  6.089007  ::  [-1.0233553647994995, -0.08719655871391296, 0.05547011271119118]
1.426127063555972  ::  6.103947  ::  [-1.014977216720581, -0.08740267157554626, 0.05547149479389191]
1.425113740959577  ::  6.119903  ::  [-1.0024079084396362, -0.08771899342536926, 0.0554705411195755]
1.424771057562313  ::  6.134935  ::  [-0.9898419976234436, -0.08803107589483261, 0.05546880513429642]
1.4251403146643167  ::  6.150865  ::  [-0.9856477975845337, -0.08813418447971344, 0.055469632148742676]
1.4251403146643167  ::  6.166822  ::  [-0.973082959651947, -0.08844903111457825, 0.055467769503593445]
1.4257660240253134  ::  6.182779  ::  [-0.9647043943405151, -0.08865145593881607, 0.055466413497924805]
1.4270269409791212  ::  6.198764  ::  [-0.9521420001983643, -0.08896676450967789, 0.055464472621679306]
1.4281533885836444  ::  6.214718  ::  [-0.9437662363052368, -0.08917421102523804, 0.0554644912481308]
1.4303770420453068  ::  6.230652  ::  [-0.927010178565979, -0.08959532529115677, 0.05546550080180168]
1.4303770420453068  ::  6.24661  ::  [-0.927010178565979, -0.08959532529115677, 0.05546550080180168]
1.430704997847173  ::  6.262595  ::  [-0.9228193759918213, -0.08969724178314209, 0.05546616390347481]
1.4300355325868062  ::  6.280519  ::  [-0.90185546875, -0.09021967649459839, 0.05546972528100014]
1.4285661881416072  ::  6.29448  ::  [-0.8892828226089478, -0.09053446352481842, 0.05546899884939194]
1.4276342942067235  ::  6.310463  ::  [-0.8892828226089478, -0.09053446352481842, 0.05546899884939194]
1.4276342942067235  ::  6.326423  ::  [-0.8809072971343994, -0.09074309468269348, 0.05547114461660385]
1.4257509762647982  ::  6.342354  ::  [-0.8683333396911621, -0.09105640649795532, 0.05547120422124863]
1.4257509762647982  ::  6.358333  ::  [-0.8683333396911621, -0.09105640649795532, 0.05547120422124863]
1.4249452273861483  ::  6.374267  ::  [-0.8683333396911621, -0.09105640649795532, 0.05547120422124863]
1.4249571802171959  ::  6.38926  ::  [-0.8557659387588501, -0.09136955440044403, 0.05547008663415909]
1.425761861878788  ::  6.404186  ::  [-0.8348259925842285, -0.09189370274543762, 0.055464647710323334]
1.427160876719877  ::  6.420145  ::  [-0.8348259925842285, -0.09189370274543762, 0.055464647710323334]
1.4279180672223963  ::  6.436102  ::  [-0.8222523331642151, -0.09220565855503082, 0.05546548217535019]
1.4279180672223963  ::  6.452083  ::  [-0.8180736303329468, -0.09230989962816238, 0.05546494573354721]
1.4301603969825705  ::  6.467934  ::  [-0.8096897602081299, -0.09252223372459412, 0.0554666668176651]
1.4307202590511  ::  6.483869  ::  [-0.7929370403289795, -0.09293682873249054, 0.05546659976243973]
1.431039463673092  ::  6.49883  ::  [-0.7845357656478882, -0.09314670413732529, 0.05546719580888748]
1.4311187579004878  ::  6.51379  ::  [-0.7845357656478882, -0.09314670413732529, 0.05546719580888748]
1.4309378646091881  ::  6.529748  ::  [-0.7803601026535034, -0.0932520404458046, 0.05546864494681358]
1.4307679636535842  ::  6.544707  ::  [-0.7761673927307129, -0.09335596114397049, 0.055469997227191925]
1.4298463150024556  ::  6.559668  ::  [-0.7719770669937134, -0.09345889836549759, 0.05547010153532028]
1.4293627589535598  ::  6.575653  ::  [-0.7635866403579712, -0.09366847574710846, 0.055470049381256104]
1.428286897437577  ::  6.591747  ::  [-0.7594066858291626, -0.09376897662878036, 0.05546918511390686]
1.428286897437577  ::  6.606707  ::  [-0.7510255575180054, -0.09398207813501358, 0.05547117441892624]
1.4259340039902135  ::  6.621691  ::  [-0.7426458597183228, -0.09419030696153641, 0.05547019839286804]
1.4248632651161082  ::  6.636876  ::  [-0.7342652082443237, -0.0943998396396637, 0.055470604449510574]
1.4251156619502812  ::  6.651833  ::  [-0.7216991186141968, -0.09471231698989868, 0.05546876788139343]
1.4251080847091708  ::  6.667765  ::  [-0.7175111770629883, -0.09481668472290039, 0.05546785145998001]
1.4259082840591202  ::  6.682793  ::  [-0.7007540464401245, -0.09523418545722961, 0.05546639487147331]
1.4270203242333628  ::  6.698719  ::  [-0.7007540464401245, -0.09523418545722961, 0.05546639487147331]
1.4270203242333628  ::  6.713703  ::  [-0.6923668384552002, -0.09544193744659424, 0.055463407188653946]
1.4298829205475385  ::  6.729639  ::  [-0.6714240312576294, -0.09596852958202362, 0.05546725541353226]
1.4298829205475385  ::  6.743612  ::  [-0.6714240312576294, -0.09596852958202362, 0.05546725541353226]
1.4310878086058112  ::  6.758583  ::  [-0.6588605642318726, -0.09628284722566605, 0.055467210710048676]
1.4303357407451693  ::  6.774516  ::  [-0.6504663825035095, -0.09649041295051575, 0.055467389523983]
1.4303357407451693  ::  6.790502  ::  [-0.6379063129425049, -0.09680216759443283, 0.05547034740447998]
1.4294890107314993  ::  6.805453  ::  [-0.6295247673988342, -0.09701260179281235, 0.05547086149454117]
1.4262392280687484  ::  6.820461  ::  [-0.6169556379318237, -0.09732662886381149, 0.05546947568655014]
1.4250796967354329  ::  6.83574  ::  [-0.6085710525512695, -0.09753382205963135, 0.0554712638258934]
1.4248119319756272  ::  6.851696  ::  [-0.59600430727005, -0.09784860908985138, 0.05546973645687103]
1.4251618724488846  ::  6.866656  ::  [-0.5834336280822754, -0.09816199541091919, 0.05546864867210388]
1.4263914132211928  ::  6.882613  ::  [-0.5750598907470703, -0.09837168455123901, 0.055466968566179276]
1.4281830572178518  ::  6.897574  ::  [-0.562495231628418, -0.09868349879980087, 0.05546577647328377]
1.4289053497225805  ::  6.912597  ::  [-0.5415475368499756, -0.09920762479305267, 0.05546597018837929]
1.43037544121972  ::  6.929552  ::  [-0.5289793014526367, -0.09951978921890259, 0.05546719580888748]
1.43037544121972  ::  6.943541  ::  [-0.5289793014526367, -0.09951978921890259, 0.05546719580888748]
1.430537551490802  ::  6.958501  ::  [-0.5247868299484253, -0.09962649643421173, 0.05546765401959419]
1.430537551490802  ::  6.974461  ::  [-0.5164083242416382, -0.09983386099338531, 0.05546877533197403]
1.4276944852487843  ::  6.990388  ::  [-0.503833532333374, -0.10014654695987701, 0.0554702989757061]
1.4276944852487843  ::  7.006149  ::  [-0.49126914143562317, -0.10046129673719406, 0.05546951666474342]
1.4265824450745415  ::  7.021519  ::  [-0.48288434743881226, -0.10066855698823929, 0.05547022446990013]
1.425016197320493  ::  7.03648  ::  [-0.4703124761581421, -0.10098018497228622, 0.055470019578933716]
1.424142573436966  ::  7.052436  ::  [-0.4577443599700928, -0.10129489004611969, 0.0554688423871994]
1.4247576106273845  ::  7.068393  ::  [-0.453559011220932, -0.10139788687229156, 0.0554664172232151]
1.4253095752896863  ::  7.08435  ::  [-0.4451761841773987, -0.10160764306783676, 0.055467814207077026]
1.4253095752896863  ::  7.099987  ::  [-0.43679940700531006, -0.10181838274002075, 0.055466607213020325]
1.428417311362042  ::  7.115451  ::  [-0.42423215508461, -0.10212787985801697, 0.05546294525265694]
1.428417311362042  ::  7.131091  ::  [-0.41584256291389465, -0.10234078019857407, 0.05546460673213005]
1.4306811989067838  ::  7.146021  ::  [-0.4032815396785736, -0.10265379399061203, 0.055464502424001694]
1.4303761882716606  ::  7.16101  ::  [-0.3823245167732239, -0.10317574441432953, 0.05546947568655014]
1.4303761882716606  ::  7.176964  ::  [-0.3823245167732239, -0.10317574441432953, 0.05546947568655014]
1.429341628055815  ::  7.191925  ::  [-0.3697614073753357, -0.10348726063966751, 0.0554707869887352]
1.426385970414198  ::  7.207133  ::  [-0.35718777775764465, -0.10380116105079651, 0.055470798164606094]
1.4246500351479567  ::  7.22309  ::  [-0.3488076329231262, -0.1040099635720253, 0.05547133833169937]
1.4242726671963135  ::  7.238065  ::  [-0.3362426459789276, -0.10432497411966324, 0.05546967312693596]
1.4242726671963135  ::  7.25398  ::  [-0.32367151975631714, -0.1046367958188057, 0.05546905845403671]
1.424375013312158  ::  7.269473  ::  [-0.3152938485145569, -0.10484468936920166, 0.0554678812623024]
1.4254451118560285  ::  7.285431  ::  [-0.3027286231517792, -0.1051560565829277, 0.05546547845005989]
1.4274243726114513  ::  7.301293  ::  [-0.29015666246414185, -0.10547385364770889, 0.055464617908000946]
1.4293462170891638  ::  7.317244  ::  [-0.27759408950805664, -0.10578649491071701, 0.055466797202825546]
1.4303480137413342  ::  7.332739  ::  [-0.2650222182273865, -0.1060982346534729, 0.05546796694397926]
1.429789965941803  ::  7.348004  ::  [-0.25245654582977295, -0.10641208291053772, 0.05546783655881882]
1.4283052535709715  ::  7.363961  ::  [-0.24407024681568146, -0.10662133246660233, 0.0554705448448658]
1.4283052535709715  ::  7.378923  ::  [-0.23150141537189484, -0.10693321377038956, 0.055470485240221024]
1.425094744495948  ::  7.394414  ::  [-0.21893301606178284, -0.10724721103906631, 0.05546977370977402]
1.425094744495948  ::  7.410071  ::  [-0.2063692808151245, -0.10755915194749832, 0.0554681159555912]
1.424492193745106  ::  7.425032  ::  [-0.1979874223470688, -0.1077682375907898, 0.05546814948320389]
1.4256488435923653  ::  7.441165  ::  [-0.1854124814271927, -0.10808278620243073, 0.055468447506427765]
1.42677070216354  ::  7.456033  ::  [-0.17284654080867767, -0.10839385539293289, 0.05546685308218002]
1.42677070216354  ::  7.470993  ::  [-0.16447502374649048, -0.10860645771026611, 0.055464908480644226]
1.4295898627434627  ::  7.486951  ::  [-0.15190131962299347, -0.1089194118976593, 0.055466361343860626]
1.4306194070391365  ::  7.518375  ::  [-0.13096006214618683, -0.10944310575723648, 0.0554666593670845]
1.4306194070391365  ::  7.534333  ::  [-0.13096006214618683, -0.10944310575723648, 0.0554666593670845]
1.4308897331198809  ::  7.55029  ::  [-0.12256452441215515, -0.10965464264154434, 0.05546725541353226]
1.4291840000963758  ::  7.565756  ::  [-0.11838763952255249, -0.10976104438304901, 0.05546833574771881]
1.4274483849952522  ::  7.581168  ::  [-0.10581371188163757, -0.11007853597402573, 0.05546603351831436]
1.4274483849952522  ::  7.597126  ::  [-0.09323670715093613, -0.11039143800735474, 0.05546959489583969]
1.4244051088331884  ::  7.613083  ::  [-0.08067680895328522, -0.11070477962493896, 0.05546943098306656]
1.4242515362985688  ::  7.629041  ::  [-0.0597258135676384, -0.11122887581586838, 0.05546804144978523]
1.42439166189826  ::  7.644  ::  [-0.0597258135676384, -0.11122887581586838, 0.05546804144978523]
1.42439166189826  ::  7.659958  ::  [-0.05553983896970749, -0.11133501678705215, 0.0554673969745636]
1.4267793466217082  ::  7.675196  ::  [-0.04715842008590698, -0.1115446463227272, 0.05546686053276062]
1.4267793466217082  ::  7.691153  ::  [-0.03459174558520317, -0.11185756325721741, 0.05546616390347481]
1.4282384457831523  ::  7.707111  ::  [-0.026212647557258606, -0.11206833273172379, 0.055464692413806915]
1.4304444901633606  ::  7.723069  ::  [-0.017834575846791267, -0.11227557063102722, 0.05546651408076286]
1.4304444901633606  ::  7.738047  ::  [-0.005267861299216747, -0.11259163171052933, 0.05546648055315018]
1.430747473086074  ::  7.752988  ::  [0.0073070889338850975, -0.11290024220943451, 0.05546814203262329]
1.4301377719809447  ::  7.768948  ::  [0.01987462490797043, -0.11321443319320679, 0.05546926334500313]
1.4275075088202551  ::  7.783907  ::  [0.028257202357053757, -0.11342255771160126, 0.05546990782022476]
1.4275075088202551  ::  7.799835  ::  [0.04082147404551506, -0.11373981088399887, 0.05546708032488823]
1.4260899244023602  ::  7.815793  ::  [0.053400784730911255, -0.11405198276042938, 0.05546778813004494]
1.4249641171280716  ::  7.831774  ::  [0.061767034232616425, -0.1142590194940567, 0.0554618239402771]
1.4243391548190154  ::  7.84774  ::  [0.06596440821886063, -0.11435963213443756, 0.05545886233448982]
1.4206529871013243  ::  7.863664  ::  [0.07433865964412689, -0.11457567662000656, 0.05546609312295914]
1.4205853255398588  ::  7.879307  ::  [0.08689489215612411, -0.11487535387277603, 0.05545303225517273]
1.4216451787999744  ::  7.894806  ::  [0.10785470902919769, -0.1154068186879158, 0.055462632328271866]
1.4231827184151677  ::  7.909788  ::  [0.10785470902919769, -0.1154068186879158, 0.055462632328271866]
1.4245592149763369  ::  7.924757  ::  [0.12041926383972168, -0.11571615189313889, 0.05546627566218376]
1.4245592149763369  ::  7.940707  ::  [0.1329897791147232, -0.11603096127510071, 0.05546724051237106]
1.424157727919187  ::  7.955671  ::  [0.14136645197868347, -0.1162358820438385, 0.05546598136425018]
1.4234103558135995  ::  7.970608  ::  [0.14976301789283752, -0.11643902212381363, 0.05546613782644272]
1.4247736188832518  ::  7.986567  ::  [0.15812115371227264, -0.11665257066488266, 0.055460453033447266]
1.4245434201638811  ::  8.001526  ::  [0.17069846391677856, -0.1169622465968132, 0.0554690808057785]
1.4245434201638811  ::  8.017484  ::  [0.17486535012722015, -0.11708580702543259, 0.055445171892642975]
1.4241633841695933  ::  8.033441  ::  [0.18326038122177124, -0.11728015542030334, 0.05546267330646515]
1.4241983888890897  ::  8.048673  ::  [0.18744343519210815, -0.11738433688879013, 0.05546136572957039]
1.4234108894221285  ::  8.064629  ::  [0.1958368718624115, -0.11758485436439514, 0.05546760559082031]
1.4233243381187397  ::  8.080158  ::  [0.20840239524841309, -0.11789925396442413, 0.05546711012721062]
1.4261557716948272  ::  8.096117  ::  [0.23353548347949982, -0.11852523684501648, 0.05546494573354721]
1.4270385736450515  ::  8.112074  ::  [0.24192237854003906, -0.11873359978199005, 0.05546179786324501]
1.4370293261317817  ::  8.12803  ::  [0.2545008659362793, -0.11905258148908615, 0.0554644949734211]
1.4375105343031505  ::  8.143988  ::  [0.2545008659362793, -0.11905258148908615, 0.0554644949734211]
1.4375105343031505  ::  8.159944  ::  [0.2670658528804779, -0.11936761438846588, 0.055467117577791214]
1.437157178735308  ::  8.175903  ::  [0.271256685256958, -0.11947368085384369, 0.05546918511390686]
1.4358459958580772  ::  8.19186  ::  [0.2796403765678406, -0.1196824237704277, 0.0554681122303009]
1.4358459958580772  ::  8.207817  ::  [0.292204886674881, -0.11999552696943283, 0.05546947568655014]
1.4354292475970005  ::  8.223775  ::  [0.29640084505081177, -0.12009936571121216, 0.05546948313713074]
1.4334682362532665  ::  8.238733  ::  [0.30479225516319275, -0.12031105160713196, 0.055467795580625534]
1.432336986171983  ::  8.253694  ::  [0.3089728057384491, -0.12041574716567993, 0.055470503866672516]
1.432336986171983  ::  8.269651  ::  [0.31734639406204224, -0.12062450498342514, 0.05546940118074417]
1.431395060396756  ::  8.285608  ::  [0.32991746068000793, -0.12094169110059738, 0.055468492209911346]
1.4325579001029507  ::  8.301565  ::  [0.33829236030578613, -0.121149942278862, 0.05546756833791733]
1.4334085788197346  ::  8.317523  ::  [0.35085493326187134, -0.12146632373332977, 0.055465344339609146]
1.4346007669950191  ::  8.33348  ::  [0.35923951864242554, -0.12167409062385559, 0.055465586483478546]
1.436089748234082  ::  8.349438  ::  [0.36761754751205444, -0.121885284781456, 0.05546599254012108]
1.436089748234082  ::  8.364753  ::  [0.38019540905952454, -0.12220124155282974, 0.05546162277460098]
1.43798235096441  ::  8.38071  ::  [0.3885626494884491, -0.12240906059741974, 0.055466149002313614]
1.43798235096441  ::  8.396668  ::  [0.4011300504207611, -0.12272124737501144, 0.055464692413806915]
1.4368879198716213  ::  8.412625  ::  [0.41370871663093567, -0.12304092943668365, 0.05546940863132477]
1.4360038372609278  ::  8.428634  ::  [0.4220971465110779, -0.12325122952461243, 0.055468592792749405]
1.43358274864357  ::  8.443735  ::  [0.43046751618385315, -0.1234607920050621, 0.05547000467777252]
1.43358274864357  ::  8.458723  ::  [0.4388510286808014, -0.12367483973503113, 0.0554673857986927]
1.4321571600977412  ::  8.474677  ::  [0.4514163136482239, -0.1239907294511795, 0.05546935647726059]
1.4317308068831445  ::  8.490638  ::  [0.46398091316223145, -0.12430284172296524, 0.05546453967690468]
1.4317308068831445  ::  8.506614  ::  [0.47654989361763, -0.1246165782213211, 0.05546466261148453]
1.439515301546255  ::  8.522579  ::  [0.4849418103694916, -0.1248316615819931, 0.05545910447835922]
1.439515301546255  ::  8.538539  ::  [0.49749118089675903, -0.12514513731002808, 0.05546538904309273]
1.4427204745359892  ::  8.554504  ::  [0.5100593566894531, -0.1254609227180481, 0.0554654598236084]
1.4427204745359892  ::  8.570448  ::  [0.5226306319236755, -0.12577711045742035, 0.05546703189611435]
1.4429902670082047  ::  8.586404  ::  [0.5310189723968506, -0.1259864866733551, 0.0554661825299263]
1.4425371266454565  ::  8.602377  ::  [0.5435876846313477, -0.12630218267440796, 0.05546760931611061]
1.441061699063028  ::  8.617978  ::  [0.5561585426330566, -0.12661859393119812, 0.0554685965180397]
1.4381951540457383  ::  8.633909  ::  [0.5645327568054199, -0.12682822346687317, 0.05546974018216133]
1.4381951540457383  ::  8.649866  ::  [0.5771101117134094, -0.12714578211307526, 0.05546741932630539]
1.4363449198326053  ::  8.665824  ::  [0.5896834135055542, -0.12746013700962067, 0.05546193569898605]
1.4375224871341978  ::  8.68158  ::  [0.6022361516952515, -0.12778329849243164, 0.05546610802412033]
1.4375224871341978  ::  8.697536  ::  [0.6147997379302979, -0.12809965014457703, 0.05546169728040695]
1.4383875732812623  ::  8.713471  ::  [0.6231842041015625, -0.1283130645751953, 0.055462680757045746]
1.4403822019623176  ::  8.72924  ::  [0.6483186483383179, -0.12893792986869812, 0.0554649643599987]
1.4408471884344074  ::  8.74524  ::  [0.6483186483383179, -0.12893792986869812, 0.0554649643599987]
1.4408724814786775  ::  8.761197  ::  [0.6692712903022766, -0.12946051359176636, 0.05546332523226738]
1.434620297067177  ::  8.776326  ::  [0.6692712903022766, -0.12946051359176636, 0.05546332523226738]
1.434620297067177  ::  8.791285  ::  [0.6818495392799377, -0.1297769844532013, 0.055468201637268066]
1.4316956954419422  ::  8.807243  ::  [0.6902260780334473, -0.12998971343040466, 0.05546911805868149]
1.4316956954419422  ::  8.822886  ::  [0.7027963399887085, -0.13030432164669037, 0.05546783283352852]
1.4305168474798804  ::  8.838853  ::  [0.7153674364089966, -0.13061584532260895, 0.055466391146183014]
1.430578532625822  ::  8.854805  ::  [0.7279342412948608, -0.13092778623104095, 0.05546463653445244]
1.4350111119537488  ::  8.870739  ::  [0.7405028939247131, -0.13123559951782227, 0.05546199530363083]
1.4367825855480152  ::  8.886786  ::  [0.7488864660263062, -0.13144929707050323, 0.055462952703237534]
1.438343283773363  ::  8.902747  ::  [0.7614508271217346, -0.13176731765270233, 0.05546344816684723]
1.438343283773363  ::  8.917721  ::  [0.7740236520767212, -0.1320866197347641, 0.05546468496322632]
1.4396005721891743  ::  8.933637  ::  [0.786583423614502, -0.13240016996860504, 0.055465154349803925]
1.4401575527716477  ::  8.949594  ::  [0.794965386390686, -0.1326110064983368, 0.05546634644269943]
1.437600500701124  ::  8.965553  ::  [0.8075411319732666, -0.13292253017425537, 0.05546654015779495]
1.4363616751404131  ::  8.981535  ::  [0.8201150894165039, -0.13323786854743958, 0.05546783655881882]
1.4352088672745618  ::  8.997466  ::  [0.8284943699836731, -0.13344576954841614, 0.05546947941184044]
1.4339527527975142  ::  9.013425  ::  [0.836871862411499, -0.1336556375026703, 0.055468663573265076]
1.4333189325868783  ::  9.029411  ::  [0.857818067073822, -0.13418060541152954, 0.05546385794878006]
1.4335091106665807  ::  9.04534  ::  [0.857818067073822, -0.13418060541152954, 0.05546385794878006]
1.4342939420908976  ::  9.061296  ::  [0.8703954219818115, -0.13450002670288086, 0.05546509101986885]
1.4342939420908976  ::  9.07728  ::  [0.8787710070610046, -0.13470934331417084, 0.055466312915086746]
1.4360547435145856  ::  9.09324  ::  [0.8913386464118958, -0.13502593338489532, 0.055465567857027054]
1.4378845938819143  ::  9.10924  ::  [0.9039024114608765, -0.13533976674079895, 0.0554644800722599]
1.439397587504778  ::  9.125184  ::  [0.9164758920669556, -0.1356552541255951, 0.05546489357948303]
1.4392415603709254  ::  9.140161  ::  [0.9248520135879517, -0.13586269319057465, 0.0554649643599987]
1.4392415603709254  ::  9.156115  ::  [0.9374260306358337, -0.13617952167987823, 0.05546877533197403]
1.4385017655064485  ::  9.171057  ::  [0.9458060264587402, -0.13638922572135925, 0.05546915903687477]
1.4348456933097875  ::  9.187018  ::  [0.9625682830810547, -0.136809840798378, 0.05546935647726059]
1.4336074013576054  ::  9.203031  ::  [0.9709459543228149, -0.13701921701431274, 0.05546918883919716]
1.4340406914830781  ::  9.21896  ::  [0.9835081100463867, -0.13733303546905518, 0.05546671897172928]
1.4338950163546864  ::  9.234736  ::  [0.9960943460464478, -0.13764652609825134, 0.05546354502439499]
1.4338950163546864  ::  9.250721  ::  [1.0086584091186523, -0.13796375691890717, 0.05546017736196518]
1.4373012530381128  ::  9.26668  ::  [1.017029047012329, -0.13817767798900604, 0.05546547845005989]
1.438920007871406  ::  9.282608  ::  [1.046358346939087, -0.13891322910785675, 0.05546639487147331]
1.438920007871406  ::  9.29861  ::  [1.046358346939087, -0.13891322910785675, 0.05546639487147331]
1.4393430527131237  ::  9.314569  ::  [1.0547373294830322, -0.13911961019039154, 0.05546515807509422]
1.4388970627046629  ::  9.330555  ::  [1.0631171464920044, -0.13933338224887848, 0.0554664209485054]
1.4388970627046629  ::  9.346517  ::  [1.0714930295944214, -0.13954457640647888, 0.05546697601675987]
1.4376102123763501  ::  9.362443  ::  [1.075696349143982, -0.13964751362800598, 0.055458180606365204]
1.43600277004387  ::  9.3784  ::  [1.0840671062469482, -0.139856219291687, 0.05546761304140091]
1.4338826366368158  ::  9.393387  ::  [1.0966336727142334, -0.14017091691493988, 0.05546515807509422]
1.4336985416943429  ::  9.408346  ::  [1.1092034578323364, -0.14048652350902557, 0.055467329919338226]
1.4336985416943429  ::  9.424252  ::  [1.1217783689498901, -0.14080126583576202, 0.055467840284109116]
1.4343271325413955  ::  9.440213  ::  [1.1343393325805664, -0.1411188542842865, 0.05546335503458977]
1.4369308219973456  ::  9.456178  ::  [1.146915078163147, -0.14143413305282593, 0.05546463280916214]
1.4369308219973456  ::  9.471125  ::  [1.159482717514038, -0.14174962043762207, 0.05546661093831062]
1.4381057212562935  ::  9.486086  ::  [1.167861819267273, -0.141960009932518, 0.055466365069150925]
1.4413377881158846  ::  9.50204  ::  [1.1804258823394775, -0.1422751098871231, 0.05546550080180168]
1.4413377881158846  ::  9.517824  ::  [1.1930081844329834, -0.14258675277233124, 0.055463727563619614]
1.441333199082536  ::  9.533264  ::  [1.2013787031173706, -0.14279907941818237, 0.055466677993535995]
1.4391969506979088  ::  9.54922  ::  [1.2181386947631836, -0.14321914315223694, 0.05546865984797478]
1.4379007088594873  ::  9.565178  ::  [1.226520299911499, -0.1434290111064911, 0.05546789616346359]
1.435184854890761  ::  9.580137  ::  [1.2390961647033691, -0.14374656975269318, 0.05546877533197403]
1.4357418354732343  ::  9.595099  ::  [1.2600411176681519, -0.1442643254995346, 0.05546654015779495]
1.4358513319433661  ::  9.61073  ::  [1.2600411176681519, -0.1442643254995346, 0.05546654015779495]
1.4370006179929267  ::  9.62669  ::  [1.2684087753295898, -0.14446932077407837, 0.05546354502439499]
1.4379759476620633  ::  9.642646  ::  [1.2767994403839111, -0.14468348026275635, 0.05546677112579346]
1.4385682531291504  ::  9.658606  ::  [1.2851781845092773, -0.14489436149597168, 0.05546680465340614]
1.4394389955266211  ::  9.67456  ::  [1.2893671989440918, -0.1449991762638092, 0.055466264486312866]
1.4394389955266211  ::  9.69052  ::  [1.2935681343078613, -0.14510488510131836, 0.05546359717845917]
1.440419554559341  ::  9.706477  ::  [1.3019366264343262, -0.14531531929969788, 0.05546734482049942]
1.4408753629647337  ::  9.722434  ::  [1.306126594543457, -0.14541995525360107, 0.05546727776527405]
1.4415164402513627  ::  9.738143  ::  [1.3186877965927124, -0.14572854340076447, 0.055460862815380096]
1.441481222088455  ::  9.753107  ::  [1.331264615058899, -0.14604617655277252, 0.055468689650297165]
1.4400652384961468  ::  9.769124  ::  [1.343822717666626, -0.14635427296161652, 0.055461443960666656]
1.4365976368318958  ::  9.785081  ::  [1.3564047813415527, -0.14667266607284546, 0.05546927824616432]
1.4355705471354552  ::  9.801019  ::  [1.3689743280410767, -0.14698554575443268, 0.05546713247895241]
1.4355705471354552  ::  9.816305  ::  [1.3815420866012573, -0.14730098843574524, 0.05546385422348976]
1.435004175042873  ::  9.83229  ::  [1.3941031694412231, -0.1476200371980667, 0.0554598830640316]
1.435004175042873  ::  9.848247  ::  [1.3983005285263062, -0.1477300226688385, 0.0554656907916069]
1.436402762997139  ::  9.864176  ::  [1.4108710289001465, -0.14804543554782867, 0.05546652153134346]
1.4382112690233113  ::  9.880161  ::  [1.4234400987625122, -0.14836153388023376, 0.05546688660979271]
1.4398865863606685  ::  9.896114  ::  [1.4360086917877197, -0.1486773043870926, 0.055467043071985245]
1.440148054539833  ::  9.911516  ::  [1.4653329849243164, -0.14940820634365082, 0.05546678602695465]
1.4389607755630145  ::  9.927442  ::  [1.4653329849243164, -0.14940820634365082, 0.05546678602695465]
1.4389607755630145  ::  9.9434  ::  [1.4778932332992554, -0.1497270166873932, 0.05546307563781738]
1.4365924074683125  ::  9.959383  ::  [1.4904760122299194, -0.15004335343837738, 0.055468492209911346]
1.4379629276139578  ::  9.975341  ::  [1.4988701343536377, -0.15025196969509125, 0.055467639118433]
1.4375660295901567  ::  9.991296  ::  [1.5156118869781494, -0.1506723165512085, 0.05546533316373825]
1.4408436666181166  ::  10.007229  ::  [1.5239975452423096, -0.1508873850107193, 0.05546030029654503]
1.4424772557685133  ::  10.023187  ::  [1.5365548133850098, -0.1512145698070526, 0.0554640106856823]
1.4424772557685133  ::  10.039168  ::  [1.5491303205490112, -0.15153156220912933, 0.055466022342443466]
1.4442565200473014  ::  10.05513  ::  [1.5616977214813232, -0.15184830129146576, 0.05546626076102257]
1.4456585230961525  ::  10.070092  ::  [1.574267029762268, -0.1521654725074768, 0.05546685308218002]
1.4461171062658953  ::  10.086046  ::  [1.5868326425552368, -0.15248221158981323, 0.05546646565198898]
1.4452311026644977  ::  10.10198  ::  [1.5994009971618652, -0.15279538929462433, 0.055465806275606155]
1.4416883689193767  ::  10.117939  ::  [1.611968994140625, -0.15311990678310394, 0.055461492389440536]
1.4410848576731827  ::  10.133896  ::  [1.6245498657226562, -0.15343806147575378, 0.055469412356615067]
1.4410848576731827  ::  10.149853  ::  [1.632922649383545, -0.15365464985370636, 0.05546533316373825]
1.4401643829608177  ::  10.165913  ::  [1.6371171474456787, -0.15375792980194092, 0.05546804144978523]
1.4401643829608177  ::  10.181593  ::  [1.6454970836639404, -0.15396814048290253, 0.05546804517507553]
1.4399096382491172  ::  10.197577  ::  [1.6580787897109985, -0.1542840451002121, 0.05546656996011734]
1.4409583924518317  ::  10.213549  ::  [1.6706472635269165, -0.15460100769996643, 0.05546483024954796]
1.4443127623862484  ::  10.229491  ::  [1.6832026243209839, -0.15491792559623718, 0.0554659441113472]
1.4443127623862484  ::  10.245422  ::  [1.6957716941833496, -0.15523426234722137, 0.05546632781624794]
1.4454518031520538  ::  10.261378  ::  [1.7041516304016113, -0.15544582903385162, 0.05546709522604942]
1.4448635531097864  ::  10.276754  ::  [1.712532639503479, -0.1556565910577774, 0.05546748638153076]
1.4436345459460072  ::  10.292712  ::  [1.7251039743423462, -0.15597176551818848, 0.05546678230166435]
1.4436345459460072  ::  10.307859  ::  [1.7376608848571777, -0.1562817394733429, 0.05546412244439125]
1.4354327694132913  ::  10.323775  ::  [1.7502487897872925, -0.15659666061401367, 0.0554601214826107]
1.4325338877191498  ::  10.338779  ::  [1.7628064155578613, -0.15691116452217102, 0.055461809039115906]
1.431566455456241  ::  10.354736  ::  [1.7711883783340454, -0.15711791813373566, 0.055461980402469635]
1.431566455456241  ::  10.370338  ::  [1.7753801345825195, -0.1572241336107254, 0.05546122044324875]
1.4317698670274603  ::  10.38626  ::  [1.7837557792663574, -0.15743640065193176, 0.05546388775110245]
1.4345722722995755  ::  10.402219  ::  [1.7963327169418335, -0.15775151550769806, 0.055466316640377045]
1.4363125831557535  ::  10.418177  ::  [1.8130905628204346, -0.15817217528820038, 0.05546588450670242]
1.4374104293431273  ::  10.434133  ::  [1.825658917427063, -0.15848733484745026, 0.05546657368540764]
1.4377226970542438  ::  10.450091  ::  [1.8340390920639038, -0.15869703888893127, 0.05546664446592331]
1.4377226970542438  ::  10.466049  ::  [1.8382283449172974, -0.1588018238544464, 0.055467598140239716]
1.437932618649516  ::  10.481007  ::  [1.8466112613677979, -0.15901176631450653, 0.05546822026371956]
1.4372981581086453  ::  10.496964  ::  [1.8549880981445312, -0.15922169387340546, 0.05546853691339493]
1.4372981581086453  ::  10.511924  ::  [1.859170913696289, -0.15932776033878326, 0.05546734854578972]
1.4312497054334816  ::  10.527656  ::  [1.8675553798675537, -0.15953513979911804, 0.055466797202825546]
1.431178201890608  ::  10.543595  ::  [1.8759480714797974, -0.15974237024784088, 0.055466651916503906]
1.431178201890608  ::  10.559549  ::  [1.884319543838501, -0.1599484235048294, 0.05546826869249344]
1.4341941572959918  ::  10.575506  ::  [1.892700433731079, -0.16016167402267456, 0.055466435849666595]
1.4336513707003873  ::  10.591463  ::  [1.9010831117630005, -0.16036991775035858, 0.05546604096889496]
1.4335731436900496  ::  10.60742  ::  [1.9052711725234985, -0.1604747623205185, 0.05546421557664871]
1.4335731436900496  ::  10.623377  ::  [1.917844295501709, -0.16079452633857727, 0.05546756833791733]
1.4343896714609834  ::  10.639335  ::  [1.9304133653640747, -0.16111008822917938, 0.05546661466360092]
1.4354576355707385  ::  10.655292  ::  [1.9387869834899902, -0.16131886839866638, 0.055464643985033035]
1.437586413435961  ::  10.670252  ::  [1.9513593912124634, -0.1616358458995819, 0.055466316640377045]
1.4392909725207024  ::  10.685511  ::  [1.9639308452606201, -0.1619516909122467, 0.05546659976243973]
1.440024577526244  ::  10.701444  ::  [1.9765015840530396, -0.16226895153522491, 0.055466581135988235]
1.4357596579980998  ::  10.716872  ::  [1.9848779439926147, -0.1624792069196701, 0.055468346923589706]
1.4357596579980998  ::  10.732742  ::  [1.9974417686462402, -0.1627955287694931, 0.05546382814645767]
1.4347043937713329  ::  10.748821  ::  [2.0058305263519287, -0.16300542652606964, 0.055469900369644165]
1.4339246849888936  ::  10.764782  ::  [2.0141983032226562, -0.16321255266666412, 0.05546524003148079]
1.4301813144369036  ::  10.780736  ::  [2.026768207550049, -0.16353487968444824, 0.055459991097450256]
1.4301813144369036  ::  10.796729  ::  [2.039339780807495, -0.16384753584861755, 0.055459070950746536]
1.4302710673914658  ::  10.81265  ::  [2.043550491333008, -0.1639554649591446, 0.05546354502439499]
1.4303678639786095  ::  10.828608  ::  [2.0519192218780518, -0.16416101157665253, 0.0554669015109539]
1.4312150208791026  ::  10.843568  ::  [2.0644876956939697, -0.16447561979293823, 0.0554661750793457]
1.434188180880468  ::  10.858562  ::  [2.0812437534332275, -0.16488966345787048, 0.05546588450670242]
1.434829791775626  ::  10.874485  ::  [2.085433006286621, -0.16499440371990204, 0.05546557530760765]
1.4366604959166012  ::  10.890471  ::  [2.093815326690674, -0.16520443558692932, 0.05546673759818077]
1.4366604959166012  ::  10.906435  ::  [2.1021933555603027, -0.16541381180286407, 0.05546729266643524]
1.4369025407453135  ::  10.922392  ::  [2.1147639751434326, -0.16572797298431396, 0.055468566715717316]
1.4367405371959372  ::  10.938349  ::  [2.1273272037506104, -0.16603845357894897, 0.055466730147600174]
1.4353365064346764  ::  10.953274  ::  [2.1399028301239014, -0.16635343432426453, 0.0554652065038681]
1.4353365064346764  ::  10.969231  ::  [2.152472734451294, -0.1666662096977234, 0.05546919256448746]
1.4342401543511836  ::  10.984536  ::  [2.1608502864837646, -0.16687634587287903, 0.05546799302101135]
1.4335234113751554  ::  11.000487  ::  [2.1734237670898438, -0.16719099879264832, 0.05546850711107254]
1.4337782628085616  ::  11.016445  ::  [2.185993194580078, -0.16750632226467133, 0.05546688288450241]
1.4350986237524896  ::  11.032408  ::  [2.1985585689544678, -0.16782362759113312, 0.055465199053287506]
1.4366469422599668  ::  11.047906  ::  [2.2111241817474365, -0.1681334525346756, 0.05546257272362709]
1.438973155280885  ::  11.063856  ::  [2.2278800010681152, -0.1685551404953003, 0.05546454340219498]
1.4396473162963066  ::  11.079445  ::  [2.240455150604248, -0.1688690036535263, 0.055464066565036774]
1.4380051894094474  ::  11.094746  ::  [2.2530250549316406, -0.16918659210205078, 0.05546576902270317]
1.4380051894094474  ::  11.109741  ::  [2.265584945678711, -0.16950911283493042, 0.055466316640377045]
1.432400912473746  ::  11.125699  ::  [2.2781617641448975, -0.16982190310955048, 0.05546877905726433]
1.432400912473746  ::  11.141656  ::  [2.286550760269165, -0.1700340211391449, 0.05546651408076286]
1.4302145048874015  ::  11.157616  ::  [2.303295612335205, -0.17045257985591888, 0.05546276271343231]
1.4309645450356336  ::  11.173536  ::  [2.3158655166625977, -0.1707671880722046, 0.05546272546052933]
1.4316637856519137  ::  11.189449  ::  [2.324259042739868, -0.1709783375263214, 0.055465858429670334]
1.4316637856519137  ::  11.205389  ::  [2.3326284885406494, -0.1711892932653427, 0.05546491965651512]
1.4343657657988884  ::  11.22036  ::  [2.3410120010375977, -0.17139817774295807, 0.055465687066316605]
1.4350382192670172  ::  11.236303  ::  [2.3535799980163574, -0.1717124730348587, 0.05546555295586586]
1.4350382192670172  ::  11.252239  ::  [2.3619580268859863, -0.17192289233207703, 0.055466342717409134]
1.4356372482015685  ::  11.268234  ::  [2.378715753555298, -0.17234157025814056, 0.055467814207077026]
1.4349230665464792  ::  11.284154  ::  [2.387094020843506, -0.17255042493343353, 0.055466003715991974]
1.4334428364872904  ::  11.300111  ::  [2.3996622562408447, -0.1728605031967163, 0.055467572063207626]
1.428797667521447  ::  11.316103  ::  [2.412238597869873, -0.17317509651184082, 0.05546020343899727]
1.428797667521447  ::  11.332182  ::  [2.428999185562134, -0.17359615862369537, 0.05546756088733673]
1.4289127135202795  ::  11.348139  ::  [2.437379837036133, -0.17380578815937042, 0.055468302220106125]
1.4289127135202795  ::  11.363818  ::  [2.4499459266662598, -0.1741207391023636, 0.05546644330024719]
1.4302624229332974  ::  11.379775  ::  [2.4625167846679688, -0.17443513870239258, 0.0554659478366375]
1.4333145569969412  ::  11.395899  ::  [2.4876604080200195, -0.17506375908851624, 0.055465035140514374]
1.434062782876175  ::  11.41086  ::  [2.4876604080200195, -0.17506375908851624, 0.055465035140514374]
1.434062782876175  ::  11.425767  ::  [2.5002336502075195, -0.17537769675254822, 0.055464405566453934]
1.4342282015201362  ::  11.441638  ::  [2.5086023807525635, -0.17558671534061432, 0.05546782165765762]
1.4342282015201362  ::  11.457586  ::  [2.5127925872802734, -0.17569108307361603, 0.055468518286943436]
1.4331538341080343  ::  11.473546  ::  [2.5211758613586426, -0.17590054869651794, 0.055467236787080765]
1.431388230207586  ::  11.48951  ::  [2.5253653526306152, -0.17600472271442413, 0.05546888709068298]
1.431388230207586  ::  11.505461  ::  [2.537931203842163, -0.17632058262825012, 0.05546806380152702]
1.4302039394385293  ::  11.521245  ::  [2.546321392059326, -0.17652682960033417, 0.05546724051237106]
1.4291012907743952  ::  11.537173  ::  [2.5546960830688477, -0.17673331499099731, 0.05546855181455612]
1.427783918038229  ::  11.553131  ::  [2.563070774078369, -0.17693480849266052, 0.0554623082280159]
1.427783918038229  ::  11.569051  ::  [2.5714545249938965, -0.1771489977836609, 0.05546758696436882]
1.428220943423404  ::  11.585008  ::  [2.5840227603912354, -0.17746341228485107, 0.05546673387289047]
1.430505855144185  ::  11.600141  ::  [2.596590518951416, -0.17777742445468903, 0.055466048419475555]
1.430505855144185  ::  11.61573  ::  [2.6091532707214355, -0.1780918538570404, 0.05546118691563606]
1.433955314118453  ::  11.63171  ::  [2.6217219829559326, -0.17840248346328735, 0.055461324751377106]
1.4338484856909657  ::  11.646675  ::  [2.6343016624450684, -0.17871171236038208, 0.05546769127249718]
1.4338484856909657  ::  11.662606  ::  [2.6426918506622314, -0.1789211630821228, 0.05546564981341362]
1.43272033053915  ::  11.677849  ::  [2.6468708515167236, -0.1790258139371872, 0.05546816438436508]
1.428207283045064  ::  11.693834  ::  [2.6552517414093018, -0.17923471331596375, 0.05546923354268074]
1.428207283045064  ::  11.70991  ::  [2.6678123474121094, -0.17955397069454193, 0.0554644800722599]
1.4280650230112575  ::  11.725965  ::  [2.6803948879241943, -0.17986935377120972, 0.055468883365392685]
1.4277428301815032  ::  11.741807  ::  [2.6929571628570557, -0.1801905632019043, 0.05546441301703453]
1.4277428301815032  ::  11.757765  ::  [2.705535411834717, -0.18049803376197815, 0.05546646937727928]
1.4293646799442639  ::  11.773687  ::  [2.7139270305633545, -0.18070697784423828, 0.05546391010284424]
1.4293646799442639  ::  11.789645  ::  [2.7264809608459473, -0.18102064728736877, 0.05546409636735916]
1.4275297069350577  ::  11.805636  ::  [2.730668783187866, -0.18112803995609283, 0.05546439439058304]
1.4307087331068755  ::  11.821452  ::  [2.739048719406128, -0.18133725225925446, 0.05546586215496063]
1.431336897067105  ::  11.837409  ::  [2.755817413330078, -0.18175509572029114, 0.0554647222161293]
1.431336897067105  ::  11.85336  ::  [2.76418137550354, -0.18196313083171844, 0.05546293407678604]
1.431437428913951  ::  11.869317  ::  [2.7767488956451416, -0.18228095769882202, 0.05546392872929573]
1.424509269218031  ::  11.885275  ::  [2.7893340587615967, -0.18259532749652863, 0.05546281486749649]
1.4282509322227286  ::  11.901305  ::  [2.8060953617095947, -0.18300557136535645, 0.05546768009662628]
1.4283077081702045  ::  11.917262  ::  [2.8186569213867188, -0.183308944106102, 0.05545651540160179]
1.4259356048158  ::  11.933295  ::  [2.831237554550171, -0.1836228370666504, 0.055467188358306885]
1.4263225777209636  ::  11.949225  ::  [2.843801736831665, -0.18393799662590027, 0.05546409636735916]
1.4299751281013338  ::  11.965206  ::  [2.8563759326934814, -0.18425193428993225, 0.05546615645289421]
1.4319017750558063  ::  11.981138  ::  [2.868940830230713, -0.18456193804740906, 0.05546317994594574]
1.4319017750558063  ::  11.997096  ::  [2.8815157413482666, -0.18487432599067688, 0.05546548217535019]
1.4326800964560704  ::  12.013078  ::  [2.8940813541412354, -0.18518733978271484, 0.05546685308218002]
1.4326800964560704  ::  12.029037  ::  [2.9066431522369385, -0.1854989230632782, 0.05546246096491814]
1.4315046635885935  ::  12.043999  ::  [2.919213056564331, -0.18581590056419373, 0.05546318739652634]
1.4315046635885935  ::  12.059951  ::  [2.931792974472046, -0.18612533807754517, 0.05546567589044571]
1.4279981085017324  ::  12.074923  ::  [2.944366931915283, -0.18644490838050842, 0.0554644837975502]
1.4223263834479773  ::  12.090876  ::  [2.9569413661956787, -0.1867598444223404, 0.055460311472415924]
1.4231221004862837  ::  12.106802  ::  [2.965317964553833, -0.1869627982378006, 0.055468134582042694]
1.4231221004862837  ::  12.122761  ::  [2.9820752143859863, -0.1873801052570343, 0.05546635389328003]
1.424454520982965  ::  12.138717  ::  [2.9946441650390625, -0.18769335746765137, 0.05546632036566734]
1.4312196099124512  ::  12.15471  ::  [3.007205009460449, -0.18800368905067444, 0.055461350828409195]
1.4312196099124512  ::  12.170667  ::  [3.019779682159424, -0.1883210688829422, 0.05546221509575844]
1.4314754218412094  ::  12.186731  ::  [3.0323526859283447, -0.1886337846517563, 0.05546749383211136]
1.4268910842476614  ::  12.202688  ::  [3.0491127967834473, -0.18905504047870636, 0.055465217679739]
1.4228183705116297  ::  12.218766  ::  [3.061675786972046, -0.18937212228775024, 0.0554661825299263]
1.4228183705116297  ::  12.234839  ::  [3.0700623989105225, -0.18957310914993286, 0.055466603487730026]
1.4216338662991614  ::  12.250212  ::  [3.0952019691467285, -0.19020353257656097, 0.05546592175960541]
1.4216338662991614  ::  12.266214  ::  [3.0952019691467285, -0.19020353257656097, 0.05546592175960541]
1.4226786717987618  ::  12.281391  ::  [3.1077709197998047, -0.19050949811935425, 0.05546574294567108]
1.4235217732744354  ::  12.29638  ::  [3.120339870452881, -0.19082508981227875, 0.05546582117676735]
1.425080657230785  ::  12.312343  ::  [3.132908344268799, -0.19113725423812866, 0.055465467274188995]
1.4272419852162708  ::  12.32825  ::  [3.158050537109375, -0.191763237118721, 0.05546553432941437]
1.4272419852162708  ::  12.343237  ::  [3.158050537109375, -0.191763237118721, 0.05546553432941437]
1.4301950815369493  ::  12.359167  ::  [3.1706130504608154, -0.19207443296909332, 0.055466458201408386]
1.4301950815369493  ::  12.375123  ::  [3.1831746101379395, -0.19237753748893738, 0.055463679134845734]
1.429834895779937  ::  12.39108  ::  [3.187368869781494, -0.19248221814632416, 0.05546543374657631]
1.4286129322487393  ::  12.40621  ::  [3.195756435394287, -0.192692831158638, 0.05546899512410164]
1.4267399663122748  ::  12.422167  ::  [3.2083144187927246, -0.1930028647184372, 0.055460769683122635]
1.4257890759137621  ::  12.437127  ::  [3.220896005630493, -0.19332285225391388, 0.05546797811985016]
1.427991064869151  ::  12.453084  ::  [3.233474016189575, -0.19363829493522644, 0.05546191707253456]
1.429500429954018  ::  12.469041  ::  [3.2460334300994873, -0.1939537525177002, 0.055466435849666595]
1.431365285040843  ::  12.48464  ::  [3.258599042892456, -0.19427412748336792, 0.05546675994992256]
1.4322185250785657  ::  12.500566  ::  [3.2711668014526367, -0.19458861649036407, 0.055465444922447205]
1.4321774372218397  ::  12.516529  ::  [3.2837347984313965, -0.19489672780036926, 0.05546589940786362]
1.432009777422057  ::  12.532452  ::  [3.2963058948516846, -0.19521033763885498, 0.055468566715717316]
1.432009777422057  ::  12.547994  ::  [3.3088765144348145, -0.19552360475063324, 0.05546991527080536]
1.4301871841307214  ::  12.562955  ::  [3.321437358856201, -0.19583788514137268, 0.055467501282691956]
1.4304253869780257  ::  12.57856  ::  [3.334014415740967, -0.19614826142787933, 0.05546567961573601]
1.4294524051864161  ::  12.594471  ::  [3.359156847000122, -0.1967776119709015, 0.05546453967690468]
1.4294524051864161  ::  12.609999  ::  [3.359156847000122, -0.1967776119709015, 0.05546453967690468]
1.4298576275032684  ::  12.625953  ::  [3.371723175048828, -0.19709214568138123, 0.05546458810567856]
1.4336890434625282  ::  12.64192  ::  [3.3842933177948, -0.19741004705429077, 0.055466484278440475]
1.4336890434625282  ::  12.657869  ::  [3.396860361099243, -0.19772352278232574, 0.055466048419475555]
1.440796175459044  ::  12.673798  ::  [3.4010541439056396, -0.1978287398815155, 0.055466193705797195]
1.440796175459044  ::  12.689755  ::  [3.409444808959961, -0.19804057478904724, 0.0554659441113472]
1.4412631896435435  ::  12.705713  ::  [3.4178121089935303, -0.1982521116733551, 0.05546699836850166]
1.441567559948432  ::  12.721369  ::  [3.4303805828094482, -0.19856737554073334, 0.05546700209379196]
1.441567559948432  ::  12.736795  ::  [3.442953109741211, -0.19888107478618622, 0.05546782165765762]
1.4404363098671489  ::  12.751754  ::  [3.455522060394287, -0.19919508695602417, 0.05546889454126358]
1.4392570350182639  ::  12.767377  ::  [3.468092679977417, -0.19951291382312775, 0.055468011647462845]
