1.4618772341671709  ::  0.016  ::  [-4.524879455566406, -4.063429150846787e-05, 0.05546611174941063]
1.4618772341671709  ::  0.031915  ::  [-4.524879455566406, -4.063356755068526e-05, 0.055466149002313614]
1.461897618012975  ::  0.047872  ::  [-4.5248799324035645, -4.062227162648924e-05, 0.055466074496507645]
1.519334813177728  ::  0.063862  ::  [-4.526042461395264, 5.1440052629914135e-05, 0.05751590058207512]
1.61634345635089  ::  0.079813  ::  [-4.518250942230225, -0.0002351292932871729, 0.05634178966283798]
1.614965999294369  ::  0.095783  ::  [-4.495876312255859, -0.0008595286053605378, 0.05705706402659416]
1.5299496741998682  ::  0.111741  ::  [-4.489457130432129, -0.0010618201922625303, 0.05598566681146622]
1.6437406257722806  ::  0.127299  ::  [-4.4750261306762695, -0.0014467317378148437, 0.05562197417020798]
1.64234139748778  ::  0.143256  ::  [-4.464836597442627, -0.0016460322076454759, 0.055576711893081665]
1.64234139748778  ::  0.159119  ::  [-4.455903053283691, -0.0018989309901371598, 0.055460598319768906]
1.619939017340373  ::  0.175076  ::  [-4.442867755889893, -0.0022755509708076715, 0.05546548217535019]
1.6171841032273306  ::  0.190621  ::  [-4.421918869018555, -0.002870683092623949, 0.05546692758798599]
1.6171841032273306  ::  0.206368  ::  [-4.421918869018555, -0.002870683092623949, 0.05546692758798599]
1.6167936085058763  ::  0.222325  ::  [-4.413536071777344, -0.003104802453890443, 0.05546630918979645]
1.6152640730186165  ::  0.238278  ::  [-4.400975704193115, -0.0034605476539582014, 0.05546339228749275]
1.6153487033313012  ::  0.25424  ::  [-4.39259147644043, -0.0036980609875172377, 0.05546753481030464]
1.6155775146684968  ::  0.27017  ::  [-4.388403415679932, -0.00381885701790452, 0.055466555058956146]
1.6180010578850876  ::  0.285154  ::  [-4.37584114074707, -0.0041709719225764275, 0.05546605959534645]
1.6180010578850876  ::  0.301112  ::  [-4.371649265289307, -0.004293588921427727, 0.05546656996011734]
1.6196351806440132  ::  0.316086  ::  [-4.359083652496338, -0.004649289883673191, 0.05546647682785988]
1.6199718876257536  ::  0.331923  ::  [-4.350700378417969, -0.004878685809671879, 0.055467210710048676]
1.6206067750534474  ::  0.34795  ::  [-4.342325210571289, -0.005115448497235775, 0.055468346923589706]
1.6206067750534474  ::  0.363866  ::  [-4.333945274353027, -0.00535671878606081, 0.05546901375055313]
1.6189301770556208  ::  0.379862  ::  [-4.3297529220581055, -0.00547412782907486, 0.05546999350190163]
1.6187242041634626  ::  0.395809  ::  [-4.31718111038208, -0.005830480717122555, 0.05546864494681358]
1.6187242041634626  ::  0.411451  ::  [-4.308808326721191, -0.006065403576940298, 0.05546976998448372]
1.6142823400471331  ::  0.426759  ::  [-4.296239852905273, -0.006422334350645542, 0.05546938255429268]
1.6138246106510363  ::  0.442715  ::  [-4.283670902252197, -0.006773860193789005, 0.055468469858169556]
1.6142016584375622  ::  0.457752  ::  [-4.27529764175415, -0.007010116241872311, 0.05546743422746658]
1.6142016584375622  ::  0.473737  ::  [-4.262722492218018, -0.007367594633251429, 0.05546819046139717]
1.615016265217792  ::  0.488697  ::  [-4.254342079162598, -0.007602740079164505, 0.05546799674630165]
1.6163154952639753  ::  0.504223  ::  [-4.24596643447876, -0.007838902063667774, 0.05546598136425018]
1.6183291204086598  ::  0.520155  ::  [-4.233399391174316, -0.008194414898753166, 0.05546729639172554]
1.6203504295161604  ::  0.536112  ::  [-4.225026607513428, -0.008431227877736092, 0.05546669661998749]
1.6199045462294055  ::  0.55207  ::  [-4.212455749511719, -0.008785340934991837, 0.055468447506427765]
1.6199045462294055  ::  0.568098  ::  [-4.19989013671875, -0.00914091244339943, 0.05546654015779495]
1.618733275508454  ::  0.584083  ::  [-4.191501617431641, -0.009376240894198418, 0.05546614155173302]
1.6167660743057848  ::  0.600036  ::  [-4.178938865661621, -0.009733187034726143, 0.05546854808926582]
1.6138122309331657  ::  0.614972  ::  [-4.1663594245910645, -0.010087245143949986, 0.055467698723077774]
1.6138122309331657  ::  0.630953  ::  [-4.153803825378418, -0.010443689301609993, 0.055465180426836014]
1.6129486388899823  ::  0.646912  ::  [-4.141232967376709, -0.010793128050863743, 0.055468641221523285]
1.6129486388899823  ::  0.662868  ::  [-4.13704776763916, -0.010911865159869194, 0.055467672646045685]
1.6132153364327302  ::  0.678316  ::  [-4.128666400909424, -0.011148660443723202, 0.055465806275606155]
1.6136996395335663  ::  0.6943  ::  [-4.120296955108643, -0.01138513907790184, 0.05546040087938309]
1.6173123827176799  ::  0.709794  ::  [-4.107720375061035, -0.01174209639430046, 0.055462758988142014]
1.6173123827176799  ::  0.725505  ::  [-4.095155715942383, -0.012094082310795784, 0.05546686798334122]
1.6187583551093128  ::  0.740468  ::  [-4.086773872375488, -0.012330854311585426, 0.05546541139483452]
1.6169620153575994  ::  0.756458  ::  [-4.074195861816406, -0.012687074020504951, 0.05546808987855911]
1.6169620153575994  ::  0.772417  ::  [-4.061637878417969, -0.013040721416473389, 0.05546679347753525]
1.6137492651267547  ::  0.788372  ::  [-4.049075603485107, -0.013393612578511238, 0.055469125509262085]
1.6137492651267547  ::  0.804333  ::  [-4.036502838134766, -0.013746052980422974, 0.05546988546848297]
1.6112661711983376  ::  0.820287  ::  [-4.0239362716674805, -0.014100228436291218, 0.055468834936618805]
1.6112661711983376  ::  0.836287  ::  [-4.011363506317139, -0.01446072943508625, 0.05546670779585838]
1.6146125370048208  ::  0.852126  ::  [-3.998798370361328, -0.014812004752457142, 0.055467598140239716]
1.6146125370048208  ::  0.867087  ::  [-3.986234188079834, -0.01516519021242857, 0.05546589940786362]
1.6161899905379764  ::  0.883022  ::  [-3.977846384048462, -0.015401391312479973, 0.05546709522604942]
1.6161899905379764  ::  0.898644  ::  [-3.97367000579834, -0.015519075095653534, 0.05546552687883377]
1.6174782282484643  ::  0.914609  ::  [-3.9611012935638428, -0.015866782516241074, 0.05546509101986885]
1.6177819582231183  ::  0.930573  ::  [-3.9569091796875, -0.01597990281879902, 0.055467527359724045]
1.6184014777251796  ::  0.946525  ::  [-3.9485321044921875, -0.016214706003665924, 0.055467039346694946]
1.6182883527170513  ::  0.962481  ::  [-3.9359593391418457, -0.01656237803399563, 0.05546916276216507]
1.617153687541183  ::  0.978462  ::  [-3.927577018737793, -0.016800347715616226, 0.055470023304224014]
1.613774985057848  ::  0.994425  ::  [-3.9149999618530273, -0.01715247891843319, 0.05546770244836807]
1.613774985057848  ::  1.010377  ::  [-3.9024405479431152, -0.017508257180452347, 0.05547016113996506]
1.6118105586195288  ::  1.02634  ::  [-3.889873743057251, -0.017861295491456985, 0.05546826869249344]
1.6118105586195288  ::  1.042297  ::  [-3.877300977706909, -0.018221478909254074, 0.05546905845403671]
1.606692932662191  ::  1.057256  ::  [-3.8689322471618652, -0.018460111692547798, 0.05546572431921959]
1.606692932662191  ::  1.073227  ::  [-3.856353759765625, -0.01882077381014824, 0.05546681210398674]
1.6081440276957013  ::  1.088168  ::  [-3.8437836170196533, -0.019170355051755905, 0.055465854704380035]
1.6100775048393439  ::  1.104163  ::  [-3.831212282180786, -0.01952446438372135, 0.05545935779809952]
1.6112574200184635  ::  1.12012  ::  [-3.8228495121002197, -0.01975904032588005, 0.055466752499341965]
1.6105186923710444  ::  1.136084  ::  [-3.81028151512146, -0.02011006511747837, 0.05546613782644272]
1.6105186923710444  ::  1.151554  ::  [-3.79770565032959, -0.020465854555368423, 0.05546914413571358]
1.611077060335693  ::  1.167506  ::  [-3.78932785987854, -0.020702026784420013, 0.05546914041042328]
1.6108139913309416  ::  1.183461  ::  [-3.7809503078460693, -0.020939454436302185, 0.055466774851083755]
1.608202404468764  ::  1.19874  ::  [-3.7725727558135986, -0.021176613867282867, 0.055467911064624786]
1.608202404468764  ::  1.214331  ::  [-3.760002374649048, -0.021523520350456238, 0.05546887218952179]
1.6075163973440008  ::  1.230306  ::  [-3.747436046600342, -0.021872688084840775, 0.055466875433921814]
1.608504106731008  ::  1.246246  ::  [-3.734856367111206, -0.02222655527293682, 0.055462904274463654]
1.610908119875441  ::  1.262203  ::  [-3.7264883518218994, -0.022469181567430496, 0.05546655133366585]
1.6135480947113567  ::  1.278136  ::  [-3.713923215866089, -0.02282082661986351, 0.05546562373638153]
1.6135480947113567  ::  1.293438  ::  [-3.701356887817383, -0.02317572757601738, 0.05546455457806587]
1.6201671883473336  ::  1.308559  ::  [-3.688781499862671, -0.023527175188064575, 0.05546824261546135]
1.619796864028272  ::  1.324496  ::  [-3.684591770172119, -0.02364398166537285, 0.055466897785663605]
1.618841704761528  ::  1.34048  ::  [-3.676217794418335, -0.023882772773504257, 0.0554681122303009]
1.618841704761528  ::  1.356431  ::  [-3.663646697998047, -0.024236086755990982, 0.05546893551945686]
1.6186004069847562  ::  1.372383  ::  [-3.6594395637512207, -0.02435464784502983, 0.05546923354268074]
1.6174447176328488  ::  1.387624  ::  [-3.6510825157165527, -0.024589845910668373, 0.05546700209379196]
1.614446371308919  ::  1.403582  ::  [-3.63850998878479, -0.024944216012954712, 0.0554690957069397]
1.613814472088987  ::  1.418577  ::  [-3.630117177963257, -0.02517516538500786, 0.05546311289072037]
1.6137750917795537  ::  1.433612  ::  [-3.617569923400879, -0.02553515136241913, 0.05546679347753525]
1.6150800847978493  ::  1.44957  ::  [-3.6091854572296143, -0.025766711682081223, 0.05546454340219498]
1.6150800847978493  ::  1.464564  ::  [-3.59661865234375, -0.02612517774105072, 0.055466700345277786]
1.6168926462488415  ::  1.480601  ::  [-3.5840566158294678, -0.02648349106311798, 0.05546179041266441]
1.618185046105855  ::  1.496523  ::  [-3.5756781101226807, -0.02671533264219761, 0.0554654560983181]
1.6201495792658798  ::  1.51255  ::  [-3.567289113998413, -0.026952242478728294, 0.0554630309343338]
1.6199327207597318  ::  1.52825  ::  [-3.5547194480895996, -0.027301043272018433, 0.05546404421329498]
1.6199327207597318  ::  1.543735  ::  [-3.5421600341796875, -0.02765411138534546, 0.05546872317790985]
1.6196871541147286  ::  1.559657  ::  [-3.5337765216827393, -0.027891352772712708, 0.05546848103404045]
1.619750013199434  ::  1.575772  ::  [-3.529594898223877, -0.028009211644530296, 0.05546783283352852]
1.6157417593736942  ::  1.591724  ::  [-3.5170249938964844, -0.02836010418832302, 0.0554649755358696]
1.6147210729796007  ::  1.607685  ::  [-3.496081829071045, -0.02896137535572052, 0.05546512082219124]
1.6147210729796007  ::  1.623741  ::  [-3.496081829071045, -0.02896137535572052, 0.05546512082219124]
1.6150418784271796  ::  1.638968  ::  [-3.483510971069336, -0.029318174347281456, 0.05546622723340988]
1.6150418784271796  ::  1.654925  ::  [-3.4709484577178955, -0.029671916738152504, 0.05546567961573601]
1.6164411067116802  ::  1.670585  ::  [-3.4583816528320312, -0.030030902475118637, 0.05546529218554497]
1.618938501348672  ::  1.686542  ::  [-3.445817708969116, -0.03039568103849888, 0.0554647222161293]
1.62002738291276  ::  1.701517  ::  [-3.4374356269836426, -0.03063460811972618, 0.05546218156814575]
1.62002738291276  ::  1.717338  ::  [-3.4290595054626465, -0.030875634402036667, 0.055465295910835266]
1.6199928050800867  ::  1.732701  ::  [-3.420685291290283, -0.0311138816177845, 0.05546295642852783]
1.6199928050800867  ::  1.74865  ::  [-3.4122936725616455, -0.03135041147470474, 0.0554666742682457]
1.6183790661669655  ::  1.764583  ::  [-3.4039268493652344, -0.03158969432115555, 0.05546797066926956]
1.617774274260302  ::  1.780582  ::  [-3.391350507736206, -0.031943485140800476, 0.05546775832772255]
1.6166297906875018  ::  1.795499  ::  [-3.3871660232543945, -0.032061927020549774, 0.05546889454126358]
1.6166297906875018  ::  1.810739  ::  [-3.3787808418273926, -0.03229556605219841, 0.055466894060373306]
1.6153719686631616  ::  1.82588  ::  [-3.3745956420898438, -0.032419152557849884, 0.05546870827674866]
1.6143578990148262  ::  1.841329  ::  [-3.3536453247070312, -0.033007919788360596, 0.05546364188194275]
1.6149829680455883  ::  1.857373  ::  [-3.3536453247070312, -0.033007919788360596, 0.05546364188194275]
1.6152452899983991  ::  1.87333  ::  [-3.341078758239746, -0.033363498747348785, 0.055467285215854645]
1.6152452899983991  ::  1.889361  ::  [-3.3368914127349854, -0.03348015621304512, 0.055464815348386765]
1.6165096220467918  ::  1.905436  ::  [-3.3285179138183594, -0.03372049704194069, 0.05546543002128601]
1.618363164632804  ::  1.921394  ::  [-3.3159523010253906, -0.034071341156959534, 0.05546025186777115]
1.613479045767716  ::  1.937321  ::  [-3.303377866744995, -0.034417349845170975, 0.05546482652425766]
1.6139151106575391  ::  1.952281  ::  [-3.2908167839050293, -0.034761570394039154, 0.05545879155397415]
1.6139151106575391  ::  1.967272  ::  [-3.282432794570923, -0.03499331325292587, 0.05546754226088524]
1.6137714632415572  ::  1.982648  ::  [-3.2782480716705322, -0.03511223942041397, 0.055466488003730774]
1.6096450684875174  ::  1.99861  ::  [-3.2656750679016113, -0.03546136990189552, 0.05546695739030838]
1.6081649451500346  ::  2.014561  ::  [-3.2573013305664062, -0.03569892793893814, 0.055465467274188995]
1.605600102394989  ::  2.029997  ::  [-3.253106117248535, -0.03581075742840767, 0.05546903237700462]
1.6047947804031621  ::  2.045227  ::  [-3.240539073944092, -0.0361684150993824, 0.05546511709690094]
1.6047947804031621  ::  2.061215  ::  [-3.232151746749878, -0.03640234097838402, 0.0554644912481308]
1.605553251566151  ::  2.076149  ::  [-3.21958589553833, -0.03675485774874687, 0.055467382073402405]
1.605553251566151  ::  2.092124  ::  [-3.2070202827453613, -0.03710857778787613, 0.05546613410115242]
1.606320900795837  ::  2.107126  ::  [-3.1986536979675293, -0.03734331205487251, 0.055464792996644974]
1.607300926220028  ::  2.122115  ::  [-3.1902761459350586, -0.037581637501716614, 0.05546318739652634]
1.6082986674473787  ::  2.138043  ::  [-3.1818933486938477, -0.037816110998392105, 0.05546470731496811]
1.6100744099098763  ::  2.153584  ::  [-3.169328212738037, -0.03816867992281914, 0.055464550852775574]
1.6104977749167113  ::  2.169536  ::  [-3.1609482765197754, -0.038409266620874405, 0.055467311292886734]
1.6104977749167113  ::  2.18537  ::  [-3.1483848094940186, -0.038762304931879044, 0.055466894060373306]
1.6083105135567204  ::  2.2006  ::  [-3.1358160972595215, -0.039114151149988174, 0.055466972291469574]
1.6083105135567204  ::  2.216551  ::  [-3.1274290084838867, -0.03935065120458603, 0.05546831339597702]
1.6114189966810166  ::  2.231754  ::  [-3.123241424560547, -0.039465077221393585, 0.05546515807509422]
1.6076780807282596  ::  2.247145  ::  [-3.114856004714966, -0.039703551679849625, 0.05546942353248596]
1.6076780807282596  ::  2.26252  ::  [-3.1022939682006836, -0.04005621001124382, 0.05546647682785988]
1.6065157746305938  ::  2.278477  ::  [-3.093914031982422, -0.0402962788939476, 0.05546475574374199]
1.6060628477112573  ::  2.294434  ::  [-3.085538148880005, -0.040529344230890274, 0.05546550825238228]
1.6068928224171197  ::  2.310434  ::  [-3.072972536087036, -0.0408836267888546, 0.05546414107084274]
1.6031256529247404  ::  2.326349  ::  [-3.0603995323181152, -0.04123401269316673, 0.055463340133428574]
1.6071984733824778  ::  2.342076  ::  [-3.0520071983337402, -0.04147159680724144, 0.0554630272090435]
1.6127833269677267  ::  2.357064  ::  [-3.0394463539123535, -0.04182508960366249, 0.05546284094452858]
1.6127833269677267  ::  2.373012  ::  [-3.026883125305176, -0.042176052927970886, 0.05546630173921585]
1.612617161271825  ::  2.388762  ::  [-3.0226943492889404, -0.04229268804192543, 0.05546748638153076]
1.612063915949054  ::  2.404691  ::  [-3.01432466506958, -0.042529020458459854, 0.05546626076102257]
1.6114148345344912  ::  2.420653  ::  [-3.0101327896118164, -0.04264814406633377, 0.055467113852500916]
1.6114148345344912  ::  2.435636  ::  [-3.00174880027771, -0.04288286715745926, 0.055468663573265076]
1.6059417185751954  ::  2.451597  ::  [-2.989180326461792, -0.04323851317167282, 0.05546247214078903]
1.6059417185751954  ::  2.466553  ::  [-2.980802059173584, -0.0434705913066864, 0.05546846240758896]
1.6042865716402308  ::  2.482511  ::  [-2.9682347774505615, -0.043816231191158295, 0.05546688288450241]
1.6041382284691947  ::  2.498445  ::  [-2.9556660652160645, -0.04417054355144501, 0.05546703189611435]
1.6046183694235054  ::  2.51416  ::  [-2.947279453277588, -0.04441069811582565, 0.05546494573354721]
1.6046183694235054  ::  2.53014  ::  [-2.9431004524230957, -0.04452599212527275, 0.05546462535858154]
1.6070622964859007  ::  2.545105  ::  [-2.92634654045105, -0.04499828442931175, 0.055465225130319595]
1.608272627351168  ::  2.561032  ::  [-2.92634654045105, -0.04499828442931175, 0.055465225130319595]
1.609314231199595  ::  2.576021  ::  [-2.917970895767212, -0.045231908559799194, 0.0554620698094368]
1.6104200815149023  ::  2.591976  ::  [-2.9095826148986816, -0.0454695001244545, 0.05546494573354721]
1.610524241899745  ::  2.606967  ::  [-2.897019624710083, -0.04582197219133377, 0.05546699836850166]
1.6089434799937101  ::  2.621896  ::  [-2.884446620941162, -0.04617389291524887, 0.05546846240758896]
1.608332711671523  ::  2.637853  ::  [-2.871882915496826, -0.04652325063943863, 0.0554661899805069]
1.6066004049432785  ::  2.652841  ::  [-2.850933790206909, -0.04711197689175606, 0.05546751245856285]
1.6066004049432785  ::  2.667796  ::  [-2.850933790206909, -0.04711197689175606, 0.05546751245856285]
1.6050550746435632  ::  2.683046  ::  [-2.8383684158325195, -0.04746398329734802, 0.055467572063207626]
1.6047041736749537  ::  2.698976  ::  [-2.829983711242676, -0.04770171269774437, 0.055468834936618805]
1.6055583742080284  ::  2.713936  ::  [-2.817422866821289, -0.04805523157119751, 0.05546412989497185]
1.607722370236159  ::  2.729921  ::  [-2.813236713409424, -0.04817173257470131, 0.05546492338180542]
1.6115675532954645  ::  2.744852  ::  [-2.804863691329956, -0.04840308800339699, 0.05546104535460472]
1.6115675532954645  ::  2.759813  ::  [-2.7922921180725098, -0.04876115173101425, 0.055465079843997955]
1.6148886260576774  ::  2.775945  ::  [-2.783909320831299, -0.04899341240525246, 0.05546242743730545]
1.6276752737924702  ::  2.791694  ::  [-2.771338939666748, -0.04933818057179451, 0.055466827005147934]
1.6274799730708902  ::  2.807652  ::  [-2.758772134780884, -0.049693476408720016, 0.055462975054979324]
1.6268047448384109  ::  2.823789  ::  [-2.7462029457092285, -0.050053685903549194, 0.05546332150697708]
1.6268047448384109  ::  2.839711  ::  [-2.7336325645446777, -0.050416991114616394, 0.055469363927841187]
1.6254268608950666  ::  2.855669  ::  [-2.7252538204193115, -0.05065591260790825, 0.05546874552965164]
1.623749729288711  ::  2.870949  ::  [-2.7126827239990234, -0.05101129785180092, 0.055469170212745667]
1.623187839507772  ::  2.886883  ::  [-2.700120210647583, -0.051367152482271194, 0.055466897785663605]
1.6231135612005478  ::  2.901842  ::  [-2.6875507831573486, -0.05172497406601906, 0.05546533316373825]
1.6231135612005478  ::  2.917831  ::  [-2.679172992706299, -0.05196544900536537, 0.05546396225690842]
1.6268587460215362  ::  2.933758  ::  [-2.6666080951690674, -0.05232187360525131, 0.055465392768383026]
1.6285199760937303  ::  2.949286  ::  [-2.65403413772583, -0.05267629399895668, 0.0554671511054039]
1.6285199760937303  ::  2.965266  ::  [-2.6414718627929688, -0.05303463339805603, 0.05546681955456734]
1.6297933794871147  ::  2.981201  ::  [-2.6330928802490234, -0.053273044526576996, 0.055467236787080765]
1.6297933794871147  ::  2.997158  ::  [-2.6205241680145264, -0.05362457409501076, 0.05546828359365463]
1.6290199672853165  ::  3.013115  ::  [-2.612144947052002, -0.05386366322636604, 0.0554640032351017]
1.6277698292237925  ::  3.029135  ::  [-2.5995724201202393, -0.05421973019838333, 0.055469486862421036]
1.624992076665713  ::  3.045092  ::  [-2.5869975090026855, -0.054576825350522995, 0.05546935275197029]
1.624992076665713  ::  3.061078  ::  [-2.5744380950927734, -0.05493011325597763, 0.05546187981963158]
1.624808942218592  ::  3.076013  ::  [-2.5660617351531982, -0.0551706962287426, 0.05546751990914345]
1.6256980407494572  ::  3.091967  ::  [-2.5534934997558594, -0.05552900955080986, 0.055467016994953156]
1.6256980407494572  ::  3.10695  ::  [-2.54512095451355, -0.055766742676496506, 0.05546462535858154]
1.6267332412955373  ::  3.122885  ::  [-2.5409293174743652, -0.05588512122631073, 0.05546430125832558]
1.6291874136416875  ::  3.138842  ::  [-2.52836012840271, -0.0562417134642601, 0.05546240136027336]
1.6291874136416875  ::  3.153802  ::  [-2.5241763591766357, -0.05636315420269966, 0.05546454340219498]
1.633870148647966  ::  3.169759  ::  [-2.515796661376953, -0.05659959465265274, 0.055465638637542725]
1.633870148647966  ::  3.185464  ::  [-2.5032260417938232, -0.056958623230457306, 0.05546683818101883]
1.6337926686895687  ::  3.201387  ::  [-2.494846820831299, -0.05719629302620888, 0.05546767637133598]
1.6324249233082735  ::  3.217381  ::  [-2.482273578643799, -0.05755483731627464, 0.05546775460243225]
1.6324249233082735  ::  3.23332  ::  [-2.478088140487671, -0.057672929018735886, 0.055468931794166565]
1.6314421231197322  ::  3.249258  ::  [-2.4697084426879883, -0.05791396647691727, 0.055465612560510635]
1.6231024621431467  ::  3.265217  ::  [-2.4613287448883057, -0.05814610421657562, 0.05546441674232483]
1.62261741199037  ::  3.281173  ::  [-2.452946186065674, -0.05837947502732277, 0.05546868219971657]
1.6219195587562651  ::  3.296314  ::  [-2.4487526416778564, -0.05849700793623924, 0.05546817183494568]
1.6218815658290069  ::  3.312278  ::  [-2.440377712249756, -0.058734286576509476, 0.05546564608812332]
1.6218815658290069  ::  3.32723  ::  [-2.4278125762939453, -0.059091877192258835, 0.05546693876385689]
1.6228466502143886  ::  3.34316  ::  [-2.4194281101226807, -0.059328459203243256, 0.05546492710709572]
1.6228466502143886  ::  3.359191  ::  [-2.4110589027404785, -0.05956364795565605, 0.055465225130319595]
1.6251539734933835  ::  3.374396  ::  [-2.402683734893799, -0.05980604141950607, 0.05546354502439499]
1.6263202282941631  ::  3.390431  ::  [-2.3901145458221436, -0.06015881150960922, 0.05546482652425766]
1.6263202282941631  ::  3.405356  ::  [-2.3817379474639893, -0.06039651483297348, 0.05546612665057182]
1.6274966216569922  ::  3.421313  ::  [-2.3775439262390137, -0.06051580607891083, 0.05546306446194649]
1.6271756027660014  ::  3.43727  ::  [-2.3649682998657227, -0.060870178043842316, 0.05546422302722931]
1.625527819628736  ::  3.453262  ::  [-2.3565993309020996, -0.06110977381467819, 0.055467672646045685]
1.625527819628736  ::  3.469185  ::  [-2.344024419784546, -0.06146588176488876, 0.055469535291194916]
1.6236268926053568  ::  3.485292  ::  [-2.3314621448516846, -0.06182383745908737, 0.05546598136425018]
1.6226207203632492  ::  3.500733  ::  [-2.323084831237793, -0.06205834448337555, 0.05546899139881134]
1.6208041034874374  ::  3.51669  ::  [-2.310513973236084, -0.06241638585925102, 0.05546853691339493]
1.6208041034874374  ::  3.532785  ::  [-2.302124500274658, -0.06265068054199219, 0.055465273559093475]
1.622208134248698  ::  3.548736  ::  [-2.2895617485046387, -0.0630103051662445, 0.0554642379283905]
1.622208134248698  ::  3.564377  ::  [-2.277005910873413, -0.06336487829685211, 0.05546591058373451]
1.6230662834848868  ::  3.58017  ::  [-2.2686235904693604, -0.06360502541065216, 0.055464036762714386]
1.6258712500779406  ::  3.596101  ::  [-2.2560646533966064, -0.06395748257637024, 0.05546388775110245]
1.6258712500779406  ::  3.611986  ::  [-2.2476892471313477, -0.06420066207647324, 0.05546172708272934]
1.6266229977734652  ::  3.627914  ::  [-2.2393035888671875, -0.0644359216094017, 0.05546644330024719]
1.6269347318760528  ::  3.643874  ::  [-2.2351157665252686, -0.06455284357070923, 0.05546770989894867]
1.6263011251088282  ::  3.660079  ::  [-2.2225499153137207, -0.06490982323884964, 0.055464163422584534]
1.6263011251088282  ::  3.675788  ::  [-2.2183563709259033, -0.06502849608659744, 0.05546898394823074]
1.625440414551701  ::  3.691744  ::  [-2.2099802494049072, -0.06526530534029007, 0.05546656996011734]
1.6222927645613827  ::  3.707704  ::  [-2.197406053543091, -0.06562488526105881, 0.05547022819519043]
1.6207602408663613  ::  3.72366  ::  [-2.184823989868164, -0.06597582995891571, 0.055465590208768845]
1.6207602408663613  ::  3.739617  ::  [-2.172264814376831, -0.06633360683917999, 0.05546976253390312]
1.6218035522620806  ::  3.755114  ::  [-2.159712553024292, -0.06669074296951294, 0.05546388402581215]
1.6234925299777778  ::  3.771106  ::  [-2.147142171859741, -0.0670464038848877, 0.055465392768383026]
1.6234925299777778  ::  3.787065  ::  [-2.134577512741089, -0.06740366667509079, 0.05546477809548378]
1.6245922971558557  ::  3.802182  ::  [-2.126194953918457, -0.06763893365859985, 0.055466100573539734]
1.6258818155268129  ::  3.818178  ::  [-2.1178135871887207, -0.06787648797035217, 0.05546720698475838]
1.6266265195897558  ::  3.833115  ::  [-2.1094326972961426, -0.06811553239822388, 0.055467117577791214]
1.6268766752681076  ::  3.8491  ::  [-2.101060390472412, -0.06835135817527771, 0.05546797066926956]
1.6263360231066188  ::  3.864261  ::  [-2.096860408782959, -0.06847138702869415, 0.05546191707253456]
1.6248439469380884  ::  3.87922  ::  [-2.0843112468719482, -0.06882847845554352, 0.05545979365706444]
1.6248439469380884  ::  3.895243  ::  [-2.0759243965148926, -0.06906362622976303, 0.05546962469816208]
1.6234048047356255  ::  3.911229  ::  [-2.0633554458618164, -0.06941933929920197, 0.055469341576099396]
1.6212629001005918  ::  3.927187  ::  [-2.0507919788360596, -0.06977689266204834, 0.05546755716204643]
1.6207204336701047  ::  3.943143  ::  [-2.038220167160034, -0.07013581693172455, 0.05546768754720688]
1.6217654526131167  ::  3.958077  ::  [-2.0256474018096924, -0.07049725949764252, 0.05546262115240097]
1.6230084403203533  ::  3.974106  ::  [-2.021467685699463, -0.07061481475830078, 0.05546485632658005]
1.6225639444157736  ::  3.989064  ::  [-2.013094663619995, -0.07085259258747101, 0.0554639957845211]
1.6225639444157736  ::  4.005047  ::  [-2.0005147457122803, -0.07120220363140106, 0.0554625578224659]
1.6267225691249592  ::  4.021002  ::  [-1.992146372795105, -0.07143431156873703, 0.05546439066529274]
1.6276168970194078  ::  4.037003  ::  [-1.9795801639556885, -0.07178718596696854, 0.055465299636125565]
1.627417540873008  ::  4.05303  ::  [-1.9669972658157349, -0.07214681059122086, 0.05546716973185539]
1.626365691740826  ::  4.069016  ::  [-1.958634614944458, -0.07238416373729706, 0.05546688288450241]
1.626365691740826  ::  4.084495  ::  [-1.9502496719360352, -0.07262100279331207, 0.05546879768371582]
1.6246321043521121  ::  4.100475  ::  [-1.9376665353775024, -0.07297644019126892, 0.05546867102384567]
1.6231468583727517  ::  4.116409  ::  [-1.9293043613433838, -0.07321807742118835, 0.05546749755740166]
1.620711042159996  ::  4.132402  ::  [-1.9167296886444092, -0.07357245683670044, 0.055469341576099396]
1.620711042159996  ::  4.148344  ::  [-1.9041657447814941, -0.07392159849405289, 0.05546393245458603]
1.6208737927613126  ::  4.164282  ::  [-1.8957874774932861, -0.07416529953479767, 0.05546315759420395]
1.6216839172298996  ::  4.180241  ::  [-1.88741135597229, -0.07439448684453964, 0.05546407029032707]
1.6231074780633183  ::  4.196231  ::  [-1.8790295124053955, -0.07462779432535172, 0.0554627999663353]
1.6231074780633183  ::  4.212154  ::  [-1.8748490810394287, -0.07473544031381607, 0.05545714870095253]
1.6239225117303713  ::  4.22811  ::  [-1.866464376449585, -0.07496987283229828, 0.055463310331106186]
1.6249978396378253  ::  4.24407  ::  [-1.8580933809280396, -0.07520565390586853, 0.055464617908000946]
1.6265262011863213  ::  4.260026  ::  [-1.8455274105072021, -0.07556184381246567, 0.055464647710323334]
1.6268600266820057  ::  4.274986  ::  [-1.8413348197937012, -0.07568348199129105, 0.05546700581908226]
1.627458095121205  ::  4.28997  ::  [-1.832953691482544, -0.0759221762418747, 0.0554664172232151]
1.627458095121205  ::  4.305939  ::  [-1.8245768547058105, -0.07615499943494797, 0.05546262860298157]
1.624669777114253  ::  4.321413  ::  [-1.8161871433258057, -0.07639265060424805, 0.05546898394823074]
1.6242548431221748  ::  4.337403  ::  [-1.8078176975250244, -0.07663056999444962, 0.0554683580994606]
1.623234156728081  ::  4.353328  ::  [-1.8036285638809204, -0.07674942165613174, 0.055468637496232986]
1.623234156728081  ::  4.368287  ::  [-1.7952444553375244, -0.0769878625869751, 0.05546940490603447]
1.6220823093575818  ::  4.384245  ::  [-1.7868571281433105, -0.07722616195678711, 0.05546904355287552]
1.6222747285931058  ::  4.39924  ::  [-1.7784937620162964, -0.0774649977684021, 0.055462490767240524]
1.6219145428360933  ::  4.414591  ::  [-1.7701032161712646, -0.07769760489463806, 0.055468712002038956]
1.62338495449835  ::  4.430602  ::  [-1.7659255266189575, -0.07781656086444855, 0.05546506866812706]
1.62338495449835  ::  4.446566  ::  [-1.7533549070358276, -0.07817516475915909, 0.05546541139483452]
1.6246975247577562  ::  4.46169  ::  [-1.740787148475647, -0.07852843403816223, 0.05546579137444496]
1.6258890726028061  ::  4.476678  ::  [-1.732398509979248, -0.07876617461442947, 0.055464036762714386]
1.6265652613306374  ::  4.492709  ::  [-1.7198470830917358, -0.07912862300872803, 0.05546370521187782]
1.6275036652895736  ::  4.508593  ::  [-1.7072802782058716, -0.07948382198810577, 0.05546659976243973]
1.62711188990765  ::  4.523718  ::  [-1.694709300994873, -0.07983727753162384, 0.055468492209911346]
1.6261285561105796  ::  4.539275  ::  [-1.6863197088241577, -0.08007259666919708, 0.05546609312295914]
1.6220199838814053  ::  4.554235  ::  [-1.6737568378448486, -0.08043172955513, 0.055469807237386703]
1.6214885097866139  ::  4.570221  ::  [-1.6611864566802979, -0.08078820258378983, 0.055470313876867294]
1.6214885097866139  ::  4.586288  ::  [-1.6528139114379883, -0.08102613687515259, 0.05546820908784866]
1.620673903006384  ::  4.601442  ::  [-1.640244483947754, -0.08138087391853333, 0.05546564981341362]
1.6220652338846568  ::  4.617484  ::  [-1.6318680047988892, -0.08161860704421997, 0.05546589940786362]
1.6220652338846568  ::  4.632481  ::  [-1.6192982196807861, -0.08197654783725739, 0.0554642453789711]
1.623505656747589  ::  4.648564  ::  [-1.6109323501586914, -0.08221660554409027, 0.055464278906583786]
1.6238097068873603  ::  4.66455  ::  [-1.5983593463897705, -0.08257007598876953, 0.055465202778577805]
1.624604356708609  ::  4.680575  ::  [-1.589982032775879, -0.08280710875988007, 0.05546383187174797]
1.6240743767176984  ::  4.69641  ::  [-1.5774133205413818, -0.08316502720117569, 0.055465783923864365]
1.6233198542578235  ::  4.71134  ::  [-1.5690330266952515, -0.08339911699295044, 0.0554688461124897]
1.6233198542578235  ::  4.727272  ::  [-1.5564686059951782, -0.08375707268714905, 0.05546589940786362]
1.6218303394102318  ::  4.742229  ::  [-1.543896198272705, -0.08411214500665665, 0.055469661951065063]
1.6196136228594453  ::  4.757338  ::  [-1.535513997077942, -0.08435104042291641, 0.05546971783041954]
1.6196136228594453  ::  4.77305  ::  [-1.5271391868591309, -0.08458691835403442, 0.05546893551945686]
1.6184029718290605  ::  4.788559  ::  [-1.5187580585479736, -0.0848224014043808, 0.05546858161687851]
1.6184029718290605  ::  4.804549  ::  [-1.5103856325149536, -0.08506138622760773, 0.055466748774051666]
1.619291003142868  ::  4.820473  ::  [-1.4978141784667969, -0.08541534841060638, 0.055466193705797195]
1.6219109142980968  ::  4.836431  ::  [-1.485238790512085, -0.0857749879360199, 0.055465761572122574]
1.6219109142980968  ::  4.852418  ::  [-1.476876974105835, -0.08601047843694687, 0.05546246096491814]
1.6246261279365883  ::  4.867347  ::  [-1.464310884475708, -0.08636736869812012, 0.05546443909406662]
1.6246261279365883  ::  4.88276  ::  [-1.4559303522109985, -0.08660297095775604, 0.05546564236283302]
1.6249387158128223  ::  4.898708  ::  [-1.4517390727996826, -0.08672132343053818, 0.055466968566179276]
1.6261058243872482  ::  4.91468  ::  [-1.4433605670928955, -0.0869559496641159, 0.055466778576374054]
1.6230433383181437  ::  4.930673  ::  [-1.4307944774627686, -0.08731754124164581, 0.05546820908784866]
1.6230433383181437  ::  4.946595  ::  [-1.418208122253418, -0.08767080307006836, 0.0554695799946785]
1.6211722933723833  ::  4.962552  ::  [-1.4056473970413208, -0.08802444487810135, 0.055469997227191925]
1.620182662994672  ::  4.978547  ::  [-1.397265911102295, -0.08826310187578201, 0.05547061562538147]
1.6187930396636918  ::  4.994504  ::  [-1.3847017288208008, -0.08862026035785675, 0.05546913295984268]
1.6187930396636918  ::  5.009631  ::  [-1.376326084136963, -0.08885789662599564, 0.05546645447611809]
1.6211623682537457  ::  5.024978  ::  [-1.3637592792510986, -0.08921138942241669, 0.05546467378735542]
1.623336716287337  ::  5.040932  ::  [-1.3511860370635986, -0.08956865966320038, 0.055463310331106186]
1.623336716287337  ::  5.056924  ::  [-1.3386189937591553, -0.08992649614810944, 0.05546059459447861]
1.6248438402163825  ::  5.072846  ::  [-1.3344407081604004, -0.09004051983356476, 0.05546284094452858]
1.6248438402163825  ::  5.088834  ::  [-1.3260588645935059, -0.09028269350528717, 0.055467355996370316]
1.6248669988265372  ::  5.104799  ::  [-1.313494086265564, -0.09063716977834702, 0.055467527359724045]
1.6248669988265372  ::  5.12079  ::  [-1.300919532775879, -0.09099337458610535, 0.05546882003545761]
1.6224120794284465  ::  5.136782  ::  [-1.2883455753326416, -0.09134642034769058, 0.055467985570430756]
1.6224120794284465  ::  5.152705  ::  [-1.2799770832061768, -0.09158492833375931, 0.05546894297003746]
1.6206776382660864  ::  5.168772  ::  [-1.2674009799957275, -0.0919417068362236, 0.05546887218952179]
1.6191379642167774  ::  5.183903  ::  [-1.2590317726135254, -0.09217715263366699, 0.055467505007982254]
1.6191379642167774  ::  5.199047  ::  [-1.2464553117752075, -0.09253569692373276, 0.05546807497739792]
1.6203586470875055  ::  5.214367  ::  [-1.2380852699279785, -0.09277340024709702, 0.05546630918979645]
1.6203586470875055  ::  5.229327  ::  [-1.2254992723464966, -0.09312866628170013, 0.05546502396464348]
1.6217690811511132  ::  5.244787  ::  [-1.2213269472122192, -0.09324638545513153, 0.05546573922038078]
1.6217690811511132  ::  5.260116  ::  [-1.2129464149475098, -0.09348203986883163, 0.055463142693042755]
1.6229502769907023  ::  5.275776  ::  [-1.2045763731002808, -0.09372014552354813, 0.055463287979364395]
1.62431770220688  ::  5.291733  ::  [-1.1920058727264404, -0.09407403320074081, 0.055456846952438354]
1.624221012341442  ::  5.307693  ::  [-1.179425835609436, -0.0944310799241066, 0.05546649917960167]
1.624221012341442  ::  5.323647  ::  [-1.1710560321807861, -0.09466768056154251, 0.05546877905726433]
1.62121210056864  ::  5.339604  ::  [-1.15848708152771, -0.09502315521240234, 0.055469103157520294]
1.6196430780502409  ::  5.354732  ::  [-1.1459187269210815, -0.09537984430789948, 0.05546881631016731]
1.618841171152999  ::  5.369661  ::  [-1.1333377361297607, -0.09573529660701752, 0.05547107011079788]
1.618841171152999  ::  5.385011  ::  [-1.1207669973373413, -0.09609150141477585, 0.055469442158937454]
1.6190250526520606  ::  5.400934  ::  [-1.1123977899551392, -0.09632819890975952, 0.05546858534216881]
1.6200616405803159  ::  5.416535  ::  [-1.0998320579528809, -0.09668640792369843, 0.05546600744128227]
1.6200616405803159  ::  5.432568  ::  [-1.0956463813781738, -0.09680590033531189, 0.05546634644269943]
1.6234845258498443  ::  5.448379  ::  [-1.083082914352417, -0.09716413915157318, 0.05546549707651138]
1.6234845258498443  ::  5.463951  ::  [-1.0747019052505493, -0.0974016934633255, 0.05546506494283676]
1.6242539893485286  ::  5.479884  ::  [-1.0621280670166016, -0.09775390475988388, 0.055464792996644974]
1.6247085170934517  ::  5.495865  ::  [-1.0495645999908447, -0.09811194986104965, 0.055468641221523285]
1.6233188937624714  ::  5.511866  ::  [-1.0411851406097412, -0.09834747016429901, 0.05546923726797104]
1.6233188937624714  ::  5.527234  ::  [-1.0286145210266113, -0.09870223701000214, 0.055469855666160583]
1.6213935274684683  ::  5.542902  ::  [-1.016039490699768, -0.09905955940485, 0.05546754226088524]
1.6186663609989291  ::  5.558151  ::  [-0.9909103512763977, -0.09977217018604279, 0.055467769503593445]
1.6186663609989291  ::  5.573518  ::  [-0.9909103512763977, -0.09977217018604279, 0.055467769503593445]
1.6189791623185745  ::  5.588754  ::  [-0.9783432483673096, -0.10012536495923996, 0.05546772852540016]
1.6199434996520157  ::  5.603714  ::  [-0.9657809734344482, -0.10048609972000122, 0.055463649332523346]
1.6199434996520157  ::  5.619672  ::  [-0.9573911428451538, -0.1007208600640297, 0.05546538904309273]
1.6224031148051608  ::  5.634799  ::  [-0.9448318481445312, -0.1010771319270134, 0.05546597018837929]
1.6237212345932674  ::  5.65075  ::  [-0.9322676658630371, -0.10143168270587921, 0.055465422570705414]
1.6235799350548128  ::  5.665722  ::  [-0.9238771200180054, -0.10167346149682999, 0.05546138435602188]
1.6234474934179381  ::  5.68183  ::  [-0.9113181829452515, -0.10202538222074509, 0.055468909442424774]
1.6234474934179381  ::  5.697752  ::  [-0.898745059967041, -0.10237943381071091, 0.05547025799751282]
1.622342496876277  ::  5.713733  ::  [-0.8903558254241943, -0.10261893272399902, 0.05546750873327255]
1.6203304725571792  ::  5.729667  ::  [-0.8778008818626404, -0.10297158360481262, 0.055469632148742676]
1.619020997227241  ::  5.74568  ::  [-0.8652288317680359, -0.10332684963941574, 0.05546988174319267]
1.6183581487126324  ::  5.76064  ::  [-0.8526577949523926, -0.10368554294109344, 0.05546928197145462]
1.6185045708929644  ::  5.776279  ::  [-0.8400912284851074, -0.10403952747583389, 0.05546804890036583]
1.6274816806181827  ::  5.791825  ::  [-0.8275237083435059, -0.1044037789106369, 0.05546325445175171]
1.6304580422707216  ::  5.807194  ::  [-0.8149545192718506, -0.10476593673229218, 0.05546483024954796]
1.6304580422707216  ::  5.822156  ::  [-0.8065831065177917, -0.1050010621547699, 0.05546591430902481]
1.631662503442171  ::  5.838115  ::  [-0.7940090894699097, -0.10535818338394165, 0.05546782538294792]
1.6319668737470596  ::  5.854041  ::  [-0.7898139357566833, -0.10547451674938202, 0.055463649332523346]
1.630825058216904  ::  5.870029  ::  [-0.7814412117004395, -0.10571476072072983, 0.055469222366809845]
1.630825058216904  ::  5.885982  ::  [-0.7688688039779663, -0.1060720831155777, 0.05547033250331879]
1.6274148728303635  ::  5.901951  ::  [-0.7562834620475769, -0.10642977803945541, 0.05546998232603073]
1.6274148728303635  ::  5.917899  ::  [-0.7437295317649841, -0.10678742825984955, 0.055471036583185196]
1.6258183161118729  ::  5.933828  ::  [-0.7353493571281433, -0.10702622681856155, 0.05546962842345238]
1.6258183161118729  ::  5.949812  ::  [-0.7269738912582397, -0.10726356506347656, 0.05546925589442253]
1.6256544982934984  ::  5.965769  ::  [-0.7185962200164795, -0.10750137269496918, 0.05546800419688225]
1.626234317321009  ::  5.980895  ::  [-0.7060278058052063, -0.10786151140928268, 0.05546654015779495]
1.628898517984137  ::  5.995881  ::  [-0.6934733390808105, -0.10821535438299179, 0.055464811623096466]
1.6306768217675736  ::  6.011812  ::  [-0.6850927472114563, -0.10845384001731873, 0.055464643985033035]
1.6306768217675736  ::  6.027776  ::  [-0.672526478767395, -0.10881362855434418, 0.05546567589044571]
1.631709354271009  ::  6.043733  ::  [-0.6599465608596802, -0.10916782915592194, 0.055466439574956894]
1.631686835991089  ::  6.058983  ::  [-0.6473774909973145, -0.10952914506196976, 0.055467817932367325]
1.6286954265780351  ::  6.07397  ::  [-0.6348192691802979, -0.10988286137580872, 0.05546892434358597]
1.6274830680003578  ::  6.089923  ::  [-0.6222389936447144, -0.11024127900600433, 0.05547155439853668]
1.6274830680003578  ::  6.105438  ::  [-0.6138580441474915, -0.11047953367233276, 0.05547105148434639]
1.6259152194207225  ::  6.121386  ::  [-0.6012817025184631, -0.11083828657865524, 0.05546917766332626]
1.6254889729278315  ::  6.137346  ::  [-0.5887284278869629, -0.1111944392323494, 0.05546829104423523]
1.6254889729278315  ::  6.153299  ::  [-0.5845333337783813, -0.11131246387958527, 0.055467814207077026]
1.6265064576707517  ::  6.169256  ::  [-0.5719773173332214, -0.11167040467262268, 0.05546605959534645]
1.6276551033900775  ::  6.185213  ::  [-0.5635915994644165, -0.11190985888242722, 0.05546703189611435]
1.6294405575278013  ::  6.201172  ::  [-0.5510320663452148, -0.11226733028888702, 0.055465973913669586]
1.6310365806377627  ::  6.217133  ::  [-0.5384695529937744, -0.11262273788452148, 0.05546499788761139]
1.6317816048658231  ::  6.233092  ::  [-0.5342729687690735, -0.11274409294128418, 0.0554676428437233]
1.6314297434018616  ::  6.249043  ::  [-0.5217007398605347, -0.11310015618801117, 0.05546804517507553]
1.6314297434018616  ::  6.265008  ::  [-0.5133191347122192, -0.11333832144737244, 0.055468201637268066]
1.6307262339173503  ::  6.280956  ::  [-0.504941463470459, -0.11357736587524414, 0.05547074228525162]
1.6296234785315105  ::  6.296499  ::  [-0.49654942750930786, -0.11381549388170242, 0.055468518286943436]
1.6266584293797846  ::  6.312439  ::  [-0.48399868607521057, -0.11417236179113388, 0.05546976253390312]
1.6266584293797846  ::  6.3284  ::  [-0.47561290860176086, -0.11441105604171753, 0.05547086149454117]
1.6262487247512896  ::  6.344355  ::  [-0.4714282751083374, -0.11453133821487427, 0.055469103157520294]
1.6255729629102815  ::  6.360313  ::  [-0.463047593832016, -0.11476973444223404, 0.05546912923455238]
1.6255212028829775  ::  6.376306  ::  [-0.4504867494106293, -0.11512629687786102, 0.055466968566179276]
1.6281748380972332  ::  6.391483  ::  [-0.4253539741039276, -0.11583840101957321, 0.055465515702962875]
1.63018334060004  ::  6.406494  ::  [-0.4253539741039276, -0.11583840101957321, 0.055465515702962875]
1.63018334060004  ::  6.421429  ::  [-0.4127858579158783, -0.11619794368743896, 0.055466264486312866]
1.631405624296355  ::  6.436785  ::  [-0.40021973848342896, -0.11655478179454803, 0.055466823279857635]
1.6317698654781871  ::  6.452715  ::  [-0.39183300733566284, -0.1167929545044899, 0.05546554550528526]
1.6312745700416553  ::  6.468678  ::  [-0.3792652487754822, -0.11715130507946014, 0.05547017604112625]
1.629866483855575  ::  6.484638  ::  [-0.3666948974132538, -0.1175067201256752, 0.05547093600034714]
1.6311171555256276  ::  6.500103  ::  [-0.35412806272506714, -0.1178659051656723, 0.055471185594797134]
1.6311171555256276  ::  6.516058  ::  [-0.3457466661930084, -0.11810451745986938, 0.0554712750017643]
1.6299682963628903  ::  6.532015  ::  [-0.33318954706192017, -0.11846558749675751, 0.055466100573539734]
1.6298499419911787  ::  6.547988  ::  [-0.3289969861507416, -0.11858166754245758, 0.055466387420892715]
1.6298587998927587  ::  6.563953  ::  [-0.31642889976501465, -0.11893965303897858, 0.05546772852540016]
1.6324327139927957  ::  6.579909  ::  [-0.3038673996925354, -0.11929930746555328, 0.055465441197156906]
1.6324327139927957  ::  6.595866  ::  [-0.2954789400100708, -0.11953620612621307, 0.05546382814645767]
1.6331259781935519  ::  6.610991  ::  [-0.2913026213645935, -0.11965950578451157, 0.05546339601278305]
1.6352637206820602  ::  6.62595  ::  [-0.28291791677474976, -0.11990009248256683, 0.05546180531382561]
1.6360403345350318  ::  6.641392  ::  [-0.2745456397533417, -0.12013564258813858, 0.055466365069150925]
1.6360403345350318  ::  6.657348  ::  [-0.2661641240119934, -0.12037897855043411, 0.055466748774051666]
1.636362527364786  ::  6.673357  ::  [-0.257785826921463, -0.12061163783073425, 0.05546536669135094]
1.633895014805413  ::  6.689314  ::  [-0.23264180123806, -0.12132873386144638, 0.05547063797712326]
1.6328496756972837  ::  6.705248  ::  [-0.23264180123806, -0.12132873386144638, 0.05547063797712326]
1.6328496756972837  ::  6.721212  ::  [-0.22426283359527588, -0.12156759202480316, 0.05547022819519043]
1.630323466199731  ::  6.737139  ::  [-0.211676687002182, -0.12192714959383011, 0.05546944588422775]
1.6301697869434058  ::  6.753118  ::  [-0.19912825524806976, -0.12228596210479736, 0.05546897277235985]
1.6304939007638641  ::  6.769072  ::  [-0.19493433833122253, -0.12240464985370636, 0.05546824634075165]
1.6304939007638641  ::  6.784569  ::  [-0.18656383454799652, -0.1226433664560318, 0.05546708032488823]
1.6310616602386214  ::  6.800599  ::  [-0.17818337678909302, -0.12288522720336914, 0.05546685308218002]
1.632743167434914  ::  6.816579  ::  [-0.16562165319919586, -0.12324174493551254, 0.055465783923864365]
1.6362059666224045  ::  6.832537  ::  [-0.1404854655265808, -0.12395870685577393, 0.0554627925157547]
1.6367130014465723  ::  6.847473  ::  [-0.12791942059993744, -0.12431548535823822, 0.055467188358306885]
1.6367130014465723  ::  6.862488  ::  [-0.12791942059993744, -0.12431548535823822, 0.055467188358306885]
1.6364572962395199  ::  6.878284  ::  [-0.119532510638237, -0.12455528229475021, 0.05546927452087402]
1.634407812601693  ::  6.894246  ::  [-0.10695540904998779, -0.12491841614246368, 0.05546615645289421]
1.634407812601693  ::  6.910179  ::  [-0.09859032183885574, -0.12515363097190857, 0.05546576529741287]
1.6305538783625133  ::  6.926145  ::  [-0.0860106348991394, -0.12550871074199677, 0.055465321987867355]
1.6304372315380942  ::  6.942097  ::  [-0.07345442473888397, -0.12587182223796844, 0.05546847730875015]
1.6304372315380942  ::  6.957081  ::  [-0.06507869064807892, -0.12610876560211182, 0.05546670779585838]
1.6304259190372812  ::  6.972043  ::  [-0.05669901520013809, -0.1263476461172104, 0.05546678602695465]
1.6304259190372812  ::  6.987319  ::  [-0.052508704364299774, -0.1264624446630478, 0.055461738258600235]
1.641168952828065  ::  7.003301  ::  [-0.03992854431271553, -0.12682586908340454, 0.05546322837471962]
1.643019720649727  ::  7.019257  ::  [-0.03575054183602333, -0.1269412487745285, 0.05546378716826439]
1.6439857655304606  ::  7.035242  ::  [-0.027363713830709457, -0.1271832287311554, 0.055466946214437485]
1.6455304554999413  ::  7.051151  ::  [-0.014802224934101105, -0.12754270434379578, 0.055466316640377045]
1.646886674937012  ::  7.067126  ::  [-0.0064240568317472935, -0.12778495252132416, 0.055466536432504654]
1.6469803765946882  ::  7.083093  ::  [0.006144902668893337, -0.12814339995384216, 0.055467940866947174]
1.6462506135705546  ::  7.099021  ::  [0.010339002124965191, -0.12826475501060486, 0.05546939745545387]
1.6453204271829636  ::  7.115002  ::  [0.0187132116407156, -0.1285046935081482, 0.05546874180436134]
1.6453204271829636  ::  7.130964  ::  [0.027103358879685402, -0.1287459135055542, 0.05546963959932327]
1.6438453197656522  ::  7.14695  ::  [0.03547209873795509, -0.12898337841033936, 0.05546899884939194]
1.641991243571111  ::  7.162879  ::  [0.04803856089711189, -0.12935207784175873, 0.05546785891056061]
1.6408544439611272  ::  7.178892  ::  [0.06060676649212837, -0.12971124053001404, 0.055461883544921875]
1.64040482541467  ::  7.194849  ::  [0.06899000704288483, -0.12995637953281403, 0.05546761676669121]
1.6395538265327687  ::  7.210909  ::  [0.08153095096349716, -0.1302960366010666, 0.05544225126504898]
1.6391058088118982  ::  7.226487  ::  [0.09411896765232086, -0.13067802786827087, 0.05546419322490692]
1.6392598082333407  ::  7.242581  ::  [0.1066773384809494, -0.13103201985359192, 0.055457450449466705]
1.6415071539136865  ::  7.258511  ::  [0.1192496120929718, -0.13139715790748596, 0.055463533848524094]
1.6414862364593534  ::  7.274468  ::  [0.13181644678115845, -0.13175903260707855, 0.05546676367521286]
1.640474621410251  ::  7.290455  ::  [0.14019562304019928, -0.13199736177921295, 0.05546768009662628]
1.640474621410251  ::  7.306411  ::  [0.15277233719825745, -0.13235916197299957, 0.05546828359365463]
1.6452607697494317  ::  7.322402  ::  [0.1653449535369873, -0.13271889090538025, 0.05546523258090019]
1.650725881580794  ::  7.338358  ::  [0.1778337061405182, -0.13313345611095428, 0.05540948733687401]
1.650725881580794  ::  7.353319  ::  [0.19045646488666534, -0.13344332575798035, 0.055461518466472626]
1.6445295126214172  ::  7.369239  ::  [0.20303252339363098, -0.13380292057991028, 0.055463146418333054]
1.6448912992040163  ::  7.38462  ::  [0.21140407025814056, -0.13403955101966858, 0.05546165257692337]
1.6459952285286195  ::  7.400542  ::  [0.22397321462631226, -0.13440679013729095, 0.05546533316373825]
1.6479801455344487  ::  7.416471  ::  [0.23654527962207794, -0.13476751744747162, 0.055466122925281525]
1.6495260094426931  ::  7.432436  ::  [0.24910883605480194, -0.13513730466365814, 0.055463023483753204]
1.6508529871323796  ::  7.448391  ::  [0.26168790459632874, -0.1354907751083374, 0.055463939905166626]
1.6502159652705701  ::  7.464348  ::  [0.27005669474601746, -0.13573051989078522, 0.05546819418668747]
1.6502159652705701  ::  7.480305  ::  [0.28263020515441895, -0.13609269261360168, 0.05546947568655014]
1.6488572912342665  ::  7.496263  ::  [0.29519256949424744, -0.13644947111606598, 0.055467914789915085]
1.6469617002961763  ::  7.51222  ::  [0.3077833354473114, -0.13681605458259583, 0.05546901375055313]
1.6456564938344693  ::  7.52781  ::  [0.31614363193511963, -0.13705676794052124, 0.05546879023313522]
1.6444901323119838  ::  7.543778  ::  [0.3245239555835724, -0.13729730248451233, 0.05546824261546135]
1.6452847821332324  ::  7.559736  ::  [0.3328954577445984, -0.1375385969877243, 0.055466484278440475]
1.646457440236359  ::  7.575718  ::  [0.3454626798629761, -0.1379028558731079, 0.055465880781412125]
1.648519090148645  ::  7.591378  ::  [0.3580247461795807, -0.13826130330562592, 0.05546360835433006]
1.6501128721027851  ::  7.607334  ::  [0.3831665515899658, -0.1389913260936737, 0.05546429008245468]
1.6501128721027851  ::  7.62331  ::  [0.3831665515899658, -0.1389913260936737, 0.05546429008245468]
1.649089410944341  ::  7.639275  ::  [0.3957473337650299, -0.13935083150863647, 0.055464476346969604]
1.6492102199152858  ::  7.65523  ::  [0.40411248803138733, -0.1395890712738037, 0.05546789616346359]
1.6481160022659085  ::  7.670646  ::  [0.41668957471847534, -0.13995078206062317, 0.05547019839286804]
1.6462299095596329  ::  7.686603  ::  [0.4292568564414978, -0.14030832052230835, 0.05546968802809715]
1.6452689873207769  ::  7.70257  ::  [0.4376398026943207, -0.14054901897907257, 0.055469684302806854]
1.6452689873207769  ::  7.718518  ::  [0.4502149820327759, -0.1409037858247757, 0.055465467274188995]
1.6451347314149036  ::  7.734471  ::  [0.46277254819869995, -0.14126546680927277, 0.05546793341636658]
1.64690417729676  ::  7.750432  ::  [0.4753406345844269, -0.1416279375553131, 0.05546610802412033]
1.64690417729676  ::  7.766114  ::  [0.48790624737739563, -0.14199383556842804, 0.05546481907367706]
1.6487821591533964  ::  7.781739  ::  [0.5004675388336182, -0.14235661923885345, 0.055464811623096466]
1.6508261999842284  ::  7.797655  ::  [0.5130326747894287, -0.14271800220012665, 0.05546451359987259]
1.6514266163009548  ::  7.813613  ::  [0.5214284658432007, -0.14295707643032074, 0.05546509847044945]
1.6516538268125636  ::  7.829594  ::  [0.5339784026145935, -0.14331842958927155, 0.05546685308218002]
1.649310645040426  ::  7.845526  ::  [0.5465548038482666, -0.1436828374862671, 0.055469147861003876]
1.649310645040426  ::  7.861509  ::  [0.5591269135475159, -0.14404144883155823, 0.05546993762254715]
1.6458222326435479  ::  7.877441  ::  [0.5716989636421204, -0.14440901577472687, 0.0554700531065464]
1.6458222326435479  ::  7.8929  ::  [0.584266185760498, -0.14477041363716125, 0.05546927824616432]
1.6451583169118815  ::  7.908359  ::  [0.5968316793441772, -0.1451321840286255, 0.05546721816062927]
1.6456215958366787  ::  7.923377  ::  [0.6052165031433105, -0.1453743427991867, 0.05546489730477333]
1.6467433476861475  ::  7.939334  ::  [0.6177845001220703, -0.1457349807024002, 0.055460404604673386]
1.6490346627092751  ::  7.955294  ::  [0.6303326487541199, -0.146093487739563, 0.05546131730079651]
1.6490011520936598  ::  7.971245  ::  [0.6345281004905701, -0.1462169587612152, 0.055460959672927856]
1.651781039085855  ::  7.987201  ::  [0.647087812423706, -0.14658159017562866, 0.0554623045027256]
1.651950513154636  ::  8.003178  ::  [0.6596603393554688, -0.14694133400917053, 0.05546342581510544]
1.6498876893035863  ::  8.018336  ::  [0.6680400371551514, -0.1471831053495407, 0.05546620488166809]
1.6498876893035863  ::  8.033239  ::  [0.6722383499145508, -0.14730249345302582, 0.05546776205301285]
1.6478133395083123  ::  8.0492  ::  [0.6806167960166931, -0.1475416123867035, 0.05546988919377327]
1.6478133395083123  ::  8.065153  ::  [0.6889967918395996, -0.14778189361095428, 0.05546984821557999]
1.6466778205587977  ::  8.081086  ::  [0.6973780393600464, -0.1480228304862976, 0.05547010898590088]
1.6439237602194017  ::  8.097099  ::  [0.7099398374557495, -0.1483829766511917, 0.05546877533197403]
1.6438589801439922  ::  8.11303  ::  [0.7225103378295898, -0.14874660968780518, 0.05546749383211136]
1.6438589801439922  ::  8.128978  ::  [0.7308967709541321, -0.1489855796098709, 0.05546588823199272]
1.6443878929178453  ::  8.144944  ::  [0.7392630577087402, -0.14922970533370972, 0.05546507611870766]
1.6466397209098338  ::  8.160872  ::  [0.7476398944854736, -0.14946694672107697, 0.0554647371172905]
1.6485250665641689  ::  8.176854  ::  [0.7602086663246155, -0.14983144402503967, 0.055464986711740494]
1.6485250665641689  ::  8.192635  ::  [0.7727784514427185, -0.1501968950033188, 0.055463291704654694]
1.6498432930739813  ::  8.20857  ::  [0.7853460311889648, -0.15055088698863983, 0.05546395108103752]
1.649249706946425  ::  8.224526  ::  [0.7979123592376709, -0.15091077983379364, 0.05546676367521286]
1.649249706946425  ::  8.239693  ::  [0.8062991499900818, -0.15115351974964142, 0.05546841025352478]
1.6460864755870628  ::  8.255676  ::  [0.8188652992248535, -0.15151505172252655, 0.055470000952482224]
1.6460864755870628  ::  8.270646  ::  [0.8314386606216431, -0.15187619626522064, 0.0554705485701561]
1.6444405067187955  ::  8.286603  ::  [0.8440006375312805, -0.1522374004125595, 0.05546892434358597]
1.6436796876782795  ::  8.302549  ::  [0.85237717628479, -0.15247592329978943, 0.055466003715991974]
1.6446079530751665  ::  8.318482  ::  [0.8691325783729553, -0.1529626101255417, 0.055465832352638245]
1.6446079530751665  ::  8.33448  ::  [0.8775157928466797, -0.153204545378685, 0.05546547472476959]
1.6470658606810191  ::  8.350436  ::  [0.8900976181030273, -0.15356376767158508, 0.055464841425418854]
1.6470658606810191  ::  8.366393  ::  [0.9026471972465515, -0.15392149984836578, 0.055465612560510635]
1.6485687157418334  ::  8.381602  ::  [0.9152110815048218, -0.15428566932678223, 0.05546541139483452]
1.6490393584643297  ::  8.397518  ::  [0.9277802109718323, -0.1546439826488495, 0.05546634644269943]
1.648319307115422  ::  8.412478  ::  [0.9403542280197144, -0.15500690042972565, 0.055467911064624786]
1.6477450376166123  ::  8.42846  ::  [0.9445405602455139, -0.15512679517269135, 0.055468250066041946]
1.6466026884779277  ::  8.444416  ::  [0.9529292583465576, -0.155366912484169, 0.05546976998448372]
1.643235085051994  ::  8.459381  ::  [0.9655035734176636, -0.15572790801525116, 0.05546931177377701]
1.643235085051994  ::  8.475334  ::  [0.9780634641647339, -0.15608833730220795, 0.055469054728746414]
1.643605622814467  ::  8.491269  ::  [0.9864380359649658, -0.15633068978786469, 0.055467069149017334]
1.651387556156639  ::  8.507249  ::  [0.9990004897117615, -0.15669038891792297, 0.055461663752794266]
1.6534557160929775  ::  8.52324  ::  [1.0073862075805664, -0.15693266689777374, 0.055462855845689774]
1.6594296770175057  ::  8.539189  ::  [1.0157653093338013, -0.15717454254627228, 0.0554623045027256]
1.6594296770175057  ::  8.555149  ::  [1.0283440351486206, -0.15754204988479614, 0.0554656945168972]
1.6601260361477297  ::  8.57113  ::  [1.032529592514038, -0.15766434371471405, 0.05546654015779495]
1.6615212090074105  ::  8.586917  ::  [1.0450985431671143, -0.15802821516990662, 0.05546640604734421]
1.6617113870871132  ::  8.602865  ::  [1.0534685850143433, -0.15827150642871857, 0.055466193705797195]
1.6615656052370156  ::  8.617827  ::  [1.0660314559936523, -0.15863333642482758, 0.05546237900853157]
1.6629701696068053  ::  8.632811  ::  [1.0744179487228394, -0.15888433158397675, 0.05546466261148453]
1.6594509146369563  ::  8.648664  ::  [1.0828063488006592, -0.15912768244743347, 0.05546394735574722]
1.6574788042358208  ::  8.664621  ::  [1.0911847352981567, -0.159367635846138, 0.05546824261546135]
1.6556463925475533  ::  8.679997  ::  [1.1037534475326538, -0.15973497927188873, 0.05546858534216881]
1.6547191943677242  ::  8.695907  ::  [1.1163179874420166, -0.1600978672504425, 0.05546708405017853]
1.6544419313761038  ::  8.711863  ::  [1.1288843154907227, -0.16045573353767395, 0.055461421608924866]
1.6544419313761038  ::  8.727793  ::  [1.137265920639038, -0.16070185601711273, 0.05546526238322258]
1.6568298295429638  ::  8.743238  ::  [1.1456565856933594, -0.16094757616519928, 0.05546523258090019]
1.6582969328323414  ::  8.759274  ::  [1.1540241241455078, -0.1611895114183426, 0.05546638369560242]
1.6582969328323414  ::  8.775228  ::  [1.1665760278701782, -0.1615513414144516, 0.05545875430107117]
1.6625136141494723  ::  8.791161  ::  [1.1707683801651, -0.16167069971561432, 0.05546223744750023]
1.6639600134279282  ::  8.807145  ::  [1.183337926864624, -0.16203823685646057, 0.0554644800722599]
1.6620347538556308  ::  8.823105  ::  [1.1917227506637573, -0.162278413772583, 0.05546390265226364]
1.6620347538556308  ::  8.839175  ::  [1.2000986337661743, -0.162519633769989, 0.05546482652425766]
1.6580643862354436  ::  8.855132  ::  [1.2084814310073853, -0.1627657115459442, 0.05546713247895241]
1.6580643862354436  ::  8.871089  ::  [1.221059799194336, -0.16313444077968597, 0.05546699836850166]
1.6553485322667174  ::  8.887026  ::  [1.2336266040802002, -0.16349531710147858, 0.05546742305159569]
1.6558778719273932  ::  8.902401  ::  [1.2420014142990112, -0.16372790932655334, 0.055464163422584534]
1.6558778719273932  ::  8.918359  ::  [1.250378131866455, -0.16397468745708466, 0.05546044185757637]
1.6560409426938274  ::  8.934314  ::  [1.2587783336639404, -0.16421839594841003, 0.05546601116657257]
1.6560409426938274  ::  8.950272  ::  [1.2671456336975098, -0.16446112096309662, 0.055466800928115845]
1.6566525647896608  ::  8.966229  ::  [1.2713340520858765, -0.1645778864622116, 0.0554666593670845]
1.6577521185243271  ::  8.982185  ::  [1.2797138690948486, -0.1648194044828415, 0.05546638369560242]
1.6595814352831268  ::  8.998142  ::  [1.2839010953903198, -0.16494104266166687, 0.05546630173921585]
1.661486844618149  ::  9.014204  ::  [1.2922807931900024, -0.16518370807170868, 0.05546615272760391]
1.662299423685969  ::  9.030184  ::  [1.3048471212387085, -0.16554813086986542, 0.05546698346734047]
1.662299423685969  ::  9.046139  ::  [1.3174147605895996, -0.16591255366802216, 0.055467620491981506]
1.6622219437275716  ::  9.062098  ::  [1.3257896900177002, -0.16615483164787292, 0.055467668920755386]
1.6616815050094944  ::  9.078054  ::  [1.3341639041900635, -0.16639716923236847, 0.05546610802412033]
1.6609912290164999  ::  9.094012  ::  [1.338354229927063, -0.1665123999118805, 0.05546523630619049]
1.6604032991393498  ::  9.109969  ::  [1.3467395305633545, -0.166754350066185, 0.05546528846025467]
1.6596552867035277  ::  9.125927  ::  [1.3509283065795898, -0.16687558591365814, 0.05546831339597702]
1.6570698466592664  ::  9.141883  ::  [1.3593116998672485, -0.16711455583572388, 0.05546920746564865]
1.6566201213911034  ::  9.157421  ::  [1.3760615587234497, -0.16760140657424927, 0.05546695366501808]
1.6558897180367351  ::  9.173518  ::  [1.3760615587234497, -0.16760140657424927, 0.05546695366501808]
1.6558897180367351  ::  9.189599  ::  [1.384437084197998, -0.16783830523490906, 0.05545995384454727]
1.652985820422422  ::  9.205519  ::  [1.3970184326171875, -0.16820694506168365, 0.055467389523983]
1.652985820422422  ::  9.220782  ::  [1.4095858335494995, -0.16857044398784637, 0.055466730147600174]
1.6548866407240952  ::  9.236731  ::  [1.4221527576446533, -0.16893383860588074, 0.05546679347753525]
1.6564319710238107  ::  9.251708  ::  [1.4347206354141235, -0.169296994805336, 0.05546698346734047]
1.6596598757368763  ::  9.267653  ::  [1.447277307510376, -0.16965773701667786, 0.05546466261148453]
1.6617155492336386  ::  9.283583  ::  [1.4598641395568848, -0.1700163036584854, 0.0554676279425621]
1.6651597788443233  ::  9.299567  ::  [1.468228816986084, -0.1702532023191452, 0.05546630546450615]
1.6651597788443233  ::  9.315498  ::  [1.4808058738708496, -0.17062042653560638, 0.055466942489147186]
1.6638775175493592  ::  9.331494  ::  [1.4933726787567139, -0.17097829282283783, 0.05546394735574722]
1.6637785865280998  ::  9.347412  ::  [1.4975652694702148, -0.17109712958335876, 0.0554649643599987]
1.6628440245505716  ::  9.363397  ::  [1.505942463874817, -0.17134667932987213, 0.05546189844608307]
1.6662236875292586  ::  9.378535  ::  [1.5185177326202393, -0.17171426117420197, 0.055464889854192734]
1.6677253686513094  ::  9.393685  ::  [1.5310989618301392, -0.17207518219947815, 0.05546592175960541]
1.6677253686513094  ::  9.409643  ::  [1.5436545610427856, -0.17244131863117218, 0.0554664209485054]
1.6693426293807214  ::  9.425606  ::  [1.5562217235565186, -0.1728077381849289, 0.05546616017818451]
1.6715176177445474  ::  9.44076  ::  [1.5813571214675903, -0.17353977262973785, 0.055467672646045685]
1.6715176177445474  ::  9.456747  ::  [1.5813571214675903, -0.17353977262973785, 0.055467672646045685]
1.6711761082860468  ::  9.471705  ::  [1.5939151048660278, -0.1739025115966797, 0.05546603351831436]
1.6688038982099367  ::  9.486688  ::  [1.6022982597351074, -0.17415006458759308, 0.0554666668176651]
1.6688038982099367  ::  9.502622  ::  [1.6148661375045776, -0.17451009154319763, 0.05546553060412407]
1.6673888751129804  ::  9.518579  ::  [1.6232428550720215, -0.1747584193944931, 0.05546605959534645]
1.6659418355042899  ::  9.534533  ::  [1.6358184814453125, -0.175126314163208, 0.05546608939766884]
1.6650322464059144  ::  9.550409  ::  [1.648390531539917, -0.17548970878124237, 0.055468134582042694]
1.6653413124658576  ::  9.566366  ::  [1.6609582901000977, -0.1758548468351364, 0.055467575788497925]
1.6664767246936665  ::  9.582324  ::  [1.673524022102356, -0.1762206256389618, 0.05546637624502182]
1.6677886546228378  ::  9.598279  ::  [1.6819019317626953, -0.17646527290344238, 0.0554661750793457]
1.668836981938729  ::  9.614208  ::  [1.6902787685394287, -0.17670917510986328, 0.055465880781412125]
1.6703295917157883  ::  9.630186  ::  [1.7028475999832153, -0.1770753115415573, 0.05546675994992256]
1.670569928997208  ::  9.646159  ::  [1.7154171466827393, -0.17744070291519165, 0.05546834319829941]
1.670569928997208  ::  9.662105  ::  [1.7237908840179443, -0.1776803880929947, 0.055464956909418106]
1.6700642815552156  ::  9.678067  ::  [1.727980375289917, -0.1778029352426529, 0.055464908480644226]
1.6700642815552156  ::  9.693025  ::  [1.732161283493042, -0.1779264509677887, 0.055461861193180084]
1.6670854653034437  ::  9.708985  ::  [1.7447348833084106, -0.1782875508069992, 0.05546462908387184]
1.6660782258442786  ::  9.724912  ::  [1.7489293813705444, -0.17840880155563354, 0.05546850711107254]
1.6649372640877689  ::  9.74087  ::  [1.7698771953582764, -0.17901839315891266, 0.05546826496720314]
1.6649372640877689  ::  9.756416  ::  [1.7698771953582764, -0.17901839315891266, 0.05546826496720314]
1.664481669125788  ::  9.772369  ::  [1.7824479341506958, -0.17938339710235596, 0.05546772852540016]
1.6664820607789554  ::  9.788363  ::  [1.7950164079666138, -0.17974993586540222, 0.05546710640192032]
1.6687723085850255  ::  9.804323  ::  [1.8075824975967407, -0.1801159381866455, 0.055466558784246445]
1.6700134820232637  ::  9.820284  ::  [1.8201484680175781, -0.1804824322462082, 0.055466242134571075]
1.6707426047171625  ::  9.836234  ::  [1.8285269737243652, -0.18072612583637238, 0.055466827005147934]
1.6707426047171625  ::  9.852197  ::  [1.8369057178497314, -0.18097023665905, 0.05546734482049942]
1.6707036512945523  ::  9.867156  ::  [1.8410944938659668, -0.18109209835529327, 0.05546734854578972]
1.669899503241489  ::  9.883109  ::  [1.8536685705184937, -0.18145893514156342, 0.055466994643211365]
1.669899503241489  ::  9.898093  ::  [1.8662335872650146, -0.1818229854106903, 0.055461302399635315]
1.6698304542978484  ::  9.913032  ::  [1.8787916898727417, -0.18218807876110077, 0.05546357110142708]
1.6698002520551123  ::  9.928473  ::  [1.8913613557815552, -0.18255724012851715, 0.05546350032091141]
1.6685443510214761  ::  9.94443  ::  [1.8997489213943481, -0.18280042707920074, 0.0554671473801136]
1.6685443510214761  ::  9.960387  ::  [1.9123201370239258, -0.18316812813282013, 0.055467456579208374]
1.6688673976248767  ::  9.976271  ::  [1.9248881340026855, -0.18353542685508728, 0.05546700209379196]
1.6725836608635982  ::  9.992228  ::  [1.9500197172164917, -0.18426968157291412, 0.05546625331044197]
1.6735401007908115  ::  10.007279  ::  [1.9500197172164917, -0.18426968157291412, 0.05546625331044197]
1.6735401007908115  ::  10.022231  ::  [1.9583983421325684, -0.18451377749443054, 0.0554666742682457]
1.6747215100738122  ::  10.038353  ::  [1.9709665775299072, -0.18488050997257233, 0.05546783655881882]
1.6748872488828908  ::  10.054333  ::  [1.9793397188186646, -0.1851242035627365, 0.055464006960392]
1.6747429611366744  ::  10.070267  ::  [1.9877281188964844, -0.18536394834518433, 0.055460475385189056]
1.673487166824744  ::  10.086225  ::  [2.000288724899292, -0.1857394278049469, 0.05546557903289795]
1.668379892872867  ::  10.102229  ::  [2.0086724758148193, -0.185983344912529, 0.05546701326966286]
1.6669548379355672  ::  10.118174  ::  [2.0212440490722656, -0.18635042011737823, 0.05546892061829567]
1.6669548379355672  ::  10.134137  ::  [2.025426149368286, -0.18647010624408722, 0.05546014383435249]
1.6656739640227782  ::  10.14962  ::  [2.03800368309021, -0.1868351846933365, 0.05546226352453232]
1.6657778042425038  ::  10.16558  ::  [2.0463783740997314, -0.18708208203315735, 0.05546655133366585]
1.6659691562609698  ::  10.181554  ::  [2.0505685806274414, -0.18720407783985138, 0.055467188358306885]
1.6679796864761864  ::  10.19673  ::  [2.0631368160247803, -0.1875709891319275, 0.055466316640377045]
1.6698988629112543  ::  10.212687  ::  [2.0715243816375732, -0.1878158152103424, 0.05546317994594574]
1.6711218936595098  ::  10.227689  ::  [2.084078550338745, -0.18818166851997375, 0.05546531826257706]
1.672091140191417  ::  10.243647  ::  [2.096646785736084, -0.18854837119579315, 0.055466428399086]
1.6723152557735579  ::  10.259694  ::  [2.109217643737793, -0.188913956284523, 0.055468179285526276]
1.6723152557735579  ::  10.275532  ::  [2.1175973415374756, -0.18915927410125732, 0.05546509474515915]
1.6749307913388496  ::  10.291513  ::  [2.1301558017730713, -0.1895236074924469, 0.0554661862552166]
1.673602426266988  ::  10.307446  ::  [2.155294418334961, -0.19025488197803497, 0.05545716732740402]
1.6718613683588694  ::  10.323431  ::  [2.155294418334961, -0.19025488197803497, 0.05545716732740402]
1.6718613683588694  ::  10.339366  ::  [2.1678667068481445, -0.1906263381242752, 0.055460963398218155]
1.673041283537989  ::  10.354807  ::  [2.1804311275482178, -0.19099119305610657, 0.055461470037698746]
1.673041283537989  ::  10.370407  ::  [2.1930079460144043, -0.19136208295822144, 0.055466700345277786]
1.6782842007779144  ::  10.386394  ::  [2.2055745124816895, -0.19173036515712738, 0.05546599254012108]
1.6782842007779144  ::  10.402351  ::  [2.218142032623291, -0.19209828972816467, 0.055465806275606155]
1.6794901560532447  ::  10.418283  ::  [2.22652268409729, -0.19234439730644226, 0.05546656996011734]
1.680201029335455  ::  10.434243  ::  [2.239084482192993, -0.1927129477262497, 0.055466461926698685]
1.6800221637565653  ::  10.450206  ::  [2.2474660873413086, -0.19295784831047058, 0.055467620491981506]
1.6794307120631244  ::  10.46616  ::  [2.2558445930480957, -0.19320175051689148, 0.05546785518527031]
1.677554864640604  ::  10.48211  ::  [2.268415927886963, -0.1935690939426422, 0.055468086153268814]
1.677554864640604  ::  10.498072  ::  [2.2725980281829834, -0.19369088113307953, 0.055466439574956894]
1.6760843462566413  ::  10.514058  ::  [2.2851619720458984, -0.19405817985534668, 0.0554618313908577]
1.675686060850665  ::  10.529373  ::  [2.29355525970459, -0.19430585205554962, 0.055463239550590515]
1.6752990879455014  ::  10.54533  ::  [2.3103158473968506, -0.19479617476463318, 0.05546751245856285]
1.6769180562222061  ::  10.561288  ::  [2.3186862468719482, -0.1950441598892212, 0.055466145277023315]
1.6780871925090417  ::  10.577244  ::  [2.331256628036499, -0.19541114568710327, 0.05546625703573227]
1.6780871925090417  ::  10.593096  ::  [2.339641571044922, -0.19565685093402863, 0.05546494573354721]
1.6793122509697072  ::  10.608488  ::  [2.348010540008545, -0.19590289890766144, 0.0554654523730278]
1.6809413578084609  ::  10.623448  ::  [2.3605802059173584, -0.19627037644386292, 0.05546625703573227]
1.6809997345815233  ::  10.639407  ::  [2.373155117034912, -0.1966387927532196, 0.05546702817082405]
1.6840166504822591  ::  10.65495  ::  [2.385714292526245, -0.1970078945159912, 0.05546793341636658]
1.684544069152231  ::  10.670928  ::  [2.3982737064361572, -0.19737374782562256, 0.05546380206942558]
1.6782610421677597  ::  10.686884  ::  [2.406658411026001, -0.19762137532234192, 0.05546582490205765]
1.6733393572622366  ::  10.702842  ::  [2.4192287921905518, -0.19797201454639435, 0.05546533688902855]
1.6733393572622366  ::  10.718799  ::  [2.4317939281463623, -0.19834598898887634, 0.055461909621953964]
1.6739684817178184  ::  10.734033  ::  [2.44018816947937, -0.19858944416046143, 0.05546750873327255]
1.6739684817178184  ::  10.749976  ::  [2.4527506828308105, -0.19895784556865692, 0.05546637624502182]
1.6763326876659947  ::  10.764945  ::  [2.465318202972412, -0.19932642579078674, 0.05546636879444122]
1.6763326876659947  ::  10.780645  ::  [2.4736971855163574, -0.1995716542005539, 0.05546651780605316]
1.6778197479143535  ::  10.7966  ::  [2.4862632751464844, -0.19993939995765686, 0.055466245859861374]
1.678876186079884  ::  10.812568  ::  [2.4988319873809814, -0.2003065049648285, 0.055466942489147186]
1.678876186079884  ::  10.827894  ::  [2.5114095211029053, -0.20067638158798218, 0.0554657019674778]
1.6785759779215208  ::  10.843842  ::  [2.5197763442993164, -0.20092153549194336, 0.05546801537275314]
1.6776402420052292  ::  10.859824  ::  [2.528153657913208, -0.20116262137889862, 0.05546218529343605]
1.6762771923789885  ::  10.875759  ::  [2.536529779434204, -0.2014075219631195, 0.05546758696436882]
1.6743254658236573  ::  10.891716  ::  [2.5490965843200684, -0.20177529752254486, 0.05546101555228233]
1.6740434003552769  ::  10.907673  ::  [2.5700483322143555, -0.202402725815773, 0.055464647710323334]
1.6740434003552769  ::  10.923653  ::  [2.5700483322143555, -0.202402725815773, 0.055464647710323334]
1.6747984564236806  ::  10.939721  ::  [2.5826194286346436, -0.2027691751718521, 0.05546676367521286]
1.6762654529913525  ::  10.954871  ::  [2.595186948776245, -0.20313724875450134, 0.0554659366607666]
1.678000641205653  ::  10.969831  ::  [2.6077544689178467, -0.2035047709941864, 0.05546605587005615]
1.6800971891157297  ::  10.993715  ::  [2.6287007331848145, -0.2041182965040207, 0.05546681582927704]
1.6803106325272925  ::  11.001694  ::  [2.6370797157287598, -0.20436406135559082, 0.05546796694397926]
1.6803106325272925  ::  11.017652  ::  [2.6370797157287598, -0.20436406135559082, 0.05546796694397926]
1.6798590929901311  ::  11.033046  ::  [2.6454601287841797, -0.20460835099220276, 0.05546864494681358]
1.67925323386641  ::  11.049004  ::  [2.653836488723755, -0.20485511422157288, 0.05546820908784866]
1.677915690727851  ::  11.064968  ::  [2.666407585144043, -0.20522166788578033, 0.055468909442424774]
1.6757736793711115  ::  11.080896  ::  [2.6789603233337402, -0.20559066534042358, 0.05546059086918831]
1.6744729552210473  ::  11.096898  ::  [2.687350034713745, -0.20583495497703552, 0.0554656907916069]
1.67441393811775  ::  11.112836  ::  [2.695746898651123, -0.20608076453208923, 0.05546692758798599]
1.67441393811775  ::  11.128822  ::  [2.7041115760803223, -0.20632654428482056, 0.055467668920755386]
1.674904324355816  ::  11.144779  ::  [2.7166781425476074, -0.20669445395469666, 0.05546648055315018]
1.6764737737610378  ::  11.159985  ::  [2.7292447090148926, -0.20706263184547424, 0.05546575039625168]
1.678430836401658  ::  11.174839  ::  [2.741809129714966, -0.2074316442012787, 0.05546483397483826]
1.6795733989837542  ::  11.190039  ::  [2.7501888275146484, -0.2076767385005951, 0.05546613410115242]
1.6800429744891927  ::  11.205276  ::  [2.7627575397491455, -0.20804475247859955, 0.05546709895133972]
1.679092510977503  ::  11.22125  ::  [2.775322675704956, -0.2084079086780548, 0.05546649545431137]
1.6781581624433866  ::  11.237196  ::  [2.7962770462036133, -0.20902493596076965, 0.05546750873327255]
1.6781581624433866  ::  11.253152  ::  [2.7962770462036133, -0.20902493596076965, 0.05546750873327255]
1.6753991929055245  ::  11.26911  ::  [2.8046534061431885, -0.20927143096923828, 0.055468663573265076]
1.6743257859887746  ::  11.285091  ::  [2.8130288124084473, -0.20951297879219055, 0.055464353412389755]
1.6743257859887746  ::  11.300998  ::  [2.8256099224090576, -0.20988385379314423, 0.055467478930950165]
1.6746464847146478  ::  11.316989  ::  [2.8381705284118652, -0.21025201678276062, 0.055467378348112106]
1.6746464847146478  ::  11.332963  ::  [2.842362642288208, -0.21037456393241882, 0.05546659976243973]
1.6753893745085926  ::  11.348897  ::  [2.850738763809204, -0.21062014997005463, 0.0554666705429554]
1.6707668305443748  ::  11.364854  ::  [2.8591158390045166, -0.21086394786834717, 0.05545856058597565]
1.6707668305443748  ::  11.379979  ::  [2.8674964904785156, -0.21111047267913818, 0.05546501651406288]
1.6722950853711651  ::  11.395278  ::  [2.8800666332244873, -0.211475670337677, 0.055466510355472565]
1.6736510913648244  ::  11.411276  ::  [2.892636299133301, -0.21184282004833221, 0.05546628683805466]
1.6738629339508004  ::  11.427577  ::  [2.9051942825317383, -0.2122073471546173, 0.055466048419475555]
1.6754695225096343  ::  11.443547  ::  [2.9177675247192383, -0.21257299184799194, 0.05546703189611435]
1.674648405705352  ::  11.459531  ::  [2.930335521697998, -0.21293501555919647, 0.055467087775468826]
1.6714927515871003  ::  11.47444  ::  [2.942904472351074, -0.21329814195632935, 0.05546531826257706]
1.6706702474006427  ::  11.490419  ::  [2.9512829780578613, -0.21354347467422485, 0.05546404421329498]
1.6710773907081988  ::  11.506379  ::  [2.9638588428497314, -0.2139108031988144, 0.05546749383211136]
1.6710773907081988  ::  11.522338  ::  [2.976428270339966, -0.21427850425243378, 0.05546700209379196]
1.673089201583885  ::  11.538289  ::  [2.9806160926818848, -0.2144012302160263, 0.055466048419475555]
1.673089201583885  ::  11.553821  ::  [2.9931821823120117, -0.21476852893829346, 0.05546543002128601]
1.673797726988568  ::  11.569805  ::  [2.9973695278167725, -0.21489128470420837, 0.055465418845415115]
1.6749951445274358  ::  11.585843  ::  [3.0057380199432373, -0.2151344269514084, 0.055458344519138336]
1.675836431734111  ::  11.601801  ::  [3.0183169841766357, -0.21550266444683075, 0.05546378344297409]
1.6763129441504252  ::  11.617757  ::  [3.0308847427368164, -0.2158704400062561, 0.05546760559082031]
1.6738296367785968  ::  11.633695  ::  [3.043445110321045, -0.21623659133911133, 0.055465273559093475]
1.6738296367785968  ::  11.648655  ::  [3.0560169219970703, -0.21660113334655762, 0.05546676367521286]
1.6724653064918866  ::  11.663612  ::  [3.06439471244812, -0.21684630215168, 0.0554654486477375]
1.6719795092871694  ::  11.679158  ::  [3.0685853958129883, -0.2169714868068695, 0.055466558784246445]
1.672738620780393  ::  11.694479  ::  [3.0811548233032227, -0.21733760833740234, 0.055466990917921066]
1.672738620780393  ::  11.710067  ::  [3.0937271118164062, -0.21770182251930237, 0.05546727776527405]
1.6726519627552985  ::  11.725996  ::  [3.102105140686035, -0.21794772148132324, 0.05546734482049942]
1.6736641114129296  ::  11.741978  ::  [3.1146678924560547, -0.21831873059272766, 0.05546429753303528]
1.6774648982426301  ::  11.757437  ::  [3.1398072242736816, -0.21905644237995148, 0.055465810000896454]
1.6774648982426301  ::  11.773393  ::  [3.1398072242736816, -0.21905644237995148, 0.055465810000896454]
1.679082692580571  ::  11.788732  ::  [3.152376890182495, -0.21942369639873505, 0.05546387657523155]
1.679082692580571  ::  11.804691  ::  [3.1607515811920166, -0.21966852247714996, 0.05546724423766136]
1.668328026123857  ::  11.820616  ::  [3.1733105182647705, -0.2200375348329544, 0.05546232685446739]
1.668328026123857  ::  11.8366  ::  [3.1858861446380615, -0.22039084136486053, 0.0554584339261055]
1.6663507930808443  ::  11.852565  ::  [3.1984643936157227, -0.22075867652893066, 0.05546838417649269]
1.664752101928238  ::  11.868516  ::  [3.206836700439453, -0.2210174947977066, 0.055461328476667404]
1.664752101928238  ::  11.884474  ::  [3.219407320022583, -0.22137579321861267, 0.05546548217535019]
1.6647738731562176  ::  11.900435  ::  [3.2319772243499756, -0.22174452245235443, 0.05546630173921585]
1.6656065159047244  ::  11.916391  ::  [3.2445459365844727, -0.22211308777332306, 0.05546494200825691]
1.669109869340412  ::  11.932352  ::  [3.257114887237549, -0.22247491776943207, 0.055465180426836014]
1.669109869340412  ::  11.948302  ::  [3.2696897983551025, -0.22284317016601562, 0.05546563118696213]
1.6705474107172882  ::  11.964259  ::  [3.2822425365448, -0.22320768237113953, 0.05546623468399048]
1.6702533924178604  ::  11.980216  ::  [3.290623426437378, -0.22345253825187683, 0.055467404425144196]
1.6694791264424158  ::  11.996175  ::  [3.303187608718872, -0.2238142043352127, 0.05546502768993378]
1.6694791264424158  ::  12.012135  ::  [3.315758228302002, -0.22418269515037537, 0.05546274036169052]
1.6677981528546524  ::  12.027088  ::  [3.324139356613159, -0.22442947328090668, 0.055465392768383026]
1.6666164234065344  ::  12.042746  ::  [3.332521438598633, -0.22467248141765594, 0.055465810000896454]
1.6647174173738593  ::  12.0587  ::  [3.3450777530670166, -0.2250341922044754, 0.055459849536418915]
1.6723649880884521  ::  12.074635  ::  [3.3576550483703613, -0.22539828717708588, 0.05546192824840546]
1.6739136267610466  ::  12.090599  ::  [3.366041660308838, -0.22564594447612762, 0.05546388775110245]
1.673778730524939  ::  12.106571  ::  [3.3786137104034424, -0.2260119765996933, 0.055460356175899506]
1.6773822956423554  ::  12.121535  ::  [3.391181468963623, -0.2263849377632141, 0.055465977638959885]
1.6773822956423554  ::  12.137465  ::  [3.4037439823150635, -0.2267565280199051, 0.05546506866812706]
1.6787392621313664  ::  12.153451  ::  [3.4079442024230957, -0.22687530517578125, 0.05546536669135094]
1.6787392621313664  ::  12.168408  ::  [3.416311502456665, -0.22712230682373047, 0.05546630918979645]
1.6792864243169079  ::  12.183536  ::  [3.4288766384124756, -0.227488175034523, 0.0554630383849144]
1.6814531951093887  ::  12.199494  ::  [3.437260150909424, -0.22773361206054688, 0.05546397715806961]
1.6789701011809717  ::  12.215452  ::  [3.449831247329712, -0.22809724509716034, 0.055468134582042694]
1.6789701011809717  ::  12.230738  ::  [3.462393045425415, -0.22845524549484253, 0.0554644875228405]
1.6685747667076238  ::  12.246611  ::  [3.4749674797058105, -0.22882603108882904, 0.05546731501817703]
