1.457003253864132  ::  0.015003  ::  [-4.524991989135742, -3.096733780694194e-05, 0.05546603724360466]
1.4572985528240294  ::  0.031066  ::  [-4.524993419647217, -3.068270598305389e-05, 0.055465929210186005]
1.5104144793999854  ::  0.046023  ::  [-4.524993419647217, -3.090210884693079e-05, 0.05546573922038078]
1.5104144793999854  ::  0.062045  ::  [-4.525125980377197, 4.708392225438729e-05, 0.056708913296461105]
1.3748766323970756  ::  0.077977  ::  [-4.5106120109558105, -0.0003511414397507906, 0.05569597706198692]
1.3663352673965632  ::  0.093961  ::  [-4.496068954467773, -0.0005171475349925458, 0.056926071643829346]
1.3663352673965632  ::  0.109912  ::  [-4.48609733581543, -0.0006244058022275567, 0.0561138391494751]
1.364676491923602  ::  0.125874  ::  [-4.481326580047607, -0.0007449685363098979, 0.05600716173648834]
1.250696856375368  ::  0.14183  ::  [-4.469062328338623, -0.0010229506297037005, 0.0562252439558506]
1.2666088492639704  ::  0.157783  ::  [-4.456552982330322, -0.0012796001974493265, 0.05563725158572197]
1.2666088492639704  ::  0.173745  ::  [-4.442507743835449, -0.0015914810355752707, 0.055464647710323334]
1.2658264724388868  ::  0.189703  ::  [-4.429964065551758, -0.0018742462852969766, 0.05546990782022476]
1.2639158337402814  ::  0.205632  ::  [-4.417391777038574, -0.002147994702681899, 0.055469948798418045]
1.2641507282147064  ::  0.221208  ::  [-4.404825210571289, -0.0024289232678711414, 0.05546538904309273]
1.2642224452009916  ::  0.237166  ::  [-4.396444797515869, -0.0026161312125623226, 0.05546673387289047]
1.2642224452009916  ::  0.258107  ::  [-4.392254829406738, -0.0027028194162994623, 0.05546495318412781]
1.264568436971135  ::  0.269078  ::  [-4.392254829406738, -0.0027028194162994623, 0.05546495318412781]
1.264568436971135  ::  0.284701  ::  [-4.388067722320557, -0.002800079993903637, 0.05546701326966286]
1.2660217731604668  ::  0.300265  ::  [-4.379690170288086, -0.0029860218055546284, 0.05546625331044197]
1.2690217203099834  ::  0.315225  ::  [-4.371310234069824, -0.0031677011866122484, 0.05546589940786362]
1.2702119874945639  ::  0.330199  ::  [-4.358743667602539, -0.003453808603808284, 0.05546637624502182]
1.2700138052869276  ::  0.346235  ::  [-4.3461713790893555, -0.003731053788214922, 0.05546785145998001]
1.2699710098829093  ::  0.361194  ::  [-4.337790489196777, -0.003917946945875883, 0.05546826869249344]
1.2696359037267555  ::  0.377645  ::  [-4.329407691955566, -0.004102014936506748, 0.055469121783971786]
1.2696359037267555  ::  0.393162  ::  [-4.325225830078125, -0.004194534383714199, 0.05546838417649269]
1.2670975279547438  ::  0.409418  ::  [-4.316838264465332, -0.004379736725240946, 0.0554700568318367]
1.2653359794791152  ::  0.425379  ::  [-4.304269790649414, -0.004657209850847721, 0.05546733736991882]
1.2653359794791152  ::  0.441339  ::  [-4.291698455810547, -0.004930010065436363, 0.05546955391764641]
1.2644777235212208  ::  0.457331  ::  [-4.287508010864258, -0.005022762343287468, 0.05546943098306656]
1.2644777235212208  ::  0.472993  ::  [-4.279127597808838, -0.005211569834500551, 0.05546822398900986]
1.264146032459652  ::  0.488414  ::  [-4.266550064086914, -0.00548567995429039, 0.05546654015779495]
1.2658388521567574  ::  0.503354  ::  [-4.253983974456787, -0.005767842289060354, 0.05546443909406662]
1.267527082820514  ::  0.519312  ::  [-4.245614528656006, -0.0059523312374949455, 0.05546608194708824]
1.2692734768139218  ::  0.535297  ::  [-4.23305082321167, -0.00622988399118185, 0.055465251207351685]
1.2702561702807573  ::  0.551251  ::  [-4.2204766273498535, -0.006511040031909943, 0.055464524775743484]
1.2702561702807573  ::  0.567211  ::  [-4.207898139953613, -0.006785067729651928, 0.05546886846423149]
1.2697317398185473  ::  0.582182  ::  [-4.195335388183594, -0.007064654491841793, 0.05546855926513672]
1.2666412926625281  ::  0.598128  ::  [-4.182757377624512, -0.007342069409787655, 0.055468980222940445]
1.2666412926625281  ::  0.613087  ::  [-4.1701860427856445, -0.0076172673143446445, 0.05546394735574722]
1.2676018947362668  ::  0.629043  ::  [-4.161807537078857, -0.007807373069226742, 0.055468685925006866]
1.2667031912518814  ::  0.644972  ::  [-4.1492390632629395, -0.008087240159511566, 0.05546828731894493]
1.2667031912518814  ::  0.66093  ::  [-4.136663436889648, -0.008368438109755516, 0.05546865984797478]
1.2675826848292262  ::  0.676928  ::  [-4.124098777770996, -0.008648611605167389, 0.05546671897172928]
1.269301651344248  ::  0.692871  ::  [-4.1115336418151855, -0.008925053291022778, 0.05546555668115616]
1.270468333031851  ::  0.708801  ::  [-4.107338905334473, -0.009015234187245369, 0.055462539196014404]
1.2723408720814922  ::  0.724786  ::  [-4.098959922790527, -0.009202348068356514, 0.055466894060373306]
1.2723408720814922  ::  0.740744  ::  [-4.090571880340576, -0.009388276375830173, 0.055467452853918076]
1.2759957703393894  ::  0.756706  ::  [-4.082197666168213, -0.009570769034326077, 0.05546823516488075]
1.2753126447006824  ::  0.771894  ::  [-4.061241149902344, -0.010036619380116463, 0.05547048896551132]
1.2753126447006824  ::  0.786853  ::  [-4.061241149902344, -0.010036619380116463, 0.05547048896551132]
1.2739237684216427  ::  0.802833  ::  [-4.061241149902344, -0.010036619380116463, 0.05547048896551132]
1.2739237684216427  ::  0.818827  ::  [-4.052868366241455, -0.010223058052361012, 0.05546910688281059]
1.2735245225203142  ::  0.833803  ::  [-4.04867696762085, -0.010316606611013412, 0.055469851940870285]
1.2715309610563168  ::  0.84974  ::  [-4.036106586456299, -0.01059325598180294, 0.055469490587711334]
1.2694889479378946  ::  0.865697  ::  [-4.027725696563721, -0.010779403150081635, 0.05546944588422775]
1.2692047480353985  ::  0.881653  ::  [-4.0151495933532715, -0.011057598516345024, 0.05546923726797104]
1.2692047480353985  ::  0.896527  ::  [-4.002580642700195, -0.011338649317622185, 0.05546826869249344]
1.2694118948663202  ::  0.912485  ::  [-3.9900219440460205, -0.011617003008723259, 0.05546191707253456]
1.2731180195429928  ::  0.928441  ::  [-3.9690608978271484, -0.012089818716049194, 0.055464066565036774]
1.2743918498232  ::  0.944413  ::  [-3.9690608978271484, -0.012089818716049194, 0.055464066565036774]
1.2743918498232  ::  0.960354  ::  [-3.9565048217773438, -0.012372052296996117, 0.05546605959534645]
1.275473474311295  ::  0.976311  ::  [-3.943924903869629, -0.012651790864765644, 0.0554693378508091]
1.275473474311295  ::  0.992269  ::  [-3.9313554763793945, -0.012930897064507008, 0.05547002702951431]
1.2726916663283958  ::  1.008224  ::  [-3.9187862873077393, -0.013208026066422462, 0.055470116436481476]
1.2714495323948054  ::  1.024158  ::  [-3.90202260017395, -0.013581383042037487, 0.05547022074460983]
1.2714495323948054  ::  1.040143  ::  [-3.90202260017395, -0.013581383042037487, 0.05547022074460983]
1.2705367416452567  ::  1.056101  ::  [-3.8978288173675537, -0.013675478287041187, 0.05546962097287178]
1.2698853123531668  ::  1.072059  ::  [-3.87688946723938, -0.014139300212264061, 0.055466506630182266]
1.270809522325234  ::  1.086991  ::  [-3.864304542541504, -0.014419382438063622, 0.05546567589044571]
1.2723684062815839  ::  1.10271  ::  [-3.864304542541504, -0.014419382438063622, 0.05546567589044571]
1.274708279680842  ::  1.118385  ::  [-3.8517396450042725, -0.014700500294566154, 0.05546297878026962]
1.2761265044289718  ::  1.134342  ::  [-3.8391811847686768, -0.01498308777809143, 0.05546596273779869]
1.2761265044289718  ::  1.149622  ::  [-3.8307993412017822, -0.015172515995800495, 0.055467016994953156]
1.2776286124378455  ::  1.164569  ::  [-3.8182289600372314, -0.015449101105332375, 0.05546768754720688]
1.2764546736742497  ::  1.180541  ::  [-3.8098485469818115, -0.015630802139639854, 0.05546609312295914]
1.2764546736742497  ::  1.196483  ::  [-3.797269344329834, -0.01591290906071663, 0.05546987056732178]
1.2758112485100934  ::  1.21144  ::  [-3.7888998985290527, -0.016103869304060936, 0.055469315499067307]
1.2737937813840008  ::  1.227401  ::  [-3.784709930419922, -0.016193944960832596, 0.05546919256448746]
1.2737937813840008  ::  1.24236  ::  [-3.7763261795043945, -0.016378765925765038, 0.055470146238803864]
1.272667120336066  ::  1.258296  ::  [-3.767944812774658, -0.016566378995776176, 0.05546889454126358]
1.2712044993583314  ::  1.274253  ::  [-3.7553610801696777, -0.01684151031076908, 0.055469222366809845]
1.2713519887557212  ::  1.290211  ::  [-3.742793321609497, -0.01712220348417759, 0.05546446517109871]
1.2738451145244818  ::  1.306168  ::  [-3.7302284240722656, -0.01740236021578312, 0.055466026067733765]
1.2755549029728064  ::  1.322125  ::  [-3.7176599502563477, -0.01768116094172001, 0.05546500161290169]
1.2755549029728064  ::  1.338083  ::  [-3.7051031589508057, -0.017960168421268463, 0.055464766919612885]
1.277082944356185  ::  1.353209  ::  [-3.700908899307251, -0.01805822364985943, 0.05546489730477333]
1.277082944356185  ::  1.368166  ::  [-3.6925289630889893, -0.018243033438920975, 0.0554673932492733]
1.2769146442261676  ::  1.384123  ::  [-3.6799588203430176, -0.018523573875427246, 0.055468615144491196]
1.2748633463193424  ::  1.399054  ::  [-3.667390823364258, -0.018800746649503708, 0.055466946214437485]
1.2748633463193424  ::  1.415038  ::  [-3.6548187732696533, -0.019080786034464836, 0.05546868219971657]
1.2742010314132628  ::  1.429996  ::  [-3.646437406539917, -0.019265061244368553, 0.05546753853559494]
1.2721257211226367  ::  1.444956  ::  [-3.6338605880737305, -0.019539006054401398, 0.055469412356615067]
1.2711315017115767  ::  1.460909  ::  [-3.6212966442108154, -0.019816284999251366, 0.05546841770410538]
1.2728601799018247  ::  1.475883  ::  [-3.6087231636047363, -0.020099233835935593, 0.055467646569013596]
1.2728601799018247  ::  1.491346  ::  [-3.5961575508117676, -0.02037632092833519, 0.055466555058956146]
1.276577510357604  ::  1.507303  ::  [-3.5877864360809326, -0.02056669071316719, 0.05546393245458603]
1.276577510357604  ::  1.523266  ::  [-3.5710248947143555, -0.020932579413056374, 0.05546456575393677]
1.2778771672906106  ::  1.539308  ::  [-3.562647581100464, -0.021119967103004456, 0.0554656982421875]
1.2783230505773655  ::  1.555293  ::  [-3.550076484680176, -0.021397924050688744, 0.05546440929174423]
1.2774700239830543  ::  1.571591  ::  [-3.524935007095337, -0.02195887267589569, 0.055468570441007614]
1.2763716441871518  ::  1.586555  ::  [-3.516542911529541, -0.02214486338198185, 0.05546886846423149]
1.2750728410277914  ::  1.602513  ::  [-3.516542911529541, -0.02214486338198185, 0.05546886846423149]
1.2739275036813449  ::  1.6177  ::  [-3.5039780139923096, -0.02242591604590416, 0.055469121783971786]
1.2739275036813449  ::  1.633658  ::  [-3.4955930709838867, -0.022613270208239555, 0.05546959489583969]
1.273182372731579  ::  1.648919  ::  [-3.487224578857422, -0.022801591083407402, 0.05546552687883377]
1.273182372731579  ::  1.66388  ::  [-3.4830322265625, -0.02289128676056862, 0.05546610429883003]
1.2735517365552884  ::  1.679285  ::  [-3.4746522903442383, -0.023080244660377502, 0.05546683818101883]
1.2749255650738132  ::  1.695265  ::  [-3.4746522903442383, -0.023080244660377502, 0.05546683818101883]
1.2749976022252156  ::  1.710712  ::  [-3.470463991165161, -0.023170558735728264, 0.05546458438038826]
1.2754683516694176  ::  1.726669  ::  [-3.4662749767303467, -0.023259291425347328, 0.05546389892697334]
1.2754683516694176  ::  1.741945  ::  [-3.457893133163452, -0.023452747613191605, 0.05546588450670242]
1.2770249944699457  ::  1.757903  ::  [-3.453709125518799, -0.023540005087852478, 0.05546429380774498]
1.2779525128148923  ::  1.772862  ::  [-3.445331335067749, -0.023734580725431442, 0.055463917553424835]
1.2790139669005947  ::  1.788853  ::  [-3.436950206756592, -0.02391887828707695, 0.05546509474515915]
1.2794569687012933  ::  1.804777  ::  [-3.4285709857940674, -0.024101149290800095, 0.055463630706071854]
1.2785385217013383  ::  1.820739  ::  [-3.41180419921875, -0.02448514848947525, 0.0554690882563591]
1.2785535694618535  ::  1.836178  ::  [-3.41180419921875, -0.02448514848947525, 0.0554690882563591]
1.2785535694618535  ::  1.852137  ::  [-3.4034290313720703, -0.02467224933207035, 0.05546829104423523]
1.2779693748444059  ::  1.868076  ::  [-3.399235725402832, -0.024764329195022583, 0.05546838417649269]
1.2754146706514096  ::  1.884033  ::  [-3.386662244796753, -0.025042537599802017, 0.05546778813004494]
1.2754146706514096  ::  1.899964  ::  [-3.378284454345703, -0.025230756029486656, 0.055469904094934464]
1.273380554939215  ::  1.915101  ::  [-3.3699095249176025, -0.025418361648917198, 0.0554686114192009]
1.2732511015101022  ::  1.931065  ::  [-3.357339382171631, -0.025698835030198097, 0.05546698719263077]
1.2732511015101022  ::  1.945998  ::  [-3.3489534854888916, -0.025886258110404015, 0.055468425154685974]
1.274768897609726  ::  1.961457  ::  [-3.336390733718872, -0.0261678509414196, 0.05546455830335617]
1.2764035539771803  ::  1.977393  ::  [-3.3280107975006104, -0.02635236456990242, 0.05546475946903229]
1.278301812957915  ::  1.993348  ::  [-3.3154478073120117, -0.02663652040064335, 0.05546434596180916]
1.2789284828142637  ::  2.008866  ::  [-3.3028781414031982, -0.02691223844885826, 0.05546461418271065]
1.2790787469760039  ::  2.024321  ::  [-3.2944979667663574, -0.027099281549453735, 0.05546567589044571]
1.2783607233395065  ::  2.040279  ::  [-3.2861194610595703, -0.027286365628242493, 0.05546654015779495]
1.2783607233395065  ::  2.056261  ::  [-3.273543119430542, -0.027568604797124863, 0.05546180158853531]
1.277335981520593  ::  2.072194  ::  [-3.260977268218994, -0.027860421687364578, 0.055468834936618805]
1.2756481777436592  ::  2.088242  ::  [-3.2484118938446045, -0.02813798189163208, 0.05546834319829941]
1.2734604894968453  ::  2.1042  ::  [-3.223253011703491, -0.028694596141576767, 0.05546008422970772]
1.2729759729525976  ::  2.120158  ::  [-3.223253011703491, -0.028694596141576767, 0.05546008422970772]
1.2734598491666107  ::  2.136114  ::  [-3.2148914337158203, -0.028881270438432693, 0.055465612560510635]
1.2743224807144422  ::  2.151074  ::  [-3.206510066986084, -0.029069820418953896, 0.055465925484895706]
1.2760142331944897  ::  2.167031  ::  [-3.1981191635131836, -0.029254112392663956, 0.05546538531780243]
1.2832990568311313  ::  2.182599  ::  [-3.1897573471069336, -0.02944643795490265, 0.05546434968709946]
1.2832990568311313  ::  2.198559  ::  [-3.1771931648254395, -0.02973032370209694, 0.05546338111162186]
1.2918678493100297  ::  2.214074  ::  [-3.164616823196411, -0.030012309551239014, 0.055463265627622604]
1.2921567449675802  ::  2.230032  ::  [-3.15623140335083, -0.030200466513633728, 0.055464841425418854]
1.2915120391429544  ::  2.245988  ::  [-3.1436572074890137, -0.03048073872923851, 0.055464841425418854]
1.2894323532623913  ::  2.261945  ::  [-3.1310932636260986, -0.03076523169875145, 0.05546805262565613]
1.2870039008473344  ::  2.27772  ::  [-3.1269032955169678, -0.030853917822241783, 0.05546733736991882]
1.2860005033695772  ::  2.293675  ::  [-3.1143319606781006, -0.031137138605117798, 0.05546839162707329]
1.285638716786978  ::  2.309634  ::  [-3.1059443950653076, -0.03132591024041176, 0.05546612665057182]
1.2852423523717058  ::  2.32559  ::  [-3.0933687686920166, -0.031610772013664246, 0.055463485419750214]
1.285452700853801  ::  2.341549  ::  [-3.0808143615722656, -0.03189126029610634, 0.05546646937727928]
1.2862112787384956  ::  2.357504  ::  [-3.0766243934631348, -0.03198631852865219, 0.055466748774051666]
1.2873781738695098  ::  2.372675  ::  [-3.0682425498962402, -0.032175444066524506, 0.0554659441113472]
1.2887002423607306  ::  2.387425  ::  [-3.05148983001709, -0.03255172818899155, 0.05546511337161064]
1.2899695903292951  ::  2.403382  ::  [-3.038919448852539, -0.03283608704805374, 0.05546605587005615]
1.290594125751528  ::  2.418504  ::  [-3.038919448852539, -0.03283608704805374, 0.05546605587005615]
1.290594125751528  ::  2.433451  ::  [-3.030539035797119, -0.03302370756864548, 0.055466361343860626]
1.2896265867669134  ::  2.449414  ::  [-3.0053884983062744, -0.03358881175518036, 0.05546963959932327]
1.2896265867669134  ::  2.465374  ::  [-3.0053884983062744, -0.03358881175518036, 0.05546963959932327]
1.2864261095322336  ::  2.481331  ::  [-2.992825746536255, -0.03387225791811943, 0.05546761304140091]
1.2892929747146407  ::  2.496744  ::  [-2.9844391345977783, -0.034057967364788055, 0.05546729266643524]
1.2888006674858707  ::  2.512701  ::  [-2.971869707107544, -0.034351445734500885, 0.05546857416629791]
1.288223836666122  ::  2.528656  ::  [-2.9634947776794434, -0.03453894704580307, 0.0554671511054039]
1.288384132668206  ::  2.544613  ::  [-2.955104112625122, -0.03472677990794182, 0.05546262115240097]
1.2893407860388308  ::  2.560218  ::  [-2.9509260654449463, -0.03482291102409363, 0.05546445772051811]
1.2886426126396084  ::  2.576174  ::  [-2.9425528049468994, -0.03501515835523605, 0.055459897965192795]
1.289179956428218  ::  2.592131  ::  [-2.934173583984375, -0.035204142332077026, 0.055459365248680115]
1.2907472713993244  ::  2.607565  ::  [-2.9299826622009277, -0.03529532253742218, 0.0554625540971756]
1.2922689094803563  ::  2.622881  ::  [-2.9216067790985107, -0.035482555627822876, 0.05546233430504799]
1.2927731695401736  ::  2.638812  ::  [-2.909029960632324, -0.03576965630054474, 0.05546196550130844]
1.2920570668943803  ::  2.6548  ::  [-2.90484619140625, -0.03586212918162346, 0.05546501278877258]
1.2868130824373971  ::  2.670244  ::  [-2.883890151977539, -0.03633521869778633, 0.05546252802014351]
1.2868130824373971  ::  2.686228  ::  [-2.883890151977539, -0.03633521869778633, 0.05546252802014351]
1.2865592982210488  ::  2.701188  ::  [-2.8755054473876953, -0.0365242101252079, 0.05546870827674866]
1.2845070398188716  ::  2.71612  ::  [-2.8629348278045654, -0.0367957279086113, 0.055468328297138214]
1.2819205325575525  ::  2.732077  ::  [-2.854553699493408, -0.03698750212788582, 0.05546949431300163]
1.2874370842511014  ::  2.748035  ::  [-2.8419837951660156, -0.03726767376065254, 0.05546808987855911]
1.2874370842511014  ::  2.763993  ::  [-2.833597183227539, -0.037457503378391266, 0.05546584725379944]
1.2872986661987027  ::  2.779999  ::  [-2.8210289478302, -0.03774012625217438, 0.05546671897172928]
1.293182233838434  ::  2.796055  ::  [-2.8126561641693115, -0.03792861849069595, 0.05546127259731293]
1.300612946046879  ::  2.811725  ::  [-2.8000857830047607, -0.0382133349776268, 0.05546438694000244]
1.300612946046879  ::  2.826685  ::  [-2.791699171066284, -0.03840437904000282, 0.05546211451292038]
1.3027722463199551  ::  2.842642  ::  [-2.779118537902832, -0.03868923708796501, 0.05546426400542259]
1.3027722463199551  ::  2.857605  ::  [-2.770751476287842, -0.03887709975242615, 0.055463485419750214]
1.3028197374790278  ::  2.87356  ::  [-2.758178949356079, -0.03916151449084282, 0.055465418845415115]
1.3026295593993253  ::  2.88952  ::  [-2.753993272781372, -0.039255451411008835, 0.055466603487730026]
1.3016185846804575  ::  2.905475  ::  [-2.74979829788208, -0.03935191035270691, 0.05546864867210388]
1.3016185846804575  ::  2.921432  ::  [-2.741419792175293, -0.039542801678180695, 0.055468834936618805]
1.2997960981108279  ::  2.937391  ::  [-2.724653720855713, -0.03992610424757004, 0.055470265448093414]
1.2979077642487309  ::  2.953346  ::  [-2.712087392807007, -0.040211550891399384, 0.05546814575791359]
1.297389630367162  ::  2.968132  ::  [-2.712087392807007, -0.040211550891399384, 0.05546814575791359]
1.297389630367162  ::  2.983124  ::  [-2.703695058822632, -0.040402866899967194, 0.05546612665057182]
1.2969326480230057  ::  2.999104  ::  [-2.691133975982666, -0.040685512125492096, 0.05546806752681732]
1.297236804884483  ::  3.015063  ::  [-2.6827585697174072, -0.040876008570194244, 0.055466365069150925]
1.299985956025413  ::  3.031021  ::  [-2.67018985748291, -0.041160739958286285, 0.055464133620262146]
1.307602684167035  ::  3.046918  ::  [-2.649237632751465, -0.041638441383838654, 0.0554661825299263]
1.308257101666887  ::  3.062413  ::  [-2.649237632751465, -0.041638441383838654, 0.0554661825299263]
1.308257101666887  ::  3.07837  ::  [-2.645048141479492, -0.04173693805932999, 0.055465035140514374]
1.3091689319210835  ::  3.094326  ::  [-2.632478713989258, -0.04202147573232651, 0.0554666742682457]
1.3090196282546953  ::  3.110311  ::  [-2.6240880489349365, -0.042211975902318954, 0.055465053766965866]
1.3090196282546953  ::  3.125825  ::  [-2.6157162189483643, -0.04240287095308304, 0.055469077080488205]
1.3071946870858326  ::  3.141273  ::  [-2.603149175643921, -0.042688921093940735, 0.05546760931611061]
1.3063575620256829  ::  3.156845  ::  [-2.5947601795196533, -0.04287781938910484, 0.0554705411195755]
1.3055296150322304  ::  3.172452  ::  [-2.582193613052368, -0.043167877942323685, 0.05546960607171059]
1.3051399740844223  ::  3.187686  ::  [-2.5612475872039795, -0.04364620894193649, 0.05546706169843674]
1.3056385778938333  ::  3.203669  ::  [-2.5486791133880615, -0.04393187165260315, 0.055464696139097214]
1.3061559647234617  ::  3.219232  ::  [-2.5486791133880615, -0.04393187165260315, 0.055464696139097214]
1.3075419595164455  ::  3.235189  ::  [-2.540306329727173, -0.044124580919742584, 0.055464860051870346]
1.3095477939766078  ::  3.251162  ::  [-2.5277347564697266, -0.04441484808921814, 0.05546147748827934]
1.3095477939766078  ::  3.267109  ::  [-2.5151684284210205, -0.044700659811496735, 0.05546264722943306]
1.3108550281507247  ::  3.283061  ::  [-2.5025930404663086, -0.04498525708913803, 0.05546705424785614]
1.3108550281507247  ::  3.298992  ::  [-2.4942209720611572, -0.045177362859249115, 0.05546608939766884]
1.313676429886469  ::  3.315021  ::  [-2.4858357906341553, -0.04536787420511246, 0.055467620491981506]
1.313676429886469  ::  3.330907  ::  [-2.473267078399658, -0.045647505670785904, 0.05546768382191658]
1.3124556402940348  ::  3.34589  ::  [-2.4606919288635254, -0.045932698994874954, 0.05546921491622925]
1.3124556402940348  ::  3.36185  ::  [-2.4523096084594727, -0.04612628370523453, 0.055460549890995026]
1.3104561024145136  ::  3.377807  ::  [-2.4439380168914795, -0.04631643369793892, 0.05546559765934944]
1.3104561024145136  ::  3.393766  ::  [-2.435546875, -0.04650617763400078, 0.05546785145998001]
1.3103510882560248  ::  3.4086  ::  [-2.427177906036377, -0.04669656604528427, 0.05546730384230614]
1.315696991942029  ::  3.424575  ::  [-2.418792486190796, -0.04689274728298187, 0.05546419695019722]
1.3172369861564552  ::  3.440514  ::  [-2.41040301322937, -0.047086574137210846, 0.05546547472476959]
1.3189341814434978  ::  3.456136  ::  [-2.3978493213653564, -0.04737316444516182, 0.05546552687883377]
1.3219174800069124  ::  3.471595  ::  [-2.385282516479492, -0.04766589030623436, 0.05546533688902855]
1.3220879145710454  ::  3.486551  ::  [-2.3643317222595215, -0.04815167188644409, 0.05546212196350098]
1.3219948532436039  ::  3.50254  ::  [-2.3643317222595215, -0.04815167188644409, 0.05546212196350098]
1.3175396489140516  ::  3.518509  ::  [-2.3601417541503906, -0.04824622720479965, 0.055467091500759125]
1.3175396489140516  ::  3.534455  ::  [-2.347569465637207, -0.04853401333093643, 0.05546857789158821]
1.3171685775430495  ::  3.550414  ::  [-2.3433775901794434, -0.048628661781549454, 0.055469878017902374]
1.3151720278712902  ::  3.566362  ::  [-2.3308000564575195, -0.04891548305749893, 0.05546645447611809]
1.314020607387614  ::  3.582319  ::  [-2.322425603866577, -0.04910608008503914, 0.0554700531065464]
1.3125425117625409  ::  3.598261  ::  [-2.3098485469818115, -0.04939623549580574, 0.05546616017818451]
1.3107314444154297  ::  3.613732  ::  [-2.297288179397583, -0.04968639835715294, 0.05546850711107254]
1.3120650388508748  ::  3.629686  ::  [-2.2889108657836914, -0.04987943917512894, 0.055467430502176285]
1.3124556402940348  ::  3.645643  ::  [-2.276348114013672, -0.05016911029815674, 0.05546259880065918]
1.3134475118275677  ::  3.661133  ::  [-2.2721595764160156, -0.05026523023843765, 0.055462755262851715]
1.3154180214031164  ::  3.677092  ::  [-2.2637791633605957, -0.05045383423566818, 0.05546196922659874]
1.3154180214031164  ::  3.693048  ::  [-2.251209259033203, -0.05074066296219826, 0.055465348064899445]
1.316143835724136  ::  3.709006  ::  [-2.2428317070007324, -0.0509367361664772, 0.05546623468399048]
1.316143835724136  ::  3.724962  ::  [-2.2344493865966797, -0.051126934587955475, 0.05546705797314644]
1.3157255933591785  ::  3.74092  ::  [-2.2302627563476562, -0.051219917833805084, 0.05546633154153824]
1.3157255933591785  ::  3.756877  ::  [-2.2218728065490723, -0.05141458660364151, 0.05546965450048447]
1.3146680879765902  ::  3.772641  ::  [-2.2135009765625, -0.05160623788833618, 0.05546843633055687]
1.311550213342185  ::  3.787795  ::  [-2.205117702484131, -0.05179808288812637, 0.05546719580888748]
1.3102824661992072  ::  3.803753  ::  [-2.1925482749938965, -0.052087198942899704, 0.05546892434358597]
1.3097794867998593  ::  3.818714  ::  [-2.1841537952423096, -0.0522790402173996, 0.05546600744128227]
1.3098564331497276  ::  3.833672  ::  [-2.1716015338897705, -0.05256855487823486, 0.055467646569013596]
1.309828898949636  ::  3.849629  ::  [-2.167407274246216, -0.05266343429684639, 0.055466845631599426]
1.309828898949636  ::  3.8652  ::  [-2.1590323448181152, -0.05285406857728958, 0.055466435849666595]
1.3110486213250123  ::  3.881156  ::  [-2.1464624404907227, -0.05314287170767784, 0.05546574294567108]
1.3132273449485405  ::  3.897127  ::  [-2.1338906288146973, -0.05342922359704971, 0.05546492710709572]
1.3152934771724694  ::  3.913043  ::  [-2.121328115463257, -0.05371938273310661, 0.05546471104025841]
1.3166377437784924  ::  3.929002  ::  [-2.1129443645477295, -0.05391285568475723, 0.05546686053276062]
1.3166377437784924  ::  3.944984  ::  [-2.100372314453125, -0.054200783371925354, 0.055466990917921066]
1.3158949607062536  ::  3.960957  ::  [-2.087796211242676, -0.054488230496644974, 0.05546911805868149]
1.3137850725829543  ::  3.9769  ::  [-2.0836129188537598, -0.054583825170993805, 0.05546898767352104]
1.3137850725829543  ::  3.992836  ::  [-2.0710439682006836, -0.05487053841352463, 0.055469341576099396]
1.3131911662902807  ::  4.00853  ::  [-2.0626540184020996, -0.0550655722618103, 0.05546919256448746]
1.3128082488099369  ::  4.024482  ::  [-2.0500869750976562, -0.05535167083144188, 0.05546782910823822]
1.3123755990146988  ::  4.040292  ::  [-2.0375161170959473, -0.05563954636454582, 0.05546470731496811]
1.3138468644506018  ::  4.055682  ::  [-2.0333328247070312, -0.05573873966932297, 0.0554678849875927]
1.3135448420232403  ::  4.07124  ::  [-2.0123913288116455, -0.0562184602022171, 0.05546526238322258]
1.3154507849667911  ::  4.086176  ::  [-1.9998269081115723, -0.05651116371154785, 0.055464569479227066]
1.3172373063215728  ::  4.102176  ::  [-1.9998269081115723, -0.05651116371154785, 0.055464569479227066]
1.3179803028372232  ::  4.117123  ::  [-1.9872478246688843, -0.05679614096879959, 0.05546656996011734]
1.3181953470743728  ::  4.133087  ::  [-1.9788696765899658, -0.056989796459674835, 0.05546768754720688]
1.3174792444285792  ::  4.149036  ::  [-1.9662960767745972, -0.057277485728263855, 0.0554693229496479]
1.3159570727390184  ::  4.164994  ::  [-1.9537339210510254, -0.05756670981645584, 0.05546838790178299]
1.3123648201224147  ::  4.180952  ::  [-1.9411652088165283, -0.05785229802131653, 0.05546846240758896]
1.3110108418411657  ::  4.196905  ::  [-1.9285837411880493, -0.058142174035310745, 0.05546962469816208]
1.3108290947762198  ::  4.212911  ::  [-1.9160194396972656, -0.05843210592865944, 0.05546562001109123]
1.310653217405092  ::  4.228893  ::  [-1.9076411724090576, -0.058619823306798935, 0.05546749010682106]
1.310959401978979  ::  4.24483  ::  [-1.9034500122070312, -0.0587167926132679, 0.05546460673213005]
1.3120062351909891  ::  4.260786  ::  [-1.8908872604370117, -0.05900600552558899, 0.05546494573354721]
1.3124059079791408  ::  4.275928  ::  [-1.8783202171325684, -0.059293460100889206, 0.055465150624513626]
1.314006947009274  ::  4.290858  ::  [-1.8741300106048584, -0.05939039960503578, 0.05546506494283676]
1.314006947009274  ::  4.306834  ::  [-1.8657476902008057, -0.05958773195743561, 0.05546553060412407]
1.3159555786351376  ::  4.322354  ::  [-1.85317862033844, -0.05987674370408058, 0.05546577647328377]
1.316014915903552  ::  4.337735  ::  [-1.8280434608459473, -0.06045280769467354, 0.05546626076102257]
1.3157289017320577  ::  4.353691  ::  [-1.8280434608459473, -0.06045280769467354, 0.05546626076102257]
1.3157289017320577  ::  4.36865  ::  [-1.8238513469696045, -0.06054512411355972, 0.055468253791332245]
1.3148050119251076  ::  4.383634  ::  [-1.815466046333313, -0.06073480099439621, 0.05546942353248596]
1.313090847886846  ::  4.399587  ::  [-1.8028934001922607, -0.06102072075009346, 0.05546843633055687]
1.3112370918574223  ::  4.415553  ::  [-1.7903109788894653, -0.061307474970817566, 0.05547012761235237]
1.310010539292876  ::  4.431253  ::  [-1.777752161026001, -0.06159205362200737, 0.055465664714574814]
1.310010539292876  ::  4.447208  ::  [-1.7651854753494263, -0.061887532472610474, 0.055467844009399414]
1.310599963273907  ::  4.463173  ::  [-1.7568079233169556, -0.06208037957549095, 0.05546683445572853]
1.3122391019530042  ::  4.479158  ::  [-1.7442452907562256, -0.06236960366368294, 0.05546431243419647]
1.313545055466652  ::  4.495087  ::  [-1.7316774129867554, -0.0626562163233757, 0.055465273559093475]
1.3157886658872953  ::  4.511044  ::  [-1.719101905822754, -0.06294198334217072, 0.0554666593670845]
1.315614069176637  ::  4.527002  ::  [-1.7065335512161255, -0.06323368102312088, 0.055467717349529266]
1.315614069176637  ::  4.542968  ::  [-1.6939644813537598, -0.06351858377456665, 0.05546849966049194]
1.3143933863059087  ::  4.558923  ::  [-1.6813868284225464, -0.06380752474069595, 0.05547041445970535]
1.3133738738505785  ::  4.57488  ::  [-1.673004388809204, -0.06399989128112793, 0.055470652878284454]
1.3108518264995512  ::  4.590871  ::  [-1.656249761581421, -0.06438308954238892, 0.05546550825238228]
1.3108518264995512  ::  4.606855  ::  [-1.6478734016418457, -0.06457298994064331, 0.05546768754720688]
1.3105734962908733  ::  4.622956  ::  [-1.6353074312210083, -0.06486298888921738, 0.05546563118696213]
1.311644555330096  ::  4.638895  ::  [-1.6227374076843262, -0.06515023112297058, 0.05546480789780617]
1.3128178537634572  ::  4.654853  ::  [-1.614359736442566, -0.06534457951784134, 0.055464666336774826]
1.314792205320414  ::  4.670811  ::  [-1.6017905473709106, -0.06563284993171692, 0.055464327335357666]
1.316092075696832  ::  4.686767  ::  [-1.5934048891067505, -0.06582336127758026, 0.05546686798334122]
1.3168785079467356  ::  4.702766  ::  [-1.5934048891067505, -0.06582336127758026, 0.05546686798334122]
1.3170253570138908  ::  4.718688  ::  [-1.5808430910110474, -0.06611168384552002, 0.055466219782829285]
1.3160926093053609  ::  4.734647  ::  [-1.5724605321884155, -0.06630361825227737, 0.05546814575791359]
1.315361565620758  ::  4.750602  ::  [-1.5598843097686768, -0.0665898323059082, 0.055470045655965805]
1.313762767746446  ::  4.76656  ::  [-1.5515083074569702, -0.06678333878517151, 0.05546965450048447]
1.3118625877750074  ::  4.782519  ::  [-1.54313063621521, -0.06697315722703934, 0.055468473583459854]
1.3105944137452064  ::  4.798475  ::  [-1.5305505990982056, -0.0672614797949791, 0.055470481514930725]
1.3103418034676217  ::  4.813431  ::  [-1.5179791450500488, -0.06755076348781586, 0.05547008663415909]
1.3103418034676217  ::  4.828518  ::  [-1.5137922763824463, -0.06764732301235199, 0.055469125509262085]
1.3103709384933  ::  4.844475  ::  [-1.5054152011871338, -0.06784035265445709, 0.055467136204242706]
1.3109984621232948  ::  4.859995  ::  [-1.4928500652313232, -0.06812392175197601, 0.055465470999479294]
1.313967780143252  ::  4.875656  ::  [-1.4802860021591187, -0.06841595470905304, 0.0554649792611599]
1.313967780143252  ::  4.891615  ::  [-1.471900224685669, -0.0686103031039238, 0.05546514689922333]
1.3166918516833237  ::  4.90757  ::  [-1.459326982498169, -0.06889709830284119, 0.05546543002128601]
1.3167340067571074  ::  4.923237  ::  [-1.4509581327438354, -0.06908664107322693, 0.05546528100967407]
1.3167340067571074  ::  4.939195  ::  [-1.4425653219223022, -0.06928186863660812, 0.05546777695417404]
1.3140335207140137  ::  4.955152  ::  [-1.4300016164779663, -0.06956620514392853, 0.05546145141124725]
1.3124673796816708  ::  4.971111  ::  [-1.4048588275909424, -0.07014517486095428, 0.05546792969107628]
1.3108830959593452  ::  4.987068  ::  [-1.4048588275909424, -0.07014517486095428, 0.05546792969107628]
1.3105567409830656  ::  5.003025  ::  [-1.3880934715270996, -0.07052820175886154, 0.05546974390745163]
1.3105567409830656  ::  5.018766  ::  [-1.3880934715270996, -0.07052820175886154, 0.05546974390745163]
1.3097637987091093  ::  5.034189  ::  [-1.379715919494629, -0.07071565836668015, 0.05546420067548752]
1.310153653100329  ::  5.049852  ::  [-1.3671414852142334, -0.07100574672222137, 0.055466022342443466]
1.3133503950753065  ::  5.064843  ::  [-1.354573130607605, -0.07129558175802231, 0.055461734533309937]
1.3145498403265843  ::  5.080796  ::  [-1.342018485069275, -0.07158418744802475, 0.055465493351221085]
1.3145498403265843  ::  5.09676  ::  [-1.333630919456482, -0.07177667319774628, 0.05546487495303154]
1.3162384978771642  ::  5.112728  ::  [-1.3210713863372803, -0.07206444442272186, 0.05546620115637779]
1.3162384978771642  ::  5.128672  ::  [-1.3126811981201172, -0.07225745916366577, 0.05546919256448746]
1.3155416051384112  ::  5.144644  ::  [-1.3084957599639893, -0.0723547637462616, 0.055468518286943436]
1.3155416051384112  ::  5.160601  ::  [-1.2959213256835938, -0.07264162600040436, 0.05547032132744789]
1.3139274393384668  ::  5.17654  ::  [-1.29173743724823, -0.07273392379283905, 0.05546879023313522]
1.3128468820674297  ::  5.191501  ::  [-1.283346176147461, -0.07292819023132324, 0.05547160655260086]
1.3116940742015784  ::  5.207463  ::  [-1.2749606370925903, -0.07312092185020447, 0.055470969527959824]
1.3116940742015784  ::  5.222957  ::  [-1.266592025756836, -0.07331325113773346, 0.05546979978680611]
1.310305518087656  ::  5.238918  ::  [-1.254021406173706, -0.07359975576400757, 0.055468957871198654]
1.3109557734409825  ::  5.254845  ::  [-1.2288901805877686, -0.07417505979537964, 0.055465634912252426]
1.3125209539779732  ::  5.269831  ::  [-1.216317892074585, -0.0744658038020134, 0.05546601861715317]
1.3125209539779732  ::  5.285792  ::  [-1.216317892074585, -0.0744658038020134, 0.05546601861715317]
1.3153790679805062  ::  5.301758  ::  [-1.2079412937164307, -0.07465983927249908, 0.05546572059392929]
1.3153790679805062  ::  5.317676  ::  [-1.1953710317611694, -0.07494576275348663, 0.05546661093831062]
1.3160597390199802  ::  5.332663  ::  [-1.1827954053878784, -0.07523520290851593, 0.055459268391132355]
1.3110357079986126  ::  5.348623  ::  [-1.1702231168746948, -0.07551628351211548, 0.0554698184132576]
1.3095586795905974  ::  5.363581  ::  [-1.1576526165008545, -0.0758003517985344, 0.055470507591962814]
1.3095586795905974  ::  5.378541  ::  [-1.1492701768875122, -0.0759916603565216, 0.0554710291326046]
1.3082217767822732  ::  5.394498  ::  [-1.1408886909484863, -0.07618415355682373, 0.05547073855996132]
1.3109563070495114  ::  5.410021  ::  [-1.1366968154907227, -0.07628050446510315, 0.05547112599015236]
1.3104029550050345  ::  5.425955  ::  [-1.1283143758773804, -0.07647307217121124, 0.055470749735832214]
1.3104029550050345  ::  5.441931  ::  [-1.1157498359680176, -0.07676087319850922, 0.055468179285526276]
1.309885568175406  ::  5.457937  ::  [-1.1031813621520996, -0.07705037295818329, 0.05546579509973526]
1.3112018736945144  ::  5.473858  ::  [-1.0906124114990234, -0.07734005153179169, 0.05546560138463974]
1.3128533920914822  ::  5.489816  ::  [-1.0780526399612427, -0.07762797176837921, 0.05546409636735916]
1.3128533920914822  ::  5.505802  ::  [-1.0654804706573486, -0.07791519165039062, 0.05546575412154198]
1.3134735519237783  ::  5.521751  ::  [-1.0612889528274536, -0.07801155745983124, 0.0554666742682457]
1.3134735519237783  ::  5.537689  ::  [-1.048719048500061, -0.0783003717660904, 0.0554671473801136]
1.3132616026160964  ::  5.553418  ::  [-1.0361436605453491, -0.07858653366565704, 0.05546962469816208]
1.3119192570007774  ::  5.569375  ::  [-1.0361436605453491, -0.07858653366565704, 0.05546962469816208]
1.3119192570007774  ::  5.585361  ::  [-1.023566722869873, -0.07887347042560577, 0.05547146499156952]
1.3098991218320402  ::  5.601313  ::  [-1.0109999179840088, -0.07916072756052017, 0.05546984821557999]
1.3079489961022959  ::  5.617302  ::  [-0.998426079750061, -0.0794479101896286, 0.05547081306576729]
1.3072352413340296  ::  5.632944  ::  [-0.990048885345459, -0.0796392634510994, 0.05546954646706581]
1.3080015031815402  ::  5.648901  ::  [-0.9774826765060425, -0.07992653548717499, 0.05546770244836807]
1.3080015031815402  ::  5.664872  ::  [-0.9649145603179932, -0.08021800965070724, 0.05546668916940689]
1.3101715823469002  ::  5.680815  ::  [-0.9523472785949707, -0.08050006628036499, 0.05546509474515915]
1.311262598345104  ::  5.696769  ::  [-0.9439719319343567, -0.08069595694541931, 0.05546526238322258]
1.3130666220596336  ::  5.712708  ::  [-0.931401252746582, -0.08098122477531433, 0.05546391382813454]
1.313572803110155  ::  5.728419  ::  [-0.9188297986984253, -0.08127021044492722, 0.05546803027391434]
1.313572803110155  ::  5.744376  ::  [-0.9062566161155701, -0.08155164122581482, 0.05546921119093895]
1.3122010023040402  ::  5.760333  ::  [-0.8936848640441895, -0.08183875679969788, 0.05547040328383446]
1.3087754489918673  ::  5.776291  ::  [-0.8853006362915039, -0.08202889561653137, 0.05547139421105385]
1.3073256346188264  ::  5.79165  ::  [-0.8727286458015442, -0.0823168233036995, 0.05547124892473221]
1.3071757973439093  ::  5.807611  ::  [-0.8601624965667725, -0.08260359615087509, 0.05546952039003372]
1.3071757973439093  ::  5.823565  ::  [-0.8475964069366455, -0.08289249241352081, 0.05546749383211136]
1.30776724903735  ::  5.839525  ::  [-0.8350203037261963, -0.08317869156599045, 0.05546632409095764]
1.308695087547414  ::  5.85548  ::  [-0.8308451175689697, -0.08327034115791321, 0.05546320974826813]
1.3110594002172962  ::  5.87158  ::  [-0.8266526460647583, -0.08336716145277023, 0.05546530336141586]
1.3129830589640068  ::  5.887532  ::  [-0.8015103340148926, -0.08395030349493027, 0.05546649917960167]
1.3128606491674755  ::  5.903487  ::  [-0.8015103340148926, -0.08395030349493027, 0.05546649917960167]
1.3132608555641558  ::  5.919468  ::  [-0.7973227500915527, -0.08404268324375153, 0.05546710640192032]
1.3132608555641558  ::  5.93543  ::  [-0.7847418785095215, -0.08432453125715256, 0.05546817183494568]
1.3128203083626901  ::  5.951382  ::  [-0.7721822261810303, -0.08461037278175354, 0.05546886473894119]
1.311381272881933  ::  5.96734  ::  [-0.7596031427383423, -0.0848984643816948, 0.05547131970524788]
1.3100801218450455  ::  5.982317  ::  [-0.7512199878692627, -0.08509008586406708, 0.0554715134203434]
1.3083045928259596  ::  5.998261  ::  [-0.7386541366577148, -0.08537541329860687, 0.055469341576099396]
1.3073424966483398  ::  6.014124  ::  [-0.7302752733230591, -0.0855681449174881, 0.0554698184132576]
1.308025622287047  ::  6.030081  ::  [-0.7177125215530396, -0.08585710823535919, 0.05546700209379196]
1.308025622287047  ::  6.046064  ::  [-0.7051404714584351, -0.08614258468151093, 0.05546534061431885]
1.3092887803966762  ::  6.061046  ::  [-0.6925694942474365, -0.08643385022878647, 0.055466484278440475]
1.3124811467817166  ::  6.076131  ::  [-0.6800036430358887, -0.08672045171260834, 0.055466119199991226]
1.313462452866377  ::  6.092095  ::  [-0.6716264486312866, -0.08691078424453735, 0.05546563118696213]
1.3134842240943565  ::  6.108022  ::  [-0.6590485572814941, -0.0872001051902771, 0.05546758323907852]
1.3134842240943565  ::  6.124017  ::  [-0.6464766263961792, -0.08748716115951538, 0.05546880513429642]
1.3124533991382135  ::  6.13999  ::  [-0.6338975429534912, -0.0877726748585701, 0.05546743422746658]
1.3092653016214042  ::  6.154963  ::  [-0.6255234479904175, -0.08796548843383789, 0.055471401661634445]
1.3086506913178089  ::  6.170886  ::  [-0.6129538416862488, -0.08825236558914185, 0.05547123774886131]
1.3086506913178089  ::  6.185872  ::  [-0.6087632179260254, -0.08834832161664963, 0.05547124892473221]
1.307713568019342  ::  6.201843  ::  [-0.6003830432891846, -0.08854033052921295, 0.05547034367918968]
1.3072048256478819  ::  6.217813  ::  [-0.5878163576126099, -0.08882872760295868, 0.05546817556023598]
1.3072048256478819  ::  6.233798  ::  [-0.5794427990913391, -0.08902088552713394, 0.05546696484088898]
1.3084668098187473  ::  6.249755  ::  [-0.566872239112854, -0.08930592238903046, 0.05546645447611809]
1.3091519631698643  ::  6.265714  ::  [-0.5543093085289001, -0.08959213644266129, 0.05546335130929947]
1.3099164107483767  ::  6.281671  ::  [-0.5417324304580688, -0.08988086134195328, 0.055466778576374054]
1.3099164107483767  ::  6.297627  ::  [-0.5333558320999146, -0.09007274359464645, 0.055466923862695694]
1.3107625004318122  ::  6.313646  ::  [-0.5291553735733032, -0.09016680717468262, 0.0554656907916069]
1.3107625004318122  ::  6.329634  ::  [-0.5165771245956421, -0.09045450389385223, 0.05546865612268448]
1.3102436194983027  ::  6.345599  ::  [-0.5040115714073181, -0.0907442718744278, 0.05546415597200394]
1.3118302510981557  ::  6.361545  ::  [-0.49144789576530457, -0.09102784842252731, 0.05547129735350609]
1.3088165368485931  ::  6.37753  ::  [-0.47887492179870605, -0.09131598472595215, 0.05547163635492325]
1.3084733198428  ::  6.393485  ::  [-0.4663114845752716, -0.0916033685207367, 0.055467985570430756]
1.3087704330716956  ::  6.409093  ::  [-0.45793288946151733, -0.09179546684026718, 0.05546850338578224]
1.3087704330716956  ::  6.42459  ::  [-0.44536668062210083, -0.09208396077156067, 0.05546652898192406]
1.3108775464306446  ::  6.439953  ::  [-0.4327920377254486, -0.09237181395292282, 0.05546347051858902]
1.3108775464306446  ::  6.455265  ::  [-0.42442256212234497, -0.09256348013877869, 0.05546402931213379]
1.314205235938616  ::  6.471159  ::  [-0.41185319423675537, -0.092852383852005, 0.05546543374657631]
1.3146820685200475  ::  6.487116  ::  [-0.39927250146865845, -0.09313830733299255, 0.05545885115861893]
1.313731071399829  ::  6.503102  ::  [-0.37413278222084045, -0.09371404349803925, 0.05547052249312401]
1.313731071399829  ::  6.519058  ::  [-0.37413278222084045, -0.09371404349803925, 0.05547052249312401]
1.3102676318821036  ::  6.535012  ::  [-0.361560195684433, -0.09400156140327454, 0.0554712638258934]
1.3097349838485484  ::  6.550948  ::  [-0.3489933907985687, -0.09428907930850983, 0.05546977370977402]
1.3097349838485484  ::  6.566903  ::  [-0.344800740480423, -0.09438516199588776, 0.05547082796692848]
1.3089774731809116  ::  6.581891  ::  [-0.33641669154167175, -0.09457771480083466, 0.05546966940164566]
1.3082858098057422  ::  6.596822  ::  [-0.3238573372364044, -0.09486603736877441, 0.055467016994953156]
1.3087075739869904  ::  6.612797  ::  [-0.3112858235836029, -0.09515300393104553, 0.05546767637133598]
1.3097954950557265  ::  6.628738  ::  [-0.3029038608074188, -0.0953444242477417, 0.05546592175960541]
1.311633242829283  ::  6.644695  ::  [-0.2903313934803009, -0.09563218057155609, 0.05546363815665245]
1.3132513573323414  ::  6.660682  ::  [-0.28614938259124756, -0.09573037922382355, 0.05546634644269943]
1.3145109936256798  ::  6.676635  ::  [-0.27777355909347534, -0.09592041373252869, 0.055465973913669586]
1.3145320178017188  ::  6.692593  ::  [-0.26520776748657227, -0.09620749205350876, 0.055465467274188995]
1.3145320178017188  ::  6.708466  ::  [-0.2568233907222748, -0.09639996290206909, 0.05546801537275314]
1.3142895460861832  ::  6.724419  ::  [-0.2484348863363266, -0.09659221023321152, 0.05547020211815834]
1.3118663230347096  ::  6.740406  ::  [-0.24005791544914246, -0.09678421914577484, 0.05547009035944939]
1.3118663230347096  ::  6.756368  ::  [-0.22748179733753204, -0.09707174450159073, 0.055471062660217285]
1.3103302775233974  ::  6.772325  ::  [-0.21490398049354553, -0.09735769033432007, 0.05546993762254715]
1.3087929513516154  ::  6.788255  ::  [-0.20233294367790222, -0.0976395308971405, 0.055468957871198654]
1.3086098169044946  ::  6.804212  ::  [-0.18977586925029755, -0.09792636334896088, 0.05546659231185913]
1.310601350656082  ::  6.8192  ::  [-0.1772160530090332, -0.09821692109107971, 0.055465083569288254]
1.310601350656082  ::  6.834174  ::  [-0.16464580595493317, -0.09850107133388519, 0.05546535179018974]
1.3123131668168166  ::  6.850117  ::  [-0.15206170082092285, -0.09879130870103836, 0.055464088916778564]
1.3112759385583268  ::  6.866046  ::  [-0.1394917368888855, -0.09907881915569305, 0.055464260280132294]
1.3112449892636502  ::  6.882038  ::  [-0.13112403452396393, -0.09927122294902802, 0.05546744167804718]
1.3099343399949481  ::  6.897961  ::  [-0.11854870617389679, -0.09955761581659317, 0.055469442158937454]
1.3089104519496808  ::  6.913946  ::  [-0.10598044842481613, -0.09984249621629715, 0.055469613522291183]
1.3089104519496808  ::  6.929934  ::  [-0.09760236740112305, -0.10003631561994553, 0.05546865984797478]
1.305527907484938  ::  6.945899  ::  [-0.08503042161464691, -0.1003221794962883, 0.05546828731894493]
1.3051409345797744  ::  6.961847  ::  [-0.07245022058486938, -0.10060953348875046, 0.055468592792749405]
1.3052728426081202  ::  6.977813  ::  [-0.05987568944692612, -0.10089629143476486, 0.0554686114192009]
1.3021313824767375  ::  6.993762  ::  [-0.05570169538259506, -0.10099171847105026, 0.05546698346734047]
1.302366063507751  ::  7.009721  ::  [-0.043135493993759155, -0.1012788712978363, 0.05546613782644272]
1.3034926178339798  ::  7.025657  ::  [-0.0389423593878746, -0.10137481987476349, 0.055467069149017334]
1.3034926178339798  ::  7.041244  ::  [-0.030566012486815453, -0.10156502574682236, 0.05546524375677109]
1.3053738013417895  ::  7.057198  ::  [-0.01800326630473137, -0.10184945166110992, 0.055465370416641235]
1.3102801183216801  ::  7.073155  ::  [-0.009620247408747673, -0.10204293578863144, 0.05546364560723305]
1.3102801183216801  ::  7.089113  ::  [0.0029618279077112675, -0.10233017802238464, 0.05546068772673607]
1.3033396856295951  ::  7.10507  ::  [0.015526947565376759, -0.10261142253875732, 0.055467505007982254]
1.3005324778807197  ::  7.121027  ::  [0.028103146702051163, -0.10289595276117325, 0.05546978861093521]
1.2981724340790688  ::  7.136985  ::  [0.04904696345329285, -0.1033681109547615, 0.05546274036169052]
1.296696686331523  ::  7.152942  ::  [0.04904696345329285, -0.1033681109547615, 0.05546274036169052]
1.296696686331523  ::  7.168899  ::  [0.05742643401026726, -0.1035548597574234, 0.05546107888221741]
1.2932842597891612  ::  7.184858  ::  [0.06998611241579056, -0.10383540391921997, 0.05545322224497795]
1.2925282432254053  ::  7.200815  ::  [0.08255753666162491, -0.10411704331636429, 0.055451638996601105]
1.2925282432254053  ::  7.216486  ::  [0.08675455302000046, -0.10422517359256744, 0.055461980402469635]
1.299262276138509  ::  7.232445  ::  [0.09513166546821594, -0.10441530495882034, 0.05546409636735916]
1.299262276138509  ::  7.248401  ::  [0.10770384222269058, -0.104702427983284, 0.05546221882104874]
1.3002464637092255  ::  7.263594  ::  [0.1160859614610672, -0.10489329695701599, 0.05546576529741287]
1.295072061804412  ::  7.279049  ::  [0.12865833938121796, -0.10517556965351105, 0.055465199053287506]
1.2948363135563408  ::  7.294986  ::  [0.14122554659843445, -0.10546279698610306, 0.0554632768034935]
1.2959536898158726  ::  7.310581  ::  [0.15377989411354065, -0.1057625263929367, 0.05544869229197502]
1.2984131982473117  ::  7.326539  ::  [0.16635748744010925, -0.1060367301106453, 0.05546046048402786]
1.2969550595812198  ::  7.342498  ::  [0.17894330620765686, -0.10632174462080002, 0.05546923354268074]
1.2951968194784704  ::  7.358453  ::  [0.19151350855827332, -0.10660765320062637, 0.05546928569674492]
1.295533953347034  ::  7.374411  ::  [0.19989719986915588, -0.10679741948843002, 0.055467624217271805]
1.295533953347034  ::  7.390349  ::  [0.21245907247066498, -0.10707466304302216, 0.0554637685418129]
1.2955429179703197  ::  7.405873  ::  [0.22502568364143372, -0.10736719518899918, 0.055462662130594254]
1.2955429179703197  ::  7.421884  ::  [0.23759567737579346, -0.10765456408262253, 0.05546245723962784]
1.2981488485820911  ::  7.437056  ::  [0.25016191601753235, -0.10794029384851456, 0.05546454340219498]
1.2981488485820911  ::  7.452239  ::  [0.26274046301841736, -0.10822361707687378, 0.05546605959534645]
1.298340840930792  ::  7.468193  ::  [0.2753126919269562, -0.10850441455841064, 0.05546485632658005]
1.2939184001649144  ::  7.484149  ::  [0.28788796067237854, -0.10879356414079666, 0.055464811623096466]
1.2917095810203558  ::  7.500105  ::  [0.2962613105773926, -0.10898075252771378, 0.0554676279425621]
1.2903137678304402  ::  7.516059  ::  [0.3088500201702118, -0.1092657521367073, 0.05546904727816582]
1.2903137678304402  ::  7.531188  ::  [0.32139697670936584, -0.10954974591732025, 0.0554669126868248]
1.2899369334873259  ::  7.546167  ::  [0.33397772908210754, -0.1098325103521347, 0.05546831712126732]
1.2903722513252085  ::  7.562108  ::  [0.3465431332588196, -0.11011584103107452, 0.05546678975224495]
1.2913453398385237  ::  7.578067  ::  [0.3549196124076843, -0.11030527949333191, 0.05546477064490318]
1.292751611755606  ::  7.593023  ::  [0.36748945713043213, -0.11058621853590012, 0.055460162460803986]
1.2957560412167652  ::  7.60875  ::  [0.3800584673881531, -0.11087453365325928, 0.05546610429883003]
1.2957560412167652  ::  7.624729  ::  [0.39262813329696655, -0.11115292459726334, 0.055464792996644974]
1.2951396166441715  ::  7.64023  ::  [0.40101030468940735, -0.11134229600429535, 0.055467549711465836]
1.2951396166441715  ::  7.656158  ::  [0.4135831892490387, -0.11162462830543518, 0.05546823889017105]
1.2942976891072617  ::  7.671764  ::  [0.4219629764556885, -0.11181370168924332, 0.0554698221385479]
1.2909915573838582  ::  7.687703  ::  [0.43034127354621887, -0.11200346797704697, 0.055467892438173294]
1.2903298828080132  ::  7.703659  ::  [0.44709932804107666, -0.11237944662570953, 0.05546550080180168]
1.2903298828080132  ::  7.718649  ::  [0.44709932804107666, -0.11237944662570953, 0.05546550080180168]
1.2896568957313554  ::  7.734161  ::  [0.45548203587532043, -0.11256976425647736, 0.055465541779994965]
1.2891864664522708  ::  7.750146  ::  [0.4680575728416443, -0.11285479366779327, 0.055464766919612885]
1.294556382522076  ::  7.766101  ::  [0.4806255102157593, -0.11313925683498383, 0.05546284466981888]
1.294556382522076  ::  7.782057  ::  [0.49319684505462646, -0.11342832446098328, 0.05546071380376816]
1.2961589156560902  ::  7.798033  ::  [0.5057558417320251, -0.11371298134326935, 0.05546167120337486]
1.2973454475809683  ::  7.81322  ::  [0.5141443014144897, -0.11390510946512222, 0.05546367168426514]
1.29797254432414  ::  7.829205  ::  [0.5183300971984863, -0.1140008345246315, 0.055466145277023315]
1.29797254432414  ::  7.844642  ::  [0.5308995246887207, -0.11428245902061462, 0.055462539196014404]
1.290367128683331  ::  7.860209  ::  [0.5434751510620117, -0.11456412076950073, 0.05546291917562485]
1.290367128683331  ::  7.876139  ::  [0.5560644865036011, -0.1148514449596405, 0.05546831339597702]
1.2892046091422535  ::  7.892097  ::  [0.5644289255142212, -0.11504058539867401, 0.05546870082616806]
1.2869121201803624  ::  7.907077  ::  [0.5769987106323242, -0.11533208191394806, 0.05546798184514046]
1.2869121201803624  ::  7.922015  ::  [0.5895683765411377, -0.1156146228313446, 0.05546789616346359]
1.2864691183796635  ::  7.937994  ::  [0.5979564189910889, -0.11580413579940796, 0.05546686798334122]
1.2886696132311712  ::  7.952991  ::  [0.6105252504348755, -0.11608628928661346, 0.05546607822179794]
1.2886696132311712  ::  7.967951  ::  [0.6230793595314026, -0.11637122929096222, 0.055464647710323334]
1.2910059648141388  ::  7.98391  ::  [0.6272740364074707, -0.11646415293216705, 0.055464938282966614]
1.2910059648141388  ::  7.999865  ::  [0.6356458067893982, -0.11665765941143036, 0.055463746190071106]
1.2929524620058865  ::  8.015112  ::  [0.6440242528915405, -0.11684408783912659, 0.05546240881085396]
1.2929524620058865  ::  8.031069  ::  [0.6524090766906738, -0.11703173816204071, 0.0554659329354763]
1.2936013299770377  ::  8.046588  ::  [0.6607878804206848, -0.11722096800804138, 0.05546632409095764]
1.2922898269346896  ::  8.062531  ::  [0.6649806499481201, -0.11731455475091934, 0.055466603487730026]
1.2947285246335014  ::  8.078491  ::  [0.6775521636009216, -0.11759788542985916, 0.05546850711107254]
1.2958844274288204  ::  8.09345  ::  [0.6859349608421326, -0.11779157817363739, 0.05546323210000992]
1.2958844274288204  ::  8.109406  ::  [0.6901188492774963, -0.11788249015808105, 0.05546654388308525]
1.295013898474761  ::  8.124588  ::  [0.6985056400299072, -0.11807810515165329, 0.05546688288450241]
1.2931807397345532  ::  8.140115  ::  [0.7110708355903625, -0.1183607280254364, 0.05546513944864273]
1.2921545038117588  ::  8.156072  ::  [0.7236381769180298, -0.11864244192838669, 0.055466584861278534]
1.2921545038117588  ::  8.171258  ::  [0.7362065315246582, -0.11892502009868622, 0.05546092242002487]
1.2938314219747027  ::  8.187309  ::  [0.748778223991394, -0.11921005696058273, 0.0554659478366375]
1.2938314219747027  ::  8.202296  ::  [0.7571559548377991, -0.11939817667007446, 0.05546185001730919]
1.2957933938137887  ::  8.218226  ::  [0.7697302103042603, -0.11968556046485901, 0.055465903133153915]
1.297516629197042  ::  8.234183  ::  [0.7823070287704468, -0.11996942013502121, 0.05546228960156441]
1.297516629197042  ::  8.250164  ::  [0.7906734347343445, -0.12015355378389359, 0.05546535179018974]
1.2980227035258574  ::  8.265778  ::  [0.8032451868057251, -0.12044280767440796, 0.05546525493264198]
1.2948184910314753  ::  8.281734  ::  [0.8158231973648071, -0.12072109431028366, 0.05546852573752403]
1.293294505072916  ::  8.296679  ::  [0.8283923864364624, -0.12100349366664886, 0.05546940863132477]
1.2919910061585016  ::  8.312634  ::  [0.8409594297409058, -0.1212867721915245, 0.055467281490564346]
1.291658674766698  ::  8.328593  ::  [0.8493427038192749, -0.12147767841815948, 0.055469147861003876]
1.2917193994172878  ::  8.344066  ::  [0.8577326536178589, -0.12166669219732285, 0.0554637536406517]
1.2917193994172878  ::  8.360023  ::  [0.8660993576049805, -0.12186183035373688, 0.05546681955456734]
1.2946303406641826  ::  8.37598  ::  [0.8702837824821472, -0.12195489555597305, 0.055462464690208435]
1.2985528969601796  ::  8.39194  ::  [0.8786693811416626, -0.1221417561173439, 0.05546267330646515]
1.2991677207071866  ::  8.407895  ::  [0.8870489597320557, -0.12232990562915802, 0.0554606094956398]
1.3001655686562432  ::  8.423691  ::  [0.8912415504455566, -0.12242963165044785, 0.05546022579073906]
1.3012957515204686  ::  8.439673  ::  [0.8996189832687378, -0.12262147665023804, 0.05546342208981514]
1.3012957515204686  ::  8.455634  ::  [0.9079996347427368, -0.12281747907400131, 0.055465973913669586]
1.3021787669141045  ::  8.471592  ::  [0.9205644130706787, -0.123098224401474, 0.055465660989284515]
1.301712179616428  ::  8.486552  ::  [0.9373291730880737, -0.12347537279129028, 0.055468130856752396]
1.301712179616428  ::  8.502535  ::  [0.9373291730880737, -0.12347537279129028, 0.055468130856752396]
1.2991014465278963  ::  8.517515  ::  [0.9499051570892334, -0.12376144528388977, 0.05547013878822327]
1.2991014465278963  ::  8.533455  ::  [0.9582861661911011, -0.12395098805427551, 0.05547038093209267]
1.2971384074717525  ::  8.549384  ::  [0.9624842405319214, -0.12404607236385345, 0.05546993762254715]
1.2971384074717525  ::  8.565341  ::  [0.9750412106513977, -0.12433455884456635, 0.05546719580888748]
1.2963394887822723  ::  8.58033  ::  [0.9876089096069336, -0.12461497634649277, 0.05546443909406662]
1.2970503620644827  ::  8.59528  ::  [1.000173568725586, -0.12490025162696838, 0.05545736849308014]
1.2970503620644827  ::  8.610691  ::  [1.0085636377334595, -0.12509378790855408, 0.05546492710709572]
1.2987004930792754  ::  8.626657  ::  [1.021138072013855, -0.12537837028503418, 0.05546649545431137]
1.3016689573255864  ::  8.642586  ::  [1.0337026119232178, -0.12566465139389038, 0.05546591430902481]
1.302349948530178  ::  8.658544  ::  [1.0462703704833984, -0.12594909965991974, 0.05546649917960167]
1.3020430169043504  ::  8.674527  ::  [1.0588393211364746, -0.126239612698555, 0.05546390637755394]
1.3020430169043504  ::  8.690483  ::  [1.0672237873077393, -0.12642543017864227, 0.055467043071985245]
1.2990504335525328  ::  8.705904  ::  [1.0797922611236572, -0.1267087608575821, 0.05546884983778]
1.2972652995799265  ::  8.721861  ::  [1.0923683643341064, -0.1269940584897995, 0.05547022074460983]
1.2966505825546253  ::  8.737958  ::  [1.104936957359314, -0.12727715075016022, 0.05546962469816208]
1.296669365574843  ::  8.753925  ::  [1.1175035238265991, -0.12756185233592987, 0.055467188358306885]
1.298389185863511  ::  8.769868  ::  [1.1300760507583618, -0.12785087525844574, 0.05546733736991882]
1.298389185863511  ::  8.785853  ::  [1.1426587104797363, -0.12813644111156464, 0.05546525865793228]
1.298978609844542  ::  8.80181  ::  [1.146836757659912, -0.12823131680488586, 0.055466510355472565]
1.301480166628059  ::  8.81777  ::  [1.1594048738479614, -0.12851713597774506, 0.055465590208768845]
1.3026069343976996  ::  8.833721  ::  [1.1635944843292236, -0.12861202657222748, 0.055466677993535995]
1.3036964562920224  ::  8.84968  ::  [1.1719729900360107, -0.12880219519138336, 0.055466555058956146]
1.3032608182890226  ::  8.865557  ::  [1.1845388412475586, -0.12908846139907837, 0.055466361343860626]
1.3033545199466987  ::  8.881517  ::  [1.1971101760864258, -0.1293705850839615, 0.05546610802412033]
1.3033545199466987  ::  8.896477  ::  [1.2013007402420044, -0.12946456670761108, 0.055467888712882996]
1.301154025095191  ::  8.912425  ::  [1.2138671875, -0.129754900932312, 0.05546614155173302]
1.2992083816770894  ::  8.930359  ::  [1.2348365783691406, -0.13023246824741364, 0.05546833574771881]
1.297921424627071  ::  8.944321  ::  [1.2348365783691406, -0.13023246824741364, 0.05546833574771881]
1.29761812153924  ::  8.960305  ::  [1.2474008798599243, -0.1305156946182251, 0.05546775087714195]
1.29761812153924  ::  8.976295  ::  [1.2515807151794434, -0.1306055784225464, 0.055465392768383026]
1.3025829220138987  ::  8.99225  ::  [1.2599564790725708, -0.1308050900697708, 0.05546346679329872]
1.305600584966575  ::  9.008701  ::  [1.2683395147323608, -0.13098660111427307, 0.05546285957098007]
1.305600584966575  ::  9.024611  ::  [1.2809194326400757, -0.13127565383911133, 0.05546630546450615]
1.3073424966483398  ::  9.040669  ::  [1.2934890985488892, -0.1315627098083496, 0.0554666742682457]
1.3100485322201343  ::  9.056073  ::  [1.3102498054504395, -0.13194552063941956, 0.05546732246875763]
1.3097186554275637  ::  9.071584  ::  [1.3186269998550415, -0.13213683664798737, 0.05546751245856285]
1.3094896306469568  ::  9.087541  ::  [1.335381031036377, -0.1325182467699051, 0.05546383187174797]
1.307520188288466  ::  9.103498  ::  [1.335381031036377, -0.1325182467699051, 0.05546383187174797]
1.307520188288466  ::  9.119485  ::  [1.3479501008987427, -0.1328100562095642, 0.05546355992555618]
1.306163541964572  ::  9.134443  ::  [1.3605170249938965, -0.13309557735919952, 0.05545509606599808]
1.3050030501359047  ::  9.1499  ::  [1.3689029216766357, -0.13328827917575836, 0.05546339601278305]
1.3050030501359047  ::  9.165557  ::  [1.3814769983291626, -0.1335778385400772, 0.05546616390347481]
1.305443383893959  ::  9.181512  ::  [1.3940496444702148, -0.13386599719524384, 0.05546394735574722]
1.305443383893959  ::  9.197472  ::  [1.4024314880371094, -0.13405747711658478, 0.05546705052256584]
1.308013349290882  ::  9.212977  ::  [1.4149996042251587, -0.13434480130672455, 0.05546625331044197]
1.308013349290882  ::  9.228911  ::  [1.42339026927948, -0.13453632593154907, 0.05546383187174797]
1.3098966672328072  ::  9.244892  ::  [1.4359488487243652, -0.13482306897640228, 0.05546700209379196]
1.3098966672328072  ::  9.260887  ::  [1.448516845703125, -0.1351044923067093, 0.05546704679727554]
1.3097739372711585  ::  9.276835  ::  [1.4610874652862549, -0.135390505194664, 0.055466800928115845]
1.309099349368914  ::  9.292766  ::  [1.4694607257843018, -0.13558024168014526, 0.055466510355472565]
1.305502934605785  ::  9.308723  ::  [1.4862252473831177, -0.13596439361572266, 0.055467914789915085]
1.305502934605785  ::  9.324463  ::  [1.4946037530899048, -0.13615725934505463, 0.055463988333940506]
1.3042297446558122  ::  9.340211  ::  [1.5071849822998047, -0.13644297420978546, 0.055466629564762115]
1.304094101367764  ::  9.356168  ::  [1.5197621583938599, -0.13673141598701477, 0.05546408146619797]
1.3057393231840908  ::  9.372127  ::  [1.5323206186294556, -0.13701830804347992, 0.05546675994992256]
1.3057393231840908  ::  9.388083  ::  [1.5448908805847168, -0.13730596005916595, 0.055466361343860626]
1.3063299211038855  ::  9.404041  ::  [1.5490798950195312, -0.13740134239196777, 0.055466484278440475]
1.307624668838426  ::  9.419264  ::  [1.5574630498886108, -0.13759268820285797, 0.05546588823199272]
1.3099530162934598  ::  9.434224  ::  [1.5700355768203735, -0.13787972927093506, 0.055466488003730774]
1.3099530162934598  ::  9.449885  ::  [1.582598328590393, -0.13816648721694946, 0.055467911064624786]
1.3149756599326523  ::  9.465419  ::  [1.5951719284057617, -0.13845303654670715, 0.05546704679727554]
1.3126887204994615  ::  9.480378  ::  [1.6077455282211304, -0.13874103128910065, 0.05546760559082031]
1.3126887204994615  ::  9.495973  ::  [1.6203075647354126, -0.1390288919210434, 0.055464740842580795]
1.3110289845311485  ::  9.511931  ::  [1.6328872442245483, -0.13931606709957123, 0.05546381324529648]
1.310111604748251  ::  9.52789  ::  [1.6454542875289917, -0.13960228860378265, 0.055465541779994965]
1.3102656041696938  ::  9.543845  ::  [1.6538361310958862, -0.13979840278625488, 0.05546732246875763]
1.3114185187572507  ::  9.559461  ::  [1.658027172088623, -0.1398947834968567, 0.055467333644628525]
1.3114185187572507  ::  9.575421  ::  [1.670595407485962, -0.14018309116363525, 0.055466488003730774]
1.3128752700411674  ::  9.591502  ::  [1.6831636428833008, -0.14047184586524963, 0.055466119199991226]
1.3140573196544028  ::  9.60746  ::  [1.691545844078064, -0.1406644731760025, 0.055466312915086746]
1.3162022124971984  ::  9.623417  ::  [1.7041126489639282, -0.1409517526626587, 0.055466994643211365]
1.3162022124971984  ::  9.639374  ::  [1.7125035524368286, -0.14114420115947723, 0.0554661825299263]
1.3149407619348616  ::  9.654823  ::  [1.7208689451217651, -0.14133431017398834, 0.05546703189611435]
1.3132540253749858  ::  9.670755  ::  [1.7460144758224487, -0.14190596342086792, 0.055468276143074036]
1.3152850461577126  ::  9.686709  ::  [1.7460144758224487, -0.14190596342086792, 0.055468276143074036]
1.3153292289439062  ::  9.70267  ::  [1.7543936967849731, -0.14210300147533417, 0.055465005338191986]
1.3153292289439062  ::  9.718627  ::  [1.7585891485214233, -0.1422022581100464, 0.055465154349803925]
1.3153292289439062  ::  9.734581  ::  [1.7585891485214233, -0.1422022581100464, 0.055465154349803925]
1.314686764275102  ::  9.750541  ::  [1.766958475112915, -0.14238983392715454, 0.05546212196350098]
1.311950739903983  ::  9.766496  ::  [1.7795398235321045, -0.14268207550048828, 0.05546623840928078]
1.3113994155719157  ::  9.782286  ::  [1.7921106815338135, -0.14296995103359222, 0.05546557158231735]
1.3126157228527071  ::  9.798241  ::  [1.804680347442627, -0.1432586908340454, 0.055466704070568085]
1.3156211128092183  ::  9.814219  ::  [1.81305992603302, -0.14345106482505798, 0.05546610802412033]
1.3156211128092183  ::  9.830176  ::  [1.825629472732544, -0.14373980462551117, 0.055466003715991974]
1.3170776506497237  ::  9.846109  ::  [1.838200569152832, -0.14402812719345093, 0.05546765774488449]
1.3170111630270218  ::  9.862065  ::  [1.8507643938064575, -0.1443142294883728, 0.05546446517109871]
1.308351336933092  ::  9.877621  ::  [1.8633296489715576, -0.14460119605064392, 0.05546485632658005]
1.306811662883783  ::  9.89356  ::  [1.8759044408798218, -0.14488768577575684, 0.05546741932630539]
1.3054554434467123  ::  9.90952  ::  [1.8842785358428955, -0.14508099853992462, 0.05546510964632034]
1.3054554434467123  ::  9.925475  ::  [1.8968565464019775, -0.1453653872013092, 0.05546814948320389]
1.3045500164948625  ::  9.941432  ::  [1.9094403982162476, -0.14565396308898926, 0.05546524003148079]
1.3053295118338901  ::  9.956903  ::  [1.9136207103729248, -0.14574983716011047, 0.05546782910823822]
1.3058107200052587  ::  9.972861  ::  [1.9261953830718994, -0.146036759018898, 0.05546651408076286]
1.3069839117169142  ::  9.988818  ::  [1.9303793907165527, -0.14613264799118042, 0.05546686425805092]
1.3080938174570413  ::  10.004775  ::  [1.938758134841919, -0.14632433652877808, 0.05546676740050316]
1.3091962526777636  ::  10.019928  ::  [1.947148084640503, -0.14651644229888916, 0.05546530336141586]
1.3091962526777636  ::  10.034915  ::  [1.9555144309997559, -0.14670681953430176, 0.0554657056927681]
1.3111003813523163  ::  10.050327  ::  [1.9680864810943604, -0.1469941884279251, 0.055466849356889725]
1.3111003813523163  ::  10.066361  ::  [1.9806556701660156, -0.14728176593780518, 0.055467862635850906]
1.3102263305819661  ::  10.082318  ::  [1.993224859237671, -0.1475660353899002, 0.055467214435338974]
1.3087359619607282  ::  10.098277  ::  [2.0057902336120605, -0.14785386621952057, 0.05546600744128227]
1.3057459399298494  ::  10.114232  ::  [2.018364667892456, -0.14814640581607819, 0.055464815348386765]
1.3058213921758368  ::  10.13019  ::  [2.0267457962036133, -0.14833800494670868, 0.055464573204517365]
1.300668548055591  ::  10.145849  ::  [2.0393099784851074, -0.14863339066505432, 0.05546177178621292]
1.3017136737203088  ::  10.161806  ::  [2.051893949508667, -0.14891237020492554, 0.05546731501817703]
1.303463162643184  ::  10.177766  ::  [2.064462184906006, -0.14919841289520264, 0.0554661899805069]
1.303463162643184  ::  10.193721  ::  [2.077033519744873, -0.1494862586259842, 0.055464666336774826]
1.3054144623116921  ::  10.209683  ::  [2.0854105949401855, -0.1496761590242386, 0.05546622723340988]
1.3058702707170848  ::  10.225242  ::  [2.0937886238098145, -0.14986874163150787, 0.05546592175960541]
1.3065563845635537  ::  10.240783  ::  [2.097980499267578, -0.14996258914470673, 0.055466629564762115]
1.3065563845635537  ::  10.256741  ::  [2.1105518341064453, -0.15024784207344055, 0.05546783283352852]
1.3044526862991899  ::  10.272671  ::  [2.1231205463409424, -0.15053428709506989, 0.05546760931611061]
1.3039404221114388  ::  10.288629  ::  [2.1356825828552246, -0.15081793069839478, 0.055463068187236786]
1.3039404221114388  ::  10.304586  ::  [2.1398773193359375, -0.1509130597114563, 0.055464304983615875]
1.2975009411062919  ::  10.320543  ::  [2.148261547088623, -0.1511022299528122, 0.05546659603714943]
1.2960763130558153  ::  10.336499  ::  [2.1650218963623047, -0.15147791802883148, 0.05546456202864647]
1.2957178348460956  ::  10.351867  ::  [2.1650218963623047, -0.15147791802883148, 0.05546456202864647]
1.2962645701448139  ::  10.367849  ::  [2.1775975227355957, -0.151762917637825, 0.05546756833791733]
1.2969483361137555  ::  10.383816  ::  [2.190166473388672, -0.15204806625843048, 0.055466681718826294]
1.2969483361137555  ::  10.399772  ::  [2.198547840118408, -0.15223902463912964, 0.05546579509973526]
1.2979503462093376  ::  10.415726  ::  [2.2069246768951416, -0.15242861211299896, 0.05546596646308899]
1.2985256829252054  ::  10.431679  ::  [2.2111120223999023, -0.1525242030620575, 0.055465493351221085]
1.3002776264473137  ::  10.447433  ::  [2.2236828804016113, -0.15280896425247192, 0.0554664209485054]
1.3015973470610072  ::  10.462992  ::  [2.2362523078918457, -0.15309321880340576, 0.05546671152114868]
1.3013050363088716  ::  10.478956  ::  [2.244633197784424, -0.15328283607959747, 0.0554676428437233]
1.3004943782317557  ::  10.494941  ::  [2.257206439971924, -0.15356868505477905, 0.05546753853559494]
1.2969206951919583  ::  10.509931  ::  [2.2697715759277344, -0.15385037660598755, 0.055465564131736755]
1.2969206951919583  ::  10.525002  ::  [2.2823405265808105, -0.15413665771484375, 0.055467166006565094]
1.2958747157535941  ::  10.54095  ::  [2.2907238006591797, -0.15432517230510712, 0.0554678738117218]
1.294969502245156  ::  10.556885  ::  [2.303288459777832, -0.15460926294326782, 0.05546291917562485]
1.294609636653261  ::  10.572315  ::  [2.3158679008483887, -0.15489301085472107, 0.055467285215854645]
1.2974133225858453  ::  10.587802  ::  [2.3284337520599365, -0.1551758348941803, 0.05546540766954422]
1.299032824471079  ::  10.602791  ::  [2.3410110473632812, -0.1554640829563141, 0.0554649643599987]
1.3003106034544  ::  10.618745  ::  [2.353574275970459, -0.1557483822107315, 0.05546628683805466]
1.300270689536438  ::  10.633707  ::  [2.366140365600586, -0.15603798627853394, 0.05546419695019722]
1.3001679165337703  ::  10.648662  ::  [2.3703339099884033, -0.1561284363269806, 0.05546694993972778]
1.299971335151721  ::  10.664699  ::  [2.382908582687378, -0.1564123034477234, 0.055468104779720306]
1.2979500260442203  ::  10.680649  ::  [2.3912785053253174, -0.15659646689891815, 0.05546598881483078]
1.2979500260442203  ::  10.696613  ::  [2.4038431644439697, -0.15688534080982208, 0.05546362325549126]
1.2960051296780593  ::  10.712564  ::  [2.416422128677368, -0.15717022120952606, 0.05546668544411659]
1.2954614893088083  ::  10.728523  ::  [2.428990602493286, -0.15745511651039124, 0.055462826043367386]
1.2959059852133883  ::  10.744505  ::  [2.4415698051452637, -0.15773995220661163, 0.05546717718243599]
1.2959059852133883  ::  10.760466  ::  [2.4541404247283936, -0.15802517533302307, 0.05546686798334122]
1.2974450189324624  ::  10.776427  ::  [2.4667117595672607, -0.15831080079078674, 0.055465541779994965]
1.2995047478540445  ::  10.792376  ::  [2.4792838096618652, -0.15859438478946686, 0.05546111613512039]
1.3008651294376405  ::  10.808311  ::  [2.4918460845947266, -0.1588752567768097, 0.05546615272760391]
1.3005352526450702  ::  10.824378  ::  [2.504417657852173, -0.1591598391532898, 0.055467359721660614]
1.3005352526450702  ::  10.840245  ::  [2.5169789791107178, -0.15944556891918182, 0.05546240881085396]
1.2989188456893044  ::  10.855626  ::  [2.525359869003296, -0.15963932871818542, 0.05546247214078903]
1.2946815670829577  ::  10.871237  ::  [2.537949562072754, -0.15991869568824768, 0.0554615817964077]
1.2946815670829577  ::  10.886224  ::  [2.5505146980285645, -0.16020342707633972, 0.0554678775370121]
1.2875212876769628  ::  10.902181  ::  [2.563091516494751, -0.1604873538017273, 0.05546800419688225]
1.2875212876769628  ::  10.918138  ::  [2.571472406387329, -0.16067659854888916, 0.05546733736991882]
1.288426074298578  ::  10.934097  ::  [2.5840516090393066, -0.160960853099823, 0.055465586483478546]
1.2919953817484386  ::  10.950064  ::  [2.596609592437744, -0.16124391555786133, 0.05546584352850914]
1.2937050634750573  ::  10.966019  ::  [2.609178304672241, -0.16152754426002502, 0.05546560138463974]
1.2937050634750573  ::  10.981949  ::  [2.621748447418213, -0.1618112325668335, 0.05546613410115242]
1.2953522062820881  ::  10.99793  ::  [2.634320020675659, -0.16209453344345093, 0.055467069149017334]
1.2943710069191336  ::  11.01386  ::  [2.6469016075134277, -0.16238030791282654, 0.05546579882502556]
1.2943710069191336  ::  11.029801  ::  [2.655261993408203, -0.1625654697418213, 0.05546611174941063]
1.2925798965310036  ::  11.045757  ::  [2.663642168045044, -0.1627558320760727, 0.055460356175899506]
1.2910828044423013  ::  11.061713  ::  [2.672020673751831, -0.16294099390506744, 0.055461395531892776]
1.2887308714902899  ::  11.077673  ::  [2.684591293334961, -0.16322524845600128, 0.05545961111783981]
1.2880262947887207  ::  11.093628  ::  [2.688791275024414, -0.1633201390504837, 0.055462442338466644]
1.288075493495086  ::  11.109585  ::  [2.701359272003174, -0.16360490024089813, 0.05546645075082779]
1.288075493495086  ::  11.125543  ::  [2.705563545227051, -0.16369934380054474, 0.05546543747186661]
1.2884483791350863  ::  11.1415  ::  [2.7139294147491455, -0.1638881415128708, 0.055466193705797195]
1.2894702394679436  ::  11.157459  ::  [2.7223117351531982, -0.16407804191112518, 0.0554659478366375]
1.2915398935081632  ::  11.17283  ::  [2.730686664581299, -0.164265975356102, 0.055465228855609894]
1.2915398935081632  ::  11.188787  ::  [2.7390685081481934, -0.1644562929868698, 0.05546478182077408]
1.2934354844462534  ::  11.204914  ::  [2.75582218170166, -0.16483058035373688, 0.05546457692980766]
1.2940281100784579  ::  11.220895  ::  [2.764207601547241, -0.1650223284959793, 0.05546747148036957]
1.2940445452211482  ::  11.236852  ::  [2.7767772674560547, -0.16530431807041168, 0.055467959493398666]
1.293205605892  ::  11.252836  ::  [2.780954360961914, -0.16539831459522247, 0.05546385794878006]
1.292353646514747  ::  11.268772  ::  [2.789348840713501, -0.16558904945850372, 0.05546826869249344]
1.2908220833150772  ::  11.28473  ::  [2.7977285385131836, -0.1657753437757492, 0.05546624958515167]
1.2908220833150772  ::  11.300686  ::  [2.806100368499756, -0.16596460342407227, 0.05546524375677109]
1.2906901752867315  ::  11.316643  ::  [2.8144941329956055, -0.16615182161331177, 0.05546014383435249]
1.2893271256604908  ::  11.332603  ::  [2.822859764099121, -0.16633720695972443, 0.05546104907989502]
1.289054451702219  ::  11.348558  ::  [2.831258773803711, -0.16652846336364746, 0.05546612665057182]
1.289054451702219  ::  11.364515  ::  [2.835442066192627, -0.16662292182445526, 0.055467065423727036]
1.2895686368806742  ::  11.380472  ::  [2.8480114936828613, -0.16690649092197418, 0.05546649917960167]
1.2907038356650715  ::  11.396106  ::  [2.8605899810791016, -0.1671903282403946, 0.05546236038208008]
1.2993863934823329  ::  11.411579  ::  [2.873148202896118, -0.167476624250412, 0.05546325072646141]
1.3017562556809157  ::  11.427532  ::  [2.88571834564209, -0.1677589863538742, 0.05546550825238228]
1.3015587138035143  ::  11.44349  ::  [2.8982937335968018, -0.16804324090480804, 0.05546736717224121]
1.3015587138035143  ::  11.45945  ::  [2.906674861907959, -0.16823633015155792, 0.05546669289469719]
1.308376203090539  ::  11.475458  ::  [2.9150590896606445, -0.16842469573020935, 0.05546775460243225]
1.307485503734087  ::  11.491416  ::  [2.9234325885772705, -0.1686142534017563, 0.05546487867832184]
1.3057943915842742  ::  11.507373  ::  [2.9360098838806152, -0.16890519857406616, 0.05546773597598076]
1.304235721071336  ::  11.523332  ::  [2.9485831260681152, -0.1691921204328537, 0.055468082427978516]
1.3030551655619818  ::  11.539287  ::  [2.9611504077911377, -0.16947896778583527, 0.05546717718243599]
1.3033137522550902  ::  11.55474  ::  [2.973724842071533, -0.16976620256900787, 0.05546716973185539]
1.3066265007242521  ::  11.57026  ::  [2.9988491535186768, -0.1703372597694397, 0.05545820668339729]
1.308284315701861  ::  11.586149  ::  [2.9988491535186768, -0.1703372597694397, 0.05545820668339729]
1.308284315701861  ::  11.602184  ::  [3.007236957550049, -0.17052333056926727, 0.055465053766965866]
1.3101218500320062  ::  11.618172  ::  [3.0239996910095215, -0.1709062159061432, 0.05546686053276062]
1.3104346513516516  ::  11.634122  ::  [3.0323805809020996, -0.17109768092632294, 0.05546686053276062]
1.30281867026197  ::  11.65016  ::  [3.0449607372283936, -0.1713825762271881, 0.05546494573354721]
1.2992711340400889  ::  11.666144  ::  [3.05753231048584, -0.17166753113269806, 0.05546308308839798]
1.2992711340400889  ::  11.682101  ::  [3.070087194442749, -0.17194876074790955, 0.05546052008867264]
1.2973498231709053  ::  11.697064  ::  [3.0826592445373535, -0.1722339242696762, 0.0554649755358696]
1.2973498231709053  ::  11.713019  ::  [3.091046094894409, -0.17242716252803802, 0.05546683818101883]
1.29826955083133  ::  11.727977  ::  [3.10361385345459, -0.17271241545677185, 0.05546541139483452]
1.2997655757029742  ::  11.743938  ::  [3.1119959354400635, -0.17290446162223816, 0.055465053766965866]
1.2997655757029742  ::  11.759896  ::  [3.124563694000244, -0.17318545281887054, 0.05546356737613678]
1.3015732279555006  ::  11.77586  ::  [3.1287543773651123, -0.1732739955186844, 0.05546504259109497]
1.3015732279555006  ::  11.791785  ::  [3.1371312141418457, -0.17346423864364624, 0.05546323210000992]
1.2987962224493614  ::  11.807741  ::  [3.1455068588256836, -0.1736547350883484, 0.055465199053287506]
1.298592810878142  ::  11.82374  ::  [3.1538851261138916, -0.17383985221385956, 0.05546374246478081]
1.2988337884897965  ::  11.83968  ::  [3.1664621829986572, -0.1741284281015396, 0.05546595901250839]
1.2983244057881016  ::  11.855672  ::  [3.1706509590148926, -0.17422029376029968, 0.05546816438436508]
1.2983244057881016  ::  11.87114  ::  [3.1790425777435303, -0.1744106411933899, 0.05546528473496437]
1.2977669983188052  ::  11.88618  ::  [3.187403917312622, -0.17459329962730408, 0.055466070771217346]
1.291575218392777  ::  11.902087  ::  [3.199972152709961, -0.17487554252147675, 0.05546467751264572]
1.291575218392777  ::  11.918014  ::  [3.208369016647339, -0.17506948113441467, 0.05545935779809952]
1.2910291234242932  ::  11.934001  ::  [3.220932722091675, -0.17535400390625, 0.055465973913669586]
1.2907085314201259  ::  11.949959  ::  [3.2335047721862793, -0.17564231157302856, 0.05546658858656883]
1.291694319816429  ::  11.965886  ::  [3.2460684776306152, -0.17593242228031158, 0.05546477809548378]
1.293382550480186  ::  11.980874  ::  [3.2586538791656494, -0.17622075974941254, 0.055464453995227814]
1.2958120701123006  ::  11.996845  ::  [3.2712135314941406, -0.1765059232711792, 0.055463775992393494]
1.2958120701123006  ::  12.011791  ::  [3.279590129852295, -0.17669357359409332, 0.05546663701534271]
1.2955621278773604  ::  12.027752  ::  [3.2837753295898438, -0.17679107189178467, 0.055465683341026306]
1.2955621278773604  ::  12.043706  ::  [3.2963407039642334, -0.17706409096717834, 0.05546221137046814]
1.2947024845372908  ::  12.059366  ::  [3.3089096546173096, -0.17735758423805237, 0.05546405911445618]
1.2947024845372908  ::  12.075304  ::  [3.3131039142608643, -0.17745262384414673, 0.05546601861715317]
1.2934997309131337  ::  12.090498  ::  [3.3214898109436035, -0.17763985693454742, 0.05546700209379196]
1.2940042044163627  ::  12.10611  ::  [3.334071159362793, -0.17793093621730804, 0.055467389523983]
1.2936063458972096  ::  12.122068  ::  [3.3466267585754395, -0.1782187521457672, 0.05546724796295166]
1.294512413179294  ::  12.138025  ::  [3.3591983318328857, -0.17849713563919067, 0.0554649643599987]
1.3009782544457689  ::  12.153984  ::  [3.384338855743408, -0.17907458543777466, 0.05546630546450615]
1.302699035229789  ::  12.169071  ::  [3.384338855743408, -0.17907458543777466, 0.05546630546450615]
1.302699035229789  ::  12.184579  ::  [3.3969054222106934, -0.17936058342456818, 0.055465370416641235]
1.3047239728752862  ::  12.200284  ::  [3.4094624519348145, -0.17964574694633484, 0.05546355992555618]
1.3043679492647993  ::  12.216381  ::  [3.422043800354004, -0.17993243038654327, 0.05546756461262703]
1.3043679492647993  ::  12.232351  ::  [3.4346096515655518, -0.18021687865257263, 0.055467139929533005]
1.3036474710290686  ::  12.248291  ::  [3.442983388900757, -0.1804039478302002, 0.05546549707651138]
1.3036474710290686  ::  12.263962  ::  [3.4471805095672607, -0.18050065636634827, 0.05546606332063675]
1.300501528586043  ::  12.278903  ::  [3.4597530364990234, -0.18078213930130005, 0.05546756833791733]
1.2990211918051486  ::  12.294866  ::  [3.4681336879730225, -0.18097440898418427, 0.05546761304140091]
