1.461848312584904  ::  0.015956  ::  [-4.5248823165893555, -4.0644139517098665e-05, 0.05546620488166809]
1.4616297465314636  ::  0.031942  ::  [-4.5248823165893555, -4.0644139517098665e-05, 0.05546620488166809]
1.4940718644285549  ::  0.047093  ::  [-4.524883270263672, -4.062854713993147e-05, 0.05546620488166809]
1.4830753665865402  ::  0.063017  ::  [-4.5250091552734375, 5.7935692893806845e-05, 0.05670968443155289]
1.4830753665865402  ::  0.078004  ::  [-4.510472297668457, -0.00032040971564128995, 0.055691830813884735]
1.5103967635968258  ::  0.09397  ::  [-4.502619743347168, -0.000498916779179126, 0.057267528027296066]
1.5077723701299541  ::  0.109916  ::  [-4.489748954772949, -0.0007948341662995517, 0.05600728839635849]
1.5077723701299541  ::  0.125301  ::  [-4.47539758682251, -0.0011641142191365361, 0.055664919316768646]
1.4687581161474297  ::  0.14126  ::  [-4.464733600616455, -0.0014476168435066938, 0.0555361807346344]
1.4550055302536091  ::  0.157106  ::  [-4.456066608428955, -0.0016738988924771547, 0.05547662451863289]
1.4538276427868992  ::  0.173009  ::  [-4.442920684814453, -0.0020208903588354588, 0.055469974875450134]
1.4538276427868992  ::  0.188989  ::  [-4.434545516967773, -0.002230069600045681, 0.05547018721699715]
1.4514076213865992  ::  0.204974  ::  [-4.4219818115234375, -0.0025510876439511776, 0.05546870827674866]
1.4514076213865992  ::  0.220591  ::  [-4.409407138824463, -0.002873798832297325, 0.05546741187572479]
1.4505777534024427  ::  0.235933  ::  [-4.401025772094727, -0.0030822937842458487, 0.0554676279425621]
1.4505777534024427  ::  0.251313  ::  [-4.388459205627441, -0.0034081912599503994, 0.05546615272760391]
1.4537166522128866  ::  0.26733  ::  [-4.380081653594971, -0.003617584239691496, 0.0554647222161293]
1.4551040343880455  ::  0.283288  ::  [-4.367514610290527, -0.0039424593560397625, 0.055466197431087494]
1.4560157579205364  ::  0.299244  ::  [-4.359126567840576, -0.004154819995164871, 0.055466827005147934]
1.4560157579205364  ::  0.315202  ::  [-4.346566677093506, -0.0044720168225467205, 0.055467698723077774]
1.4561803227908512  ::  0.331159  ::  [-4.333996295928955, -0.004793123342096806, 0.055468153208494186]
1.4561803227908512  ::  0.347117  ::  [-4.325614929199219, -0.0050061848014593124, 0.05546959489583969]
1.45328827128588  ::  0.363074  ::  [-4.3130340576171875, -0.005322897806763649, 0.05546965077519417]
1.45328827128588  ::  0.379031  ::  [-4.304665565490723, -0.005535859614610672, 0.05547034367918968]
1.4529693868290048  ::  0.394989  ::  [-4.292095184326172, -0.005853662732988596, 0.05546746402978897]
1.4542297701742837  ::  0.409962  ::  [-4.283715724945068, -0.006068041082471609, 0.05546808987855911]
1.4539959429169167  ::  0.424908  ::  [-4.271152496337891, -0.0063858539797365665, 0.055466048419475555]
1.4553496010330484  ::  0.440457  ::  [-4.262773513793945, -0.006600082851946354, 0.05546557903289795]
1.4569165958390375  ::  0.456449  ::  [-4.250195503234863, -0.006919611245393753, 0.05546758696436882]
1.4569165958390375  ::  0.472372  ::  [-4.241817951202393, -0.007131368853151798, 0.05546688288450241]
1.4587938306437331  ::  0.488358  ::  [-4.229249954223633, -0.007454118691384792, 0.05546710640192032]
1.460011738750111  ::  0.504314  ::  [-4.225065231323242, -0.007559014018625021, 0.05546679347753525]
1.4602714993819832  ::  0.520273  ::  [-4.212491989135742, -0.007880588993430138, 0.055467672646045685]
1.4602714993819832  ::  0.536243  ::  [-4.208307266235352, -0.00798454973846674, 0.05546783655881882]
1.4590812321974027  ::  0.55216  ::  [-4.199925899505615, -0.008198478259146214, 0.055467236787080765]
1.4590812321974027  ::  0.568117  ::  [-4.191549301147461, -0.008410985581576824, 0.05546846613287926]
1.4581899992324219  ::  0.584098  ::  [-4.183167934417725, -0.008625319227576256, 0.05546919256448746]
1.4558435090874051  ::  0.600034  ::  [-4.170600891113281, -0.008944133296608925, 0.05546817183494568]
1.4545316858799395  ::  0.615988  ::  [-4.170600891113281, -0.008944133296608925, 0.05546817183494568]
1.4545316858799395  ::  0.631945  ::  [-4.162217617034912, -0.009152931161224842, 0.05546857789158821]
1.453718359760179  ::  0.647432  ::  [-4.149641990661621, -0.009478047490119934, 0.05546877905726433]
1.453718359760179  ::  0.662393  ::  [-4.149641990661621, -0.009478047490119934, 0.05546877905726433]
1.4535504865169848  ::  0.67835  ::  [-4.141265869140625, -0.009689869359135628, 0.0554686114192009]
1.4538288167256628  ::  0.693361  ::  [-4.141265869140625, -0.009689869359135628, 0.0554686114192009]
1.4540057613138484  ::  0.709318  ::  [-4.137077808380127, -0.009795952588319778, 0.055468250066041946]
1.4549150302471063  ::  0.725252  ::  [-4.128695487976074, -0.010007927194237709, 0.05546408146619797]
1.4549150302471063  ::  0.741238  ::  [-4.120324611663818, -0.010225127451121807, 0.055465828627347946]
1.4573032485790838  ::  0.757227  ::  [-4.111943244934082, -0.010436036624014378, 0.05546611547470093]
1.4580299166737496  ::  0.773337  ::  [-4.103548526763916, -0.010648494586348534, 0.055463600903749466]
1.4580299166737496  ::  0.789324  ::  [-4.095186710357666, -0.010866722092032433, 0.055466242134571075]
1.4594918973212496  ::  0.805282  ::  [-4.082613468170166, -0.011186188086867332, 0.05546867474913597]
1.4589131455107969  ::  0.821208  ::  [-4.074232578277588, -0.01139991544187069, 0.055468373000621796]
1.4582165729371614  ::  0.837167  ::  [-4.065858840942383, -0.01161036267876625, 0.055468861013650894]
1.4562718900144118  ::  0.853154  ::  [-4.057478427886963, -0.01182909682393074, 0.05547004193067551]
1.4546072448476328  ::  0.869111  ::  [-4.044907093048096, -0.012155294418334961, 0.055470578372478485]
1.4533104694006824  ::  0.885061  ::  [-4.036526679992676, -0.012369020842015743, 0.05546997860074043]
1.452751567827505  ::  0.9  ::  [-4.015574932098389, -0.012901932001113892, 0.05546951666474342]
1.4521951208535604  ::  0.915957  ::  [-4.003010272979736, -0.01322125643491745, 0.05546783655881882]
1.4521951208535604  ::  0.930943  ::  [-4.003010272979736, -0.01322125643491745, 0.05546783655881882]
1.4524489050699088  ::  0.9469  ::  [-3.998823642730713, -0.01332663744688034, 0.055467087775468826]
1.4533803721179692  ::  0.962937  ::  [-3.990448236465454, -0.013542925007641315, 0.05546324700117111]
1.4562703959105308  ::  0.978896  ::  [-3.9778785705566406, -0.013859568163752556, 0.05546378344297409]
1.4562703959105308  ::  0.994823  ::  [-3.9653007984161377, -0.014182962477207184, 0.05546514317393303]
1.4511137098088769  ::  1.009818  ::  [-3.952739953994751, -0.014498810283839703, 0.055466581135988235]
1.4502680470122649  ::  1.024744  ::  [-3.9401752948760986, -0.014811450615525246, 0.05546867102384567]
1.449106701409951  ::  1.040724  ::  [-3.9317924976348877, -0.015022309496998787, 0.05547044426202774]
1.449106701409951  ::  1.056574  ::  [-3.9276070594787598, -0.01512858271598816, 0.05546945333480835]
1.447254119319291  ::  1.072508  ::  [-3.9192192554473877, -0.015338482335209846, 0.05546892434358597]
1.447254119319291  ::  1.087491  ::  [-3.9108455181121826, -0.015550345182418823, 0.055470772087574005]
1.4442585477597114  ::  1.103461  ::  [-3.9024746417999268, -0.015760080888867378, 0.05546828359365463]
1.4442585477597114  ::  1.118406  ::  [-3.8899004459381104, -0.016078857704997063, 0.05546768754720688]
1.4438865158933571  ::  1.134343  ::  [-3.8815228939056396, -0.016291961073875427, 0.055466365069150925]
1.4448361256314006  ::  1.150302  ::  [-3.8647677898406982, -0.016719045117497444, 0.055466264486312866]
1.4448361256314006  ::  1.165278  ::  [-3.8647677898406982, -0.016719045117497444, 0.055466264486312866]
1.4452526604490656  ::  1.180448  ::  [-3.8605754375457764, -0.01682288572192192, 0.05546611174941063]
1.447845464291026  ::  1.196429  ::  [-3.8521928787231445, -0.01703924871981144, 0.05546649172902107]
1.447845464291026  ::  1.212363  ::  [-3.8396286964416504, -0.017354803159832954, 0.05546482652425766]
1.448741499732767  ::  1.22832  ::  [-3.831249952316284, -0.017563600093126297, 0.05546663701534271]
1.4505459503341196  ::  1.244352  ::  [-3.8186795711517334, -0.017881380394101143, 0.05546765401959419]
1.4489850386653602  ::  1.260309  ::  [-3.806112766265869, -0.018200036138296127, 0.05546801909804344]
1.4473684182661828  ::  1.276268  ::  [-3.793544054031372, -0.018518155440688133, 0.055467016994953156]
1.4480948729174372  ::  1.292224  ::  [-3.7809667587280273, -0.018836839124560356, 0.055470045655965805]
1.44805634638165  ::  1.308205  ::  [-3.772597551345825, -0.01904520019888878, 0.0554649792611599]
1.44805634638165  ::  1.324174  ::  [-3.764204978942871, -0.019261378794908524, 0.055468618869781494]
1.4477636087426915  ::  1.340096  ::  [-3.755821466445923, -0.01947667822241783, 0.055465441197156906]
1.4473621216855417  ::  1.356054  ::  [-3.7516379356384277, -0.019581738859415054, 0.05546911060810089]
1.4473621216855417  ::  1.372038  ::  [-3.7390694618225098, -0.01989845372736454, 0.05546746030449867]
1.450475940895127  ::  1.388003  ::  [-3.726500988006592, -0.020218247547745705, 0.055464304983615875]
1.450475940895127  ::  1.403947  ::  [-3.7139267921447754, -0.020537089556455612, 0.05546122416853905]
1.453290619163407  ::  1.419946  ::  [-3.705564260482788, -0.02074788510799408, 0.05546044558286667]
1.4535461109270478  ::  1.435984  ::  [-3.6971852779388428, -0.020960252732038498, 0.055463917553424835]
1.454040659311639  ::  1.451487  ::  [-3.692992925643921, -0.02107001468539238, 0.055462807416915894]
1.456384161248894  ::  1.467492  ::  [-3.680420398712158, -0.021385256201028824, 0.05545959621667862]
1.4551494978347084  ::  1.483524  ::  [-3.667846202850342, -0.02170252613723278, 0.05546728894114494]
1.4533946728265439  ::  1.500525  ::  [-3.642712116241455, -0.022331593558192253, 0.05546947568655014]
1.4533946728265439  ::  1.515485  ::  [-3.642712116241455, -0.022331593558192253, 0.05546947568655014]
1.451244550620165  ::  1.531197  ::  [-3.630143642425537, -0.02265060693025589, 0.055466167628765106]
1.451244550620165  ::  1.546912  ::  [-3.6175718307495117, -0.022968146950006485, 0.055468104779720306]
1.4508694238243434  ::  1.561906  ::  [-3.6091954708099365, -0.023181894794106483, 0.05546673387289047]
1.4508694238243434  ::  1.577872  ::  [-3.6050028800964355, -0.023292945697903633, 0.05546131730079651]
1.4524159280628222  ::  1.592816  ::  [-3.5966341495513916, -0.023501206189393997, 0.05546434596180916]
1.4539838833641634  ::  1.608776  ::  [-3.5924315452575684, -0.023610306903719902, 0.055463530123233795]
1.4539838833641634  ::  1.624752  ::  [-3.584068775177002, -0.023823456838726997, 0.05546415597200394]
1.4612464021642968  ::  1.64071  ::  [-3.5756940841674805, -0.02403430826961994, 0.05546221509575844]
1.4621221604819392  ::  1.656701  ::  [-3.5673158168792725, -0.024242470040917397, 0.055463094264268875]
1.462941676460635  ::  1.672624  ::  [-3.5631120204925537, -0.02435198985040188, 0.055464647710323334]
1.463427473665352  ::  1.688671  ::  [-3.5547451972961426, -0.02456577494740486, 0.05546696484088898]
1.4620966539942575  ::  1.704726  ::  [-3.54217529296875, -0.024879444390535355, 0.0554681196808815]
1.4601676591622579  ::  1.719917  ::  [-3.529609203338623, -0.02519829198718071, 0.05546402186155319]
1.4601676591622579  ::  1.734899  ::  [-3.5170345306396484, -0.02552550658583641, 0.05546761676669121]
1.458977498699383  ::  1.750859  ::  [-3.508657693862915, -0.02573953941464424, 0.05546463280916214]
1.4572888411488032  ::  1.766794  ::  [-3.504467487335205, -0.02584703639149666, 0.05546712130308151]
1.4568766819210752  ::  1.782756  ::  [-3.4960851669311523, -0.026060495525598526, 0.05546677112579346]
1.4568766819210752  ::  1.798074  ::  [-3.4877073764801025, -0.026271959766745567, 0.055466730147600174]
1.4564299448606741  ::  1.814078  ::  [-3.475130081176758, -0.026591714471578598, 0.055463969707489014]
1.4564299448606741  ::  1.830063  ::  [-3.475130081176758, -0.026591714471578598, 0.055463969707489014]
1.4593153796198872  ::  1.845401  ::  [-3.4667603969573975, -0.026807289570569992, 0.055465590208768845]
1.4630331369624898  ::  1.861353  ::  [-3.454195022583008, -0.02713172137737274, 0.05546486750245094]
1.4647888157443003  ::  1.87728  ::  [-3.4458179473876953, -0.027344483882188797, 0.055464547127485275]
1.4647888157443003  ::  1.893322  ::  [-3.4332480430603027, -0.02767016366124153, 0.055465828627347946]
1.4650970280305973  ::  1.909527  ::  [-3.429058313369751, -0.027770545333623886, 0.055464837700128555]
1.4656282886819771  ::  1.925443  ::  [-3.416491746902466, -0.028095364570617676, 0.05546525865793228]
1.4649800610410606  ::  1.941381  ::  [-3.4081101417541504, -0.02831405960023403, 0.055466048419475555]
1.4643113428326342  ::  1.957368  ::  [-3.3997373580932617, -0.028521621599793434, 0.05546692758798599]
1.4630132867252144  ::  1.973325  ::  [-3.3913490772247314, -0.028735946863889694, 0.05546945333480835]
1.461739990053536  ::  1.98929  ::  [-3.3829691410064697, -0.028951218351721764, 0.055469442158937454]
1.4606961450492875  ::  2.005213  ::  [-3.37459397315979, -0.029162168502807617, 0.05546782538294792]
1.4589702416233898  ::  2.021277  ::  [-3.3620212078094482, -0.029485613107681274, 0.05546863004565239]
1.4582923453482661  ::  2.037236  ::  [-3.353635787963867, -0.029704520478844643, 0.0554693378508091]
1.4601410854575183  ::  2.053184  ::  [-3.341078758239746, -0.030024901032447815, 0.05546509474515915]
1.4609004103941532  ::  2.069139  ::  [-3.3285114765167236, -0.03034076653420925, 0.05546211078763008]
1.4609004103941532  ::  2.085076  ::  [-3.3201351165771484, -0.0305587500333786, 0.055460814386606216]
1.4632481811996394  ::  2.101035  ::  [-3.303377389907837, -0.03097343072295189, 0.05546506866812706]
1.464032585737133  ::  2.116058  ::  [-3.303377389907837, -0.03097343072295189, 0.05546506866812706]
1.464032585737133  ::  2.131047  ::  [-3.290799379348755, -0.03129517659544945, 0.055467333644628525]
1.4642442148796977  ::  2.146978  ::  [-3.2782351970672607, -0.031617991626262665, 0.055465079843997955]
1.4601076815636087  ::  2.162652  ::  [-3.2698569297790527, -0.03182966262102127, 0.055465176701545715]
1.4579599072347569  ::  2.178442  ::  [-3.2614684104919434, -0.0320407897233963, 0.05546487495303154]
1.4573328104915853  ::  2.194398  ::  [-3.2530977725982666, -0.0322548970580101, 0.05546776205301285]
1.4545459865885142  ::  2.209566  ::  [-3.240525960922241, -0.03257344290614128, 0.05546807125210762]
1.4545459865885142  ::  2.225185  ::  [-3.227952241897583, -0.0328923836350441, 0.05546819418668747]
1.4545183456667168  ::  2.241157  ::  [-3.2195770740509033, -0.03310567885637283, 0.05546760559082031]
1.4545183456667168  ::  2.257076  ::  [-3.2070088386535645, -0.03342358022928238, 0.05546535551548004]
1.4563095627765525  ::  2.273113  ::  [-3.1944453716278076, -0.03374738246202469, 0.055462777614593506]
1.4563782915550758  ::  2.289222  ::  [-3.1902554035186768, -0.03385467454791069, 0.05545927211642265]
1.4582853017156845  ::  2.30518  ::  [-3.177691698074341, -0.03417624160647392, 0.055464014410972595]
1.4580774078328222  ::  2.320334  ::  [-3.1693124771118164, -0.03438785299658775, 0.055464692413806915]
1.4580459249296167  ::  2.336264  ::  [-3.1567294597625732, -0.034705087542533875, 0.05546466261148453]
1.4580459249296167  ::  2.351229  ::  [-3.144172191619873, -0.03502528741955757, 0.055467959493398666]
1.4571602414933367  ::  2.367182  ::  [-3.1357905864715576, -0.03524763137102127, 0.05546886846423149]
1.4556780904434439  ::  2.383141  ::  [-3.1274046897888184, -0.035458698868751526, 0.055462539196014404]
1.4549735137418747  ::  2.398826  ::  [-3.1232211589813232, -0.03555683791637421, 0.055465973913669586]
1.4534392824995606  ::  2.414322  ::  [-3.110650062561035, -0.03588319569826126, 0.05546746402978897]
1.4529786716174078  ::  2.429314  ::  [-3.098083019256592, -0.036210089921951294, 0.055467985570430756]
1.4529786716174078  ::  2.44444  ::  [-3.089703321456909, -0.03642406314611435, 0.05546724423766136]
1.45648469309574  ::  2.460117  ::  [-3.0771422386169434, -0.03674077242612839, 0.05546502023935318]
1.4594388566334764  ::  2.476074  ::  [-3.0645623207092285, -0.03706143796443939, 0.05546306446194649]
1.4594388566334764  ::  2.4921  ::  [-3.0520033836364746, -0.0373825766146183, 0.05546054244041443]
1.4623650590842978  ::  2.508076  ::  [-3.043625831604004, -0.03759489580988884, 0.055465228855609894]
1.4623650590842978  ::  2.524077  ::  [-3.031054735183716, -0.03791455179452896, 0.05546680465340614]
1.4621070059997183  ::  2.540061  ::  [-3.0184900760650635, -0.03823617100715637, 0.05546655133366585]
1.4621070059997183  ::  2.556022  ::  [-3.0142972469329834, -0.038342349231243134, 0.05546826869249344]
1.4600065093865278  ::  2.571954  ::  [-3.0059101581573486, -0.03855704888701439, 0.055470120161771774]
1.4600065093865278  ::  2.587083  ::  [-2.997539758682251, -0.038769327104091644, 0.055468179285526276]
1.4566733770715616  ::  2.603091  ::  [-2.984963893890381, -0.039078421890735626, 0.05546935647726059]
1.4555722225113086  ::  2.61808  ::  [-2.976580858230591, -0.039291854947805405, 0.055464256554841995]
1.4551299677625502  ::  2.634102  ::  [-2.9556374549865723, -0.039824821054935455, 0.055467091500759125]
1.4558780869200783  ::  2.649235  ::  [-2.9556374549865723, -0.039824821054935455, 0.055467091500759125]
1.4558780869200783  ::  2.664355  ::  [-2.9430694580078125, -0.04014620929956436, 0.05546548217535019]
1.4589309680356624  ::  2.68035  ::  [-2.930506944656372, -0.04046754911541939, 0.055464211851358414]
1.4630605644408756  ::  2.696308  ::  [-2.917945146560669, -0.04078979790210724, 0.05546431243419647]
1.4630605644408756  ::  2.712265  ::  [-2.909562110900879, -0.04099739342927933, 0.05546220391988754]
1.4642732431836702  ::  2.728222  ::  [-2.9011831283569336, -0.04121292382478714, 0.055462926626205444]
1.4646438876678491  ::  2.74324  ::  [-2.8927958011627197, -0.04142453521490097, 0.055463675409555435]
1.4631592820187234  ::  2.759225  ::  [-2.8802270889282227, -0.04174526035785675, 0.05546591058373451]
1.4611571828182635  ::  2.774418  ::  [-2.8718528747558594, -0.04195912554860115, 0.055468589067459106]
1.4611571828182635  ::  2.790352  ::  [-2.8592846393585205, -0.042279958724975586, 0.05546826496720314]
1.459872680367478  ::  2.805496  ::  [-2.846709966659546, -0.04260515049099922, 0.0554659403860569]
1.4582039797758792  ::  2.82043  ::  [-2.8341362476348877, -0.04292384535074234, 0.05546925216913223]
1.457845074679336  ::  2.836457  ::  [-2.825761556625366, -0.0431368350982666, 0.055467456579208374]
1.4589716290055652  ::  2.852422  ::  [-2.8173835277557373, -0.043350934982299805, 0.05546693503856659]
1.4589716290055652  ::  2.867954  ::  [-2.804809331893921, -0.04367149993777275, 0.05545637384057045]
1.4627881039260155  ::  2.883141  ::  [-2.7922534942626953, -0.04399162158370018, 0.0554649718105793]
1.4638614041210596  ::  2.899098  ::  [-2.7796902656555176, -0.04430725798010826, 0.05546162277460098]
1.4640289571991365  ::  2.915055  ::  [-2.7671170234680176, -0.044630371034145355, 0.05546688660979271]
1.4629250278745332  ::  2.931014  ::  [-2.7587265968322754, -0.04484320804476738, 0.055465638637542725]
1.4629250278745332  ::  2.946971  ::  [-2.746171236038208, -0.045163705945014954, 0.05546760559082031]
1.4623870437556887  ::  2.962956  ::  [-2.7377891540527344, -0.04537389427423477, 0.05546515807509422]
1.4596172953255429  ::  2.978885  ::  [-2.729398250579834, -0.045588478446006775, 0.055465925484895706]
1.4596172953255429  ::  2.994842  ::  [-2.71683669090271, -0.04590696096420288, 0.05546922981739044]
1.4594861343491374  ::  3.009838  ::  [-2.7084615230560303, -0.04612347111105919, 0.05546718090772629]
1.4594861343491374  ::  3.025761  ::  [-2.6958887577056885, -0.04644591361284256, 0.05546694993972778]
1.460868820769242  ::  3.040719  ::  [-2.6833181381225586, -0.04676289111375809, 0.055464111268520355]
1.460868820769242  ::  3.055707  ::  [-2.6791279315948486, -0.04687660560011864, 0.05546727031469345]
1.463515519072622  ::  3.071352  ::  [-2.6707534790039062, -0.04708929732441902, 0.05546640232205391]
1.4646930863742145  ::  3.087085  ::  [-2.658193349838257, -0.04740481823682785, 0.05546386167407036]
1.4664693624452407  ::  3.103015  ::  [-2.6372439861297607, -0.04794786125421524, 0.05546637624502182]
1.4664693624452407  ::  3.118995  ::  [-2.6372439861297607, -0.04794786125421524, 0.05546637624502182]
1.46631152104239  ::  3.134123  ::  [-2.6330559253692627, -0.04805236682295799, 0.05546469986438751]
1.4662056531102547  ::  3.149891  ::  [-2.620485782623291, -0.048372868448495865, 0.05546712875366211]
1.4662056531102547  ::  3.164886  ::  [-2.620485782623291, -0.048372868448495865, 0.05546712875366211]
1.4658417320935402  ::  3.18011  ::  [-2.6121068000793457, -0.04858822003006935, 0.05546887591481209]
1.465174828154112  ::  3.195827  ::  [-2.607910633087158, -0.048698145896196365, 0.0554681271314621]
1.4634576759080884  ::  3.210783  ::  [-2.595334768295288, -0.049016423523426056, 0.05546916648745537]
1.4610824776242164  ::  3.226588  ::  [-2.5827808380126953, -0.04933909326791763, 0.05546579137444496]
1.4609158850414916  ::  3.242555  ::  [-2.5743954181671143, -0.049554236233234406, 0.055464766919612885]
1.4600705424099967  ::  3.258589  ::  [-2.5618231296539307, -0.04987451806664467, 0.05546761304140091]
1.4608066020147714  ::  3.274553  ::  [-2.5492472648620605, -0.05019782856106758, 0.05546572804450989]
1.4626763663000624  ::  3.290475  ::  [-2.536694288253784, -0.05051746591925621, 0.05546542629599571]
1.465999039887862  ::  3.306433  ::  [-2.5241289138793945, -0.05083860084414482, 0.055464956909418106]
1.465999039887862  ::  3.32239  ::  [-2.5115630626678467, -0.05115923285484314, 0.055465348064899445]
1.4662796112523615  ::  3.338349  ::  [-2.503178358078003, -0.05137374997138977, 0.05546767637133598]
1.4669616696740106  ::  3.353658  ::  [-2.490590810775757, -0.0516965314745903, 0.0554654635488987]
1.4652705575241978  ::  3.369622  ::  [-2.4780430793762207, -0.05201294273138046, 0.05546799674630165]
1.4617553579791684  ::  3.385573  ::  [-2.4654693603515625, -0.05233464390039444, 0.055466391146183014]
1.4591852858605396  ::  3.401691  ::  [-2.4570887088775635, -0.05255013331770897, 0.05546649917960167]
1.458831930292697  ::  3.41769  ::  [-2.444519281387329, -0.05286916345357895, 0.055467911064624786]
1.4592794144050387  ::  3.433968  ::  [-2.419379472732544, -0.05351023003458977, 0.05546316131949425]
1.4592794144050387  ::  3.448956  ::  [-2.419379472732544, -0.05351023003458977, 0.05546316131949425]
1.4618892937199242  ::  3.464882  ::  [-2.4068214893341064, -0.05382775515317917, 0.05546226352453232]
1.4629185178504804  ::  3.480173  ::  [-2.39424991607666, -0.054152779281139374, 0.05546536669135094]
1.4632700591493246  ::  3.496158  ::  [-2.3858723640441895, -0.05436331033706665, 0.05546582490205765]
1.4632700591493246  ::  3.512123  ::  [-2.37330961227417, -0.05468898266553879, 0.05546262487769127]
1.464179007917465  ::  3.528046  ::  [-2.3607277870178223, -0.055010996758937836, 0.05546655133366585]
1.4632988740098856  ::  3.544026  ::  [-2.352351665496826, -0.055223964154720306, 0.05546880513429642]
1.4632988740098856  ::  3.559985  ::  [-2.348165273666382, -0.05533071607351303, 0.05546846240758896]
1.456764517408299  ::  3.574995  ::  [-2.3397839069366455, -0.055543202906847, 0.05546853691339493]
1.450630794090216  ::  3.589979  ::  [-2.33139967918396, -0.055755455046892166, 0.055466704070568085]
1.450630794090216  ::  3.605529  ::  [-2.3230340480804443, -0.05596891790628433, 0.05546646565198898]
1.4555313480979943  ::  3.621514  ::  [-2.310457944869995, -0.05629013478755951, 0.05546560138463974]
1.4555313480979943  ::  3.637474  ::  [-2.3020687103271484, -0.05650116130709648, 0.055465951561927795]
1.4562481977957282  ::  3.653402  ::  [-2.2937049865722656, -0.056717801839113235, 0.055461738258600235]
1.4562481977957282  ::  3.668387  ::  [-2.285322904586792, -0.05693243071436882, 0.055465854704380035]
1.457813378332719  ::  3.683419  ::  [-2.2769362926483154, -0.057146329432725906, 0.05546402931213379]
1.458283594168392  ::  3.700374  ::  [-2.268568277359009, -0.05736393481492996, 0.05546465888619423]
1.458283594168392  ::  3.715332  ::  [-2.2559988498687744, -0.05768575146794319, 0.055461931973695755]
1.460524963433214  ::  3.730295  ::  [-2.243435859680176, -0.058008551597595215, 0.05546430125832558]
1.460524963433214  ::  3.746275  ::  [-2.2308619022369385, -0.05833115428686142, 0.05546702444553375]
1.4598034179804258  ::  3.761223  ::  [-2.2224762439727783, -0.058539774268865585, 0.055469147861003876]
1.4591194385680724  ::  3.777093  ::  [-2.2140982151031494, -0.05875590816140175, 0.055468857288360596]
1.4569599248515848  ::  3.792937  ::  [-2.2057223320007324, -0.05896511301398277, 0.05546766147017479]
1.4569599248515848  ::  3.808893  ::  [-2.197338819503784, -0.059178389608860016, 0.05546978861093521]
1.4550609188189096  ::  3.824953  ::  [-2.1847736835479736, -0.059497807174921036, 0.05546587333083153]
1.4543608244289834  ::  3.840911  ::  [-2.1722099781036377, -0.05981699377298355, 0.05546524375677109]
1.4543608244289834  ::  3.856332  ::  [-2.159627676010132, -0.06013542041182518, 0.05546291172504425]
1.4557271824281033  ::  3.872294  ::  [-2.1470742225646973, -0.060457244515419006, 0.055463407188653946]
1.4588484721570933  ::  3.888216  ::  [-2.1261281967163086, -0.06098978966474533, 0.05546417459845543]
1.4588484721570933  ::  3.904174  ::  [-2.1261281967163086, -0.06098978966474533, 0.05546417459845543]
1.4567524578555457  ::  3.91997  ::  [-2.1135478019714355, -0.061314355581998825, 0.05546336621046066]
1.4559478829156594  ::  3.935909  ::  [-2.1009724140167236, -0.06162988021969795, 0.05546681955456734]
1.4557088262947089  ::  3.951885  ::  [-2.0884101390838623, -0.061950232833623886, 0.05546963959932327]
1.4547554812969632  ::  3.967796  ::  [-2.0842154026031494, -0.062055785208940506, 0.05546882748603821]
1.4537868750952907  ::  3.983753  ::  [-2.0758469104766846, -0.06226831674575806, 0.05546853318810463]
1.452692444002502  ::  3.999709  ::  [-2.071648359298706, -0.06236985698342323, 0.05546942725777626]
1.4507971732295293  ::  4.014737  ::  [-2.0632755756378174, -0.06258048862218857, 0.05546870827674866]
1.4507971732295293  ::  4.029728  ::  [-2.050705671310425, -0.06289920955896378, 0.05546863377094269]
1.4499399844886927  ::  4.045655  ::  [-2.0381357669830322, -0.06321676075458527, 0.05546755716204643]
1.4511725134687625  ::  4.061361  ::  [-2.025568962097168, -0.0635363757610321, 0.05546458810567856]
1.4530297913144772  ::  4.077316  ::  [-2.0171830654144287, -0.06375046074390411, 0.05546354129910469]
1.4530297913144772  ::  4.092919  ::  [-2.0046181678771973, -0.06406771391630173, 0.05546491593122482]
1.4551673203595739  ::  4.108774  ::  [-2.000434160232544, -0.06417496502399445, 0.05546540766954422]
1.4559884371638563  ::  4.124731  ::  [-1.9920555353164673, -0.06438636034727097, 0.055465467274188995]
1.4565348522974573  ::  4.140196  ::  [-1.9836833477020264, -0.06459902971982956, 0.055464502424001694]
1.4565348522974573  ::  4.156154  ::  [-1.9752917289733887, -0.06481821089982986, 0.05546145886182785]
1.4558836364487788  ::  4.172111  ::  [-1.9669125080108643, -0.06502579152584076, 0.05546898767352104]
1.4558836364487788  ::  4.188114  ::  [-1.9627314805984497, -0.06512753665447235, 0.05546700954437256]
1.4606879274779423  ::  4.204142  ::  [-1.9501664638519287, -0.06545407325029373, 0.055467404425144196]
1.4594431255017075  ::  4.2201  ::  [-1.9417840242385864, -0.0656704381108284, 0.055469442158937454]
1.4595939232719768  ::  4.236056  ::  [-1.9292190074920654, -0.06598903983831406, 0.055466391146183014]
1.4595939232719768  ::  4.252013  ::  [-1.9250266551971436, -0.06609530746936798, 0.05546603351831436]
1.457767487999233  ::  4.267971  ::  [-1.9166491031646729, -0.06630586087703705, 0.05546555295586586]
1.457892992725232  ::  4.283243  ::  [-1.8998911380767822, -0.06673719733953476, 0.05546621233224869]
1.4590797380935216  ::  4.298231  ::  [-1.8915128707885742, -0.06695010513067245, 0.055465515702962875]
1.4590797380935216  ::  4.314197  ::  [-1.8915128707885742, -0.06695010513067245, 0.055465515702962875]
1.4612660389581604  ::  4.330122  ::  [-1.8831374645233154, -0.06716371327638626, 0.05546514689922333]
1.4612660389581604  ::  4.345761  ::  [-1.8747538328170776, -0.0673786997795105, 0.05546583980321884]
1.4632765691733771  ::  4.361143  ::  [-1.8663733005523682, -0.06759148836135864, 0.05546195060014725]
1.4632765691733771  ::  4.376121  ::  [-1.853816032409668, -0.06791229546070099, 0.05546491593122482]
1.4713321369691725  ::  4.391253  ::  [-1.8454341888427734, -0.06812988966703415, 0.055461250245571136]
1.4713321369691725  ::  4.40686  ::  [-1.8370575904846191, -0.06833773851394653, 0.055467404425144196]
1.4699023862768186  ::  4.422824  ::  [-1.8244918584823608, -0.06866465508937836, 0.055466242134571075]
1.4674260158158656  ::  4.438571  ::  [-1.8160967826843262, -0.06887930631637573, 0.05546828731894493]
1.4674260158158656  ::  4.454512  ::  [-1.8035404682159424, -0.06920121610164642, 0.05546826869249344]
1.4664052227000661  ::  4.469791  ::  [-1.7951476573944092, -0.06941525638103485, 0.05546846240758896]
1.464334821607906  ::  4.485498  ::  [-1.7825771570205688, -0.06973949074745178, 0.055461980402469635]
1.4625342129879615  ::  4.500459  ::  [-1.7742106914520264, -0.06994477659463882, 0.055465955287218094]
1.4635811529216776  ::  4.516415  ::  [-1.7532719373703003, -0.07048184424638748, 0.05546458810567856]
1.4652751465575464  ::  4.531547  ::  [-1.7532719373703003, -0.07048184424638748, 0.05546458810567856]
1.4652751465575464  ::  4.546531  ::  [-1.7406985759735107, -0.07079938799142838, 0.055465515702962875]
1.466613863634869  ::  4.562539  ::  [-1.732319712638855, -0.07101337611675262, 0.05546434223651886]
1.46869941920925  ::  4.578467  ::  [-1.719746708869934, -0.07133748382329941, 0.05546586960554123]
1.4685454197878074  ::  4.594365  ::  [-1.7113703489303589, -0.07155267149209976, 0.055467795580625534]
1.467670515243811  ::  4.610132  ::  [-1.6988013982772827, -0.07187460362911224, 0.05546854808926582]
1.466603618351114  ::  4.625922  ::  [-1.6904218196868896, -0.07208621501922607, 0.05546901375055313]
1.4647008770587364  ::  4.641843  ::  [-1.6820409297943115, -0.07230217754840851, 0.055468060076236725]
1.4637160491577852  ::  4.657944  ::  [-1.6694660186767578, -0.07262235134840012, 0.05546564236283302]
1.4637160491577852  ::  4.673945  ::  [-1.6652840375900269, -0.07273172587156296, 0.05546632409095764]
1.4620775508089225  ::  4.689889  ::  [-1.6569020748138428, -0.0729437917470932, 0.05546901375055313]
1.4620204546963296  ::  4.705819  ::  [-1.6443367004394531, -0.07326231151819229, 0.055467650294303894]
1.4620204546963296  ::  4.721372  ::  [-1.6317651271820068, -0.0735873281955719, 0.05546680465340614]
1.4626025148796615  ::  4.737368  ::  [-1.62339186668396, -0.07380111515522003, 0.055464066565036774]
1.4637877661440704  ::  4.753289  ::  [-1.6150165796279907, -0.07401681691408157, 0.05546507611870766]
1.466514719170198  ::  4.769396  ::  [-1.6066378355026245, -0.07423042505979538, 0.055461399257183075]
1.466514719170198  ::  4.78553  ::  [-1.5982621908187866, -0.0744440108537674, 0.05546290799975395]
1.46741907890499  ::  4.801483  ::  [-1.5856870412826538, -0.07476776838302612, 0.05546686798334122]
1.4671112935055162  ::  4.817585  ::  [-1.5731074810028076, -0.07508601993322372, 0.05546803027391434]
1.4661989296427906  ::  4.833515  ::  [-1.5605334043502808, -0.07540734112262726, 0.05546416714787483]
1.4648904148082043  ::  4.849472  ::  [-1.5521631240844727, -0.07562162727117538, 0.055469706654548645]
1.4648904148082043  ::  4.865429  ::  [-1.5437878370285034, -0.07583553344011307, 0.055464573204517365]
1.4633014353308242  ::  4.881091  ::  [-1.5395939350128174, -0.07594194263219833, 0.05546849966049194]
1.4617905761420762  ::  4.896541  ::  [-1.5312119722366333, -0.07615639269351959, 0.05547042936086655]
1.4617905761420762  ::  4.912059  ::  [-1.5186543464660645, -0.0764717385172844, 0.05546633154153824]
1.4617608007861633  ::  4.927534  ::  [-1.5102673768997192, -0.07669457793235779, 0.05546754598617554]
1.4620346486831985  ::  4.943525  ::  [-1.5060813426971436, -0.07679756730794907, 0.055466122925281525]
1.463719570974076  ::  4.959572  ::  [-1.4851348400115967, -0.07733301818370819, 0.05546579509973526]
1.467667100149226  ::  4.974735  ::  [-1.4851348400115967, -0.07733301818370819, 0.05546579509973526]
1.4702973633099157  ::  4.989695  ::  [-1.4767475128173828, -0.07754695415496826, 0.05546288192272186]
1.4713652206979648  ::  5.005652  ::  [-1.4641872644424438, -0.07786693423986435, 0.055466096848249435]
1.4713652206979648  ::  5.021707  ::  [-1.4558112621307373, -0.07808928936719894, 0.05546528100967407]
1.471747391126368  ::  5.037264  ::  [-1.4432388544082642, -0.07841035723686218, 0.05546749010682106]
1.471747391126368  ::  5.052618  ::  [-1.4306632280349731, -0.07873121649026871, 0.05546901747584343]
1.4707838008448675  ::  5.068275  ::  [-1.422286868095398, -0.07894487679004669, 0.05546940118074417]
1.4683173555025524  ::  5.083999  ::  [-1.409708857536316, -0.07926687598228455, 0.05547104775905609]
1.4666031914642907  ::  5.099957  ::  [-1.3929510116577148, -0.07969480007886887, 0.055470116436481476]
1.4666031914642907  ::  5.11495  ::  [-1.3929510116577148, -0.07969480007886887, 0.055470116436481476]
1.4654899773512844  ::  5.130085  ::  [-1.3845654726028442, -0.07991018146276474, 0.05546848103404045]
1.4659957315149827  ::  5.14602  ::  [-1.3803887367248535, -0.08001841604709625, 0.05546746030449867]
1.4659957315149827  ::  5.161977  ::  [-1.3678171634674072, -0.08034010976552963, 0.0554664209485054]
1.4683259999607208  ::  5.177963  ::  [-1.3594415187835693, -0.08055835962295532, 0.0554649755358696]
1.4701376009163607  ::  5.192894  ::  [-1.3468732833862305, -0.08088070899248123, 0.05546068400144577]
1.471427119287318  ::  5.208129  ::  [-1.334308385848999, -0.0812026783823967, 0.05546621233224869]
1.471427119287318  ::  5.224074  ::  [-1.3259197473526, -0.08141631633043289, 0.05546487867832184]
1.471783676506334  ::  5.240032  ::  [-1.3175557851791382, -0.08163122087717056, 0.055466167628765106]
1.4713232790675927  ::  5.255964  ::  [-1.3091647624969482, -0.0818469449877739, 0.05546731501817703]
1.4713232790675927  ::  5.271943  ::  [-1.3007888793945312, -0.08205914497375488, 0.05546921491622925]
1.471060957114782  ::  5.287918  ::  [-1.2965924739837646, -0.0821683332324028, 0.055470652878284454]
1.4682600459465478  ::  5.303054  ::  [-1.2882142066955566, -0.08237994462251663, 0.055470265448093414]
1.4666751218939875  ::  5.318213  ::  [-1.2756376266479492, -0.08270107209682465, 0.05547039210796356]
1.4666751218939875  ::  5.334141  ::  [-1.2630735635757446, -0.08302216231822968, 0.05547039210796356]
1.4656052367935284  ::  5.350099  ::  [-1.2463161945343018, -0.0834529772400856, 0.05546901375055313]
1.4659580587528418  ::  5.366055  ::  [-1.2379430532455444, -0.08366712182760239, 0.05546685680747032]
1.4673573937590483  ::  5.382014  ::  [-1.2379430532455444, -0.08366712182760239, 0.05546685680747032]
1.4673573937590483  ::  5.398  ::  [-1.2253806591033936, -0.0839921087026596, 0.05546094849705696]
1.4711630897872148  ::  5.413962  ::  [-1.2128071784973145, -0.08430985361337662, 0.05546603724360466]
1.4711630897872148  ::  5.429885  ::  [-1.2002403736114502, -0.08463076502084732, 0.05546289309859276]
1.471684425319957  ::  5.445842  ::  [-1.1918606758117676, -0.08484921604394913, 0.05546709895133972]
1.4725597567507767  ::  5.4618  ::  [-1.1876704692840576, -0.08495676517486572, 0.05546753853559494]
1.4722886836180917  ::  5.477756  ::  [-1.1792851686477661, -0.08517155796289444, 0.055468205362558365]
1.4722886836180917  ::  5.493743  ::  [-1.175098180770874, -0.0852770209312439, 0.055468928068876266]
1.4706818816158462  ::  5.509004  ::  [-1.166719675064087, -0.08549043536186218, 0.05546940490603447]
1.4690897004872927  ::  5.524961  ::  [-1.1541458368301392, -0.08581527322530746, 0.055470697581768036]
1.4690897004872927  ::  5.539952  ::  [-1.145766019821167, -0.08602782338857651, 0.055470503866672516]
1.4675961302148814  ::  5.555907  ::  [-1.1331918239593506, -0.08635184168815613, 0.05547008663415909]
1.4663454585448286  ::  5.571922  ::  [-1.1206262111663818, -0.08667241036891937, 0.05546930059790611]
1.466636275193083  ::  5.587844  ::  [-1.10806143283844, -0.08699516952037811, 0.055467743426561356]
1.4671742593119272  ::  5.603802  ::  [-1.0954945087432861, -0.08731672167778015, 0.055465806275606155]
1.4700474210749754  ::  5.619758  ::  [-1.087113380432129, -0.0875321626663208, 0.05546434968709946]
1.467498693297503  ::  5.635717  ::  [-1.061989426612854, -0.08817648887634277, 0.055465713143348694]
1.467498693297503  ::  5.651719  ::  [-1.061989426612854, -0.08817648887634277, 0.055465713143348694]
1.4721110986996713  ::  5.667704  ::  [-1.0494123697280884, -0.08849850296974182, 0.05546795204281807]
1.4721110986996713  ::  5.681686  ::  [-1.0494123697280884, -0.08849850296974182, 0.05546795204281807]
1.470736202964089  ::  5.697608  ::  [-1.0368415117263794, -0.08881811797618866, 0.05546917766332626]
1.4688612093152147  ::  5.713566  ::  [-1.0284571647644043, -0.08903415501117706, 0.055470697581768036]
1.4688612093152147  ::  5.729522  ::  [-1.0158822536468506, -0.08935626596212387, 0.055471234023571014]
1.4671401083660773  ::  5.744681  ::  [-1.0033135414123535, -0.08967876434326172, 0.0554715134203434]
1.4659241212504035  ::  5.759612  ::  [-0.990746259689331, -0.09000043570995331, 0.05546985939145088]
1.4663479131440615  ::  5.775662  ::  [-0.9781802892684937, -0.09032449126243591, 0.05546821281313896]
1.4663479131440615  ::  5.791647  ::  [-0.9698096513748169, -0.0905398353934288, 0.05546636879444122]
1.4674271897546294  ::  5.807485  ::  [-0.9572433829307556, -0.09086299687623978, 0.05546493083238602]
1.469407944613933  ::  5.822989  ::  [-0.9446731805801392, -0.09118331223726273, 0.055465493351221085]
1.4706161410450849  ::  5.838954  ::  [-0.9362891316413879, -0.09139955788850784, 0.05546717345714569]
1.4714796263665626  ::  5.854156  ::  [-0.9237210154533386, -0.09172028303146362, 0.05546794459223747]
1.4714796263665626  ::  5.869116  ::  [-0.9153428077697754, -0.09193634986877441, 0.05546756833791733]
1.4696021781184552  ::  5.884338  ::  [-0.9027642011642456, -0.0922652930021286, 0.05546926334500313]
1.4680043407394954  ::  5.900039  ::  [-0.8901890516281128, -0.09258423745632172, 0.05546820908784866]
1.46656349098974  ::  5.915859  ::  [-0.8776308298110962, -0.09290996193885803, 0.05547007545828819]
1.46656349098974  ::  5.931847  ::  [-0.8692481517791748, -0.09311883896589279, 0.05546976625919342]
1.4655865604950167  ::  5.947844  ::  [-0.8566811084747314, -0.09344518184661865, 0.05546731501817703]
1.4655865604950167  ::  5.963291  ::  [-0.8441094160079956, -0.09376725554466248, 0.05546525865793228]
1.4663431106673013  ::  5.979247  ::  [-0.8357372283935547, -0.09398263692855835, 0.0554666630923748]
1.4676174745560377  ::  5.994389  ::  [-0.8231749534606934, -0.09429952502250671, 0.055463504046201706]
1.4710493244488516  ::  6.010346  ::  [-0.8106052875518799, -0.0946301519870758, 0.05546491593122482]
1.4717912537474442  ::  6.025307  ::  [-0.8022229671478271, -0.09484275430440903, 0.05546542629599571]
1.4717912537474442  ::  6.041298  ::  [-0.7896478176116943, -0.09516546130180359, 0.055467892438173294]
1.47230618597784  ::  6.057221  ::  [-0.7854650020599365, -0.09527304023504257, 0.055467639118433]
1.4717644665992933  ::  6.073206  ::  [-0.777082085609436, -0.09548630565404892, 0.05546927824616432]
1.4703892506985934  ::  6.089236  ::  [-0.7645105123519897, -0.09580731391906738, 0.0554705373942852]
1.4667591118764374  ::  6.105165  ::  [-0.7519364356994629, -0.09613293409347534, 0.05547034367918968]
1.4657344767792297  ::  6.120449  ::  [-0.7393706440925598, -0.0964527353644371, 0.05547020584344864]
1.4657344767792297  ::  6.135445  ::  [-0.7309947609901428, -0.09666749835014343, 0.055468592792749405]
1.4653733305268652  ::  6.151367  ::  [-0.718421220779419, -0.09699073433876038, 0.05546877905726433]
1.4731252750697124  ::  6.167326  ::  [-0.7100453972816467, -0.09720395505428314, 0.05546692758798599]
1.477597448150484  ::  6.182616  ::  [-0.6974713802337646, -0.09752205014228821, 0.0554656907916069]
1.477597448150484  ::  6.198082  ::  [-0.6849114894866943, -0.09784951061010361, 0.05546211078763008]
1.478886219469501  ::  6.214003  ::  [-0.6723383069038391, -0.09817072004079819, 0.055466584861278534]
1.4868347453943975  ::  6.229726  ::  [-0.6639636754989624, -0.09838823974132538, 0.055466704070568085]
1.486163999473561  ::  6.244714  ::  [-0.6513832807540894, -0.09871157258749008, 0.055468685925006866]
1.486163999473561  ::  6.260671  ::  [-0.6388016939163208, -0.09903737902641296, 0.055469103157520294]
1.4844389498213098  ::  6.276601  ::  [-0.626245379447937, -0.09936432540416718, 0.05546983331441879]
1.4829438854450174  ::  6.292351  ::  [-0.6136704087257385, -0.09968757629394531, 0.055470895022153854]
1.481047440733281  ::  6.308345  ::  [-0.605288028717041, -0.09990674257278442, 0.05546947941184044]
1.481047440733281  ::  6.324286  ::  [-0.5927234888076782, -0.10023181140422821, 0.05546942353248596]
1.4813645109211577  ::  6.339438  ::  [-0.5843480825424194, -0.10044833272695541, 0.055467940866947174]
1.482252115348142  ::  6.354752  ::  [-0.5759673118591309, -0.10066672414541245, 0.05546571686863899]
1.482252115348142  ::  6.37068  ::  [-0.5675896406173706, -0.10088349878787994, 0.05546704679727554]
1.4853737252422494  ::  6.386719  ::  [-0.5592145919799805, -0.10110054165124893, 0.05546500161290169]
1.486764202346876  ::  6.402677  ::  [-0.5466439723968506, -0.10143015533685684, 0.055466871708631516]
1.486764202346876  ::  6.418662  ::  [-0.5340795516967773, -0.1017599105834961, 0.05546518415212631]
1.487328653448754  ::  6.434616  ::  [-0.5215052366256714, -0.10208100825548172, 0.05546902120113373]
1.4866604688488563  ::  6.450698  ::  [-0.5089336037635803, -0.10240598767995834, 0.05547025054693222]
1.4831323559774274  ::  6.466695  ::  [-0.4837842881679535, -0.10305711627006531, 0.0554707795381546]
1.4814714460703506  ::  6.482517  ::  [-0.4712194502353668, -0.10338205099105835, 0.05546324700117111]
1.4807757272703614  ::  6.498447  ::  [-0.4712194502353668, -0.10338205099105835, 0.05546324700117111]
1.4807757272703614  ::  6.513407  ::  [-0.4628452658653259, -0.10359621047973633, 0.05546940118074417]
1.4810037915556165  ::  6.529343  ::  [-0.4502820372581482, -0.10392499715089798, 0.055467430502176285]
1.4818953446857146  ::  6.545299  ::  [-0.437712699174881, -0.10425075888633728, 0.05546584352850914]
1.4835169810050637  ::  6.561143  ::  [-0.42514780163764954, -0.10457461327314377, 0.055465295910835266]
1.4779579540726138  ::  6.57663  ::  [-0.4125889241695404, -0.10489854961633682, 0.05546145886182785]
1.4783613621204676  ::  6.592614  ::  [-0.40420839190483093, -0.10511422157287598, 0.055464815348386765]
1.4783613621204676  ::  6.607745  ::  [-0.39164280891418457, -0.10543984174728394, 0.0554666742682457]
1.4770867847883198  ::  6.622702  ::  [-0.3790687620639801, -0.10576000809669495, 0.055468954145908356]
1.4770867847883198  ::  6.638653  ::  [-0.37068116664886475, -0.1059749573469162, 0.05547000467777252]
1.4753232086002814  ::  6.654733  ::  [-0.3581089973449707, -0.10629980266094208, 0.05547143891453743]
1.472674802749609  ::  6.67051  ::  [-0.34553930163383484, -0.1066221222281456, 0.05547013506293297]
1.471916865195149  ::  6.686487  ::  [-0.337161123752594, -0.10683903098106384, 0.05547036975622177]
1.471916865195149  ::  6.702438  ::  [-0.324601411819458, -0.10716427862644196, 0.055466193705797195]
1.4722976482413772  ::  6.718423  ::  [-0.3204067647457123, -0.10727141052484512, 0.055467985570430756]
1.4742115953128618  ::  6.734353  ::  [-0.3120271563529968, -0.10748708248138428, 0.05546560138463974]
1.4748128654032344  ::  6.749315  ::  [-0.2994658946990967, -0.10780999809503555, 0.055465780198574066]
1.4748128654032344  ::  6.765269  ::  [-0.2952665090560913, -0.10792064666748047, 0.05546540394425392]
1.4778698019436383  ::  6.781227  ::  [-0.2827087640762329, -0.10824207961559296, 0.05546589940786362]
1.4778698019436383  ::  6.797214  ::  [-0.27432510256767273, -0.10845834761857986, 0.05546707287430763]
1.4782074694207308  ::  6.813171  ::  [-0.2617562711238861, -0.10878092795610428, 0.055466558784246445]
1.4768138973866367  ::  6.828101  ::  [-0.24917937815189362, -0.1091064065694809, 0.055470000952482224]
1.4768138973866367  ::  6.843316  ::  [-0.23660771548748016, -0.1094290241599083, 0.05547013506293297]
1.473774463205981  ::  6.859276  ::  [-0.22823306918144226, -0.10964569449424744, 0.055471014231443405]
1.472850573399031  ::  6.875256  ::  [-0.21566015481948853, -0.10996875911951065, 0.05547109246253967]
1.472850573399031  ::  6.891188  ::  [-0.2072812020778656, -0.11018376052379608, 0.055470291525125504]
1.4719797242798545  ::  6.907155  ::  [-0.1989060938358307, -0.11040032655000687, 0.055468328297138214]
1.472102454241503  ::  6.923131  ::  [-0.19052553176879883, -0.11061576753854752, 0.055467620491981506]
1.4729089501720936  ::  6.939129  ::  [-0.1779615432024002, -0.11093994975090027, 0.05546681582927704]
1.474857581797957  ::  6.954051  ::  [-0.1653931736946106, -0.11126372218132019, 0.05546610802412033]
1.477454441064737  ::  6.96967  ::  [-0.15282951295375824, -0.11158784478902817, 0.055464617908000946]
1.477454441064737  ::  6.985055  ::  [-0.14444096386432648, -0.11180376261472702, 0.055464841425418854]
1.4788879270167934  ::  6.999975  ::  [-0.12350267171859741, -0.11233986914157867, 0.05546583980321884]
1.4775775979132086  ::  7.017926  ::  [-0.11092396080493927, -0.11266527324914932, 0.05547027289867401]
1.4775775979132086  ::  7.03192  ::  [-0.11092396080493927, -0.11266527324914932, 0.05547027289867401]
1.477061385022344  ::  7.047586  ::  [-0.10674010217189789, -0.11277321726083755, 0.05546978861093521]
1.4747392274262454  ::  7.063543  ::  [-0.09835398197174072, -0.11298888921737671, 0.05547120422124863]
1.4747392274262454  ::  7.079582  ::  [-0.08997116982936859, -0.11320463567972183, 0.055471524596214294]
1.4731492874535133  ::  7.095539  ::  [-0.07740311324596405, -0.11352786421775818, 0.055469926446676254]
1.4724709642915663  ::  7.111466  ::  [-0.06483697146177292, -0.1138506606221199, 0.055468931794166565]
1.4735203588245154  ::  7.127477  ::  [-0.052279163151979446, -0.11417355388402939, 0.055465687066316605]
1.4735203588245154  ::  7.143412  ::  [-0.043881893157958984, -0.11439100652933121, 0.055460505187511444]
1.4749949326332976  ::  7.15944  ::  [-0.03132924437522888, -0.1147133857011795, 0.055462196469306946]
1.4764197741271858  ::  7.175374  ::  [-0.01876150071620941, -0.11503905802965164, 0.05546606704592705]
1.4783713939608112  ::  7.191331  ::  [-0.006195581518113613, -0.11536379903554916, 0.05546625703573227]
1.4723224076771186  ::  7.207325  ::  [0.002188859973102808, -0.11557914316654205, 0.05546760559082031]
1.4712431310665508  ::  7.223081  ::  [0.014751957729458809, -0.1159004345536232, 0.05546800047159195]
1.4712431310665508  ::  7.238421  ::  [0.02313285693526268, -0.11611582338809967, 0.05546922609210014]
1.4695235242212943  ::  7.254378  ::  [0.03570813685655594, -0.116438128054142, 0.055470291525125504]
1.4689194793665714  ::  7.270334  ::  [0.03989823907613754, -0.11654651910066605, 0.0554702952504158]
1.4677349751541031  ::  7.286321  ::  [0.0524609312415123, -0.11686533689498901, 0.05546712875366211]
1.466084950861016  ::  7.302091  ::  [0.06502310931682587, -0.11718424409627914, 0.05545859783887863]
1.4652418493853425  ::  7.317345  ::  [0.07759761065244675, -0.11750876903533936, 0.05546148866415024]
1.4649683216534248  ::  7.332966  ::  [0.0901574119925499, -0.11782937496900558, 0.055458277463912964]
1.4649683216534248  ::  7.34899  ::  [0.09854018688201904, -0.11804337799549103, 0.055459387600421906]
1.4669662587073593  ::  7.364984  ::  [0.11111447215080261, -0.11837019771337509, 0.055464714765548706]
1.4684668726123522  ::  7.380907  ::  [0.12367728352546692, -0.11869180202484131, 0.05546582490205765]
1.4685331467916425  ::  7.396188  ::  [0.12786754965782166, -0.11879859864711761, 0.05546456575393677]
1.4689959988296166  ::  7.411176  ::  [0.13624221086502075, -0.11901518702507019, 0.05546598508954048]
1.4683165017289062  ::  7.42704  ::  [0.1488220989704132, -0.11933477222919464, 0.05546870082616806]
1.4701147624713236  ::  7.442986  ::  [0.16138611733913422, -0.11968246847391129, 0.055431995540857315]
1.4678796897871427  ::  7.458955  ::  [0.1697593480348587, -0.11988124251365662, 0.05546147748827934]
1.4678796897871427  ::  7.4749  ::  [0.18234436213970184, -0.1201988011598587, 0.05545523017644882]
1.4626359187735711  ::  7.490857  ::  [0.18651843070983887, -0.12030782550573349, 0.055457014590501785]
1.4626359187735711  ::  7.50682  ::  [0.19910483062267303, -0.1206226646900177, 0.05546455457806587]
1.462100282532254  ::  7.522755  ::  [0.21166075766086578, -0.12094242870807648, 0.05546517297625542]
1.464004197763395  ::  7.538012  ::  [0.220040425658226, -0.12115667760372162, 0.05546350032091141]
1.464004197763395  ::  7.553168  ::  [0.23261147737503052, -0.12147752195596695, 0.05546170845627785]
1.4665383046671756  ::  7.569125  ::  [0.2409888207912445, -0.12169497460126877, 0.05546579137444496]
1.4665383046671756  ::  7.585151  ::  [0.2535496652126312, -0.12201500684022903, 0.05546474829316139]
1.4668515328736442  ::  7.601058  ::  [0.2661392092704773, -0.12233445048332214, 0.05546102672815323]
1.4668515328736442  ::  7.616997  ::  [0.27869972586631775, -0.12265922129154205, 0.05546854808926582]
1.4640112413959767  ::  7.632995  ::  [0.29127371311187744, -0.12297909706830978, 0.05547090992331505]
1.4640112413959767  ::  7.648949  ::  [0.2996527850627899, -0.12319280952215195, 0.055469855666160583]
1.4610060648828769  ::  7.663911  ::  [0.312223345041275, -0.12351331859827042, 0.05546930804848671]
1.461920563179718  ::  7.686847  ::  [0.33317694067955017, -0.12405074387788773, 0.05546274781227112]
1.4625878940059696  ::  7.695824  ::  [0.3373594582080841, -0.12416190654039383, 0.055467087775468826]
1.4628827660790436  ::  7.709789  ::  [0.3373594582080841, -0.12416190654039383, 0.055467087775468826]
1.4628827660790436  ::  7.725743  ::  [0.34154313802719116, -0.1242675930261612, 0.055465854704380035]
1.4641382402258567  ::  7.740703  ::  [0.34992411732673645, -0.12448291480541229, 0.055465973913669586]
1.4656512338487202  ::  7.755668  ::  [0.35411179065704346, -0.12459008395671844, 0.055465321987867355]
1.4656512338487202  ::  7.771626  ::  [0.36250245571136475, -0.12480507045984268, 0.05546079948544502]
1.4664294485272786  ::  7.78658  ::  [0.37086620926856995, -0.12501898407936096, 0.0554644800722599]
1.4689314321976188  ::  7.802538  ::  [0.38343775272369385, -0.12533989548683167, 0.05546588823199272]
1.4684463820448421  ::  7.818495  ::  [0.3960103392601013, -0.12566515803337097, 0.055466704070568085]
1.4674339132220935  ::  7.834459  ::  [0.40858229994773865, -0.12598803639411926, 0.05546834319829941]
1.4656000074299451  ::  7.849761  ::  [0.4211570918560028, -0.12631064653396606, 0.05546959862112999]
1.4641232991870472  ::  7.865753  ::  [0.43372654914855957, -0.12663254141807556, 0.055469539016485214]
1.4641232991870472  ::  7.881258  ::  [0.4462922513484955, -0.12695562839508057, 0.0554686114192009]
1.4631051741138923  ::  7.896747  ::  [0.45467236638069153, -0.12716840207576752, 0.05546892061829567]
1.4628104087625238  ::  7.912704  ::  [0.4672541320323944, -0.12747982144355774, 0.055463239550590515]
1.462980309718128  ::  7.928661  ::  [0.47980308532714844, -0.12780426442623138, 0.05546565726399422]
1.464823607020385  ::  7.943621  ::  [0.49238139390945435, -0.12812891602516174, 0.0554642453789711]
1.4676313483777892  ::  7.958581  ::  [0.504932165145874, -0.12844954431056976, 0.05546436086297035]
1.4676313483777892  ::  7.974186  ::  [0.5133200883865356, -0.12866465747356415, 0.055463679134845734]
1.4721499454005758  ::  7.990143  ::  [0.5258928537368774, -0.12898221611976624, 0.05546639487147331]
1.4721499454005758  ::  8.00552  ::  [0.5342659950256348, -0.12919427454471588, 0.05546725541353226]
1.4711596746926296  ::  8.021478  ::  [0.5468449592590332, -0.12951654195785522, 0.055469658225774765]
1.4691485041471783  ::  8.036906  ::  [0.5594093799591064, -0.12983675301074982, 0.05546865612268448]
1.4691485041471783  ::  8.052068  ::  [0.5594093799591064, -0.12983675301074982, 0.05546865612268448]
1.4691485041471783  ::  8.068046  ::  [0.5594093799591064, -0.12983675301074982, 0.05546865612268448]
1.4691485041471783  ::  8.083177  ::  [0.5594093799591064, -0.12983675301074982, 0.05546865612268448]
1.4691485041471783  ::  8.098454  ::  [0.5594093799591064, -0.12983675301074982, 0.05546865612268448]
1.4691485041471783  ::  8.113537  ::  [0.5594093799591064, -0.12983675301074982, 0.05546865612268448]
1.4691485041471783  ::  8.128678  ::  [0.5594093799591064, -0.12983675301074982, 0.05546865612268448]
1.4669540924329  ::  8.144604  ::  [0.5594093799591064, -0.12983675301074982, 0.05546865612268448]
1.4669540924329  ::  8.159609  ::  [0.5719835162162781, -0.13015727698802948, 0.0554690957069397]
1.4663571979324646  ::  8.174626  ::  [0.5719835162162781, -0.13015727698802948, 0.0554690957069397]
1.4663571979324646  ::  8.19058  ::  [0.5761771202087402, -0.13026264309883118, 0.055469807237386703]
1.4656582774813018  ::  8.205813  ::  [0.5845596790313721, -0.1304740458726883, 0.05546704679727554]
1.4688304734639497  ::  8.221843  ::  [0.5929315090179443, -0.1306917667388916, 0.055467844009399414]
1.4698137005393141  ::  8.237781  ::  [0.60548996925354, -0.13101935386657715, 0.055464860051870346]
1.4698137005393141  ::  8.253158  ::  [0.613876461982727, -0.131232351064682, 0.05546248331665993]
1.471293396989974  ::  8.268739  ::  [0.6264429092407227, -0.13155706226825714, 0.05546330660581589]
1.4743723182017687  ::  8.283753  ::  [0.6348153352737427, -0.13177791237831116, 0.055463071912527084]
1.4745105228107556  ::  8.299639  ::  [0.6557682752609253, -0.1323135942220688, 0.055465977638959885]
1.4704732406810435  ::  8.315168  ::  [0.6557682752609253, -0.1323135942220688, 0.055465977638959885]
1.4704732406810435  ::  8.331125  ::  [0.6683343648910522, -0.13263551890850067, 0.055464379489421844]
1.468024084255065  ::  8.347024  ::  [0.6767184734344482, -0.13284800946712494, 0.055467020720243454]
1.466576190872728  ::  8.36178  ::  [0.6892944574356079, -0.13317109644412994, 0.05546928197145462]
1.463743583357877  ::  8.377879  ::  [0.70186448097229, -0.13349126279354095, 0.05546656996011734]
1.462973479528958  ::  8.393296  ::  [0.7102566957473755, -0.13370637595653534, 0.05546637251973152]
1.462973479528958  ::  8.409221  ::  [0.7186262607574463, -0.13392095267772675, 0.05546889826655388]
1.4635702673076878  ::  8.425217  ::  [0.7311893701553345, -0.13424034416675568, 0.055466245859861374]
1.4644709985044833  ::  8.440463  ::  [0.7395647764205933, -0.13445541262626648, 0.05546286329627037]
1.4685826656631251  ::  8.455936  ::  [0.7521339654922485, -0.13477937877178192, 0.05546429753303528]
1.4685826656631251  ::  8.471097  ::  [0.7647016644477844, -0.13510002195835114, 0.05546123534440994]
1.4743240799907555  ::  8.487127  ::  [0.7730847597122192, -0.13531510531902313, 0.055463217198848724]
1.4754058112005561  ::  8.502743  ::  [0.7856571674346924, -0.13564015924930573, 0.0554637610912323]
1.47598125463813  ::  8.518923  ::  [0.7982296943664551, -0.13596735894680023, 0.05546531826257706]
1.4753603477538932  ::  8.534738  ::  [0.8066085577011108, -0.13617591559886932, 0.05546860024333]
1.4746008093738467  ::  8.55052  ::  [0.8149930238723755, -0.13639311492443085, 0.0554698221385479]
1.472652284469689  ::  8.565672  ::  [0.827562153339386, -0.13671579957008362, 0.05546986311674118]
1.4700751687184785  ::  8.581204  ::  [0.8401254415512085, -0.13704055547714233, 0.055464401841163635]
1.4700751687184785  ::  8.596388  ::  [0.8485226631164551, -0.13725607097148895, 0.055467743426561356]
1.4703222294673628  ::  8.612562  ::  [0.8610879182815552, -0.13757845759391785, 0.05546541139483452]
1.4721890055448918  ::  8.628503  ::  [0.8694536089897156, -0.1377924233675003, 0.05546433478593826]
1.4721890055448918  ::  8.644358  ::  [0.8820232152938843, -0.1381189227104187, 0.0554659403860569]
1.4734276176621912  ::  8.659779  ::  [0.8904027938842773, -0.13833601772785187, 0.05546548217535019]
1.4762744191639114  ::  8.674991  ::  [0.9029690027236938, -0.13865935802459717, 0.055465973913669586]
1.4762744191639114  ::  8.691055  ::  [0.9155309200286865, -0.13898177444934845, 0.05546282231807709]
1.4764756963010153  ::  8.707077  ::  [0.9239169359207153, -0.13919667899608612, 0.05546698719263077]
1.4764756963010153  ::  8.722353  ::  [0.9364888668060303, -0.13951824605464935, 0.05546838790178299]
1.4758585246764813  ::  8.737509  ::  [0.9448843002319336, -0.13973285257816315, 0.05546797066926956]
1.4739154425793184  ::  8.752658  ::  [0.9574387073516846, -0.14005674421787262, 0.05546967312693596]
1.4707344954167965  ::  8.768013  ::  [0.9658313989639282, -0.14027220010757446, 0.05546853318810463]
1.470627773711015  ::  8.784013  ::  [0.990951657295227, -0.14093226194381714, 0.05546514689922333]
1.4704473073065385  ::  8.799385  ::  [0.990951657295227, -0.14093226194381714, 0.05546514689922333]
1.4704473073065385  ::  8.814546  ::  [0.9993278980255127, -0.14114217460155487, 0.05546129494905472]
1.4725264595785728  ::  8.829705  ::  [1.0077208280563354, -0.14135657250881195, 0.05546363443136215]
1.4738287845542237  ::  8.845593  ::  [1.0202934741973877, -0.14168187975883484, 0.05546477809548378]
1.475102614834431  ::  8.861514  ::  [1.0286624431610107, -0.14189746975898743, 0.05546628311276436]
1.475102614834431  ::  8.876863  ::  [1.0412322282791138, -0.14222079515457153, 0.05546664446592331]
1.475665144945605  ::  8.892377  ::  [1.0496073961257935, -0.1424371749162674, 0.05546722561120987]
1.475636970415279  ::  8.908156  ::  [1.062170386314392, -0.14275476336479187, 0.05546439811587334]
1.475636970415279  ::  8.923363  ::  [1.0705585479736328, -0.1429726928472519, 0.055468522012233734]
1.4740782999023407  ::  8.939309  ::  [1.083126425743103, -0.1432976871728897, 0.055468522012233734]
1.4711974541764763  ::  8.954394  ::  [1.091512680053711, -0.1435116082429886, 0.05547032505273819]
1.4747764733015631  ::  8.970207  ::  [1.104082703590393, -0.14383478462696075, 0.0554693341255188]
1.4749045393485007  ::  8.98519  ::  [1.1124557256698608, -0.1440557986497879, 0.05546608567237854]
1.475050854807127  ::  9.00008  ::  [1.125024676322937, -0.14437679946422577, 0.055466555058956146]
1.47752722526808  ::  9.016133  ::  [1.1334004402160645, -0.1445992887020111, 0.05546460300683975]
1.47752722526808  ::  9.032  ::  [1.141784429550171, -0.1448131501674652, 0.05546656996011734]
1.4793503521679443  ::  9.047532  ::  [1.1543447971343994, -0.14513756334781647, 0.05546455457806587]
1.4803241877332  ::  9.063039  ::  [1.162725806236267, -0.1453503966331482, 0.0554647259414196]
1.4822195652278787  ::  9.078769  ::  [1.1752989292144775, -0.14567379653453827, 0.05546695739030838]
1.4822851990769343  ::  9.094442  ::  [1.1878644227981567, -0.1459989696741104, 0.05546683073043823]
1.4822851990769343  ::  9.110508  ::  [1.1962518692016602, -0.14621585607528687, 0.05546487867832184]
1.4792112937853112  ::  9.126542  ::  [1.2088041305541992, -0.14654436707496643, 0.05546220391988754]
1.4792112937853112  ::  9.142576  ::  [1.221390724182129, -0.14686666429042816, 0.05547022074460983]
1.4767685406616795  ::  9.158479  ::  [1.2297625541687012, -0.14708201587200165, 0.05546756833791733]
1.4767685406616795  ::  9.174596  ::  [1.2423374652862549, -0.14740583300590515, 0.05546765774488449]
1.4764212682310667  ::  9.190542  ::  [1.2507164478302002, -0.147624209523201, 0.055468108505010605]
1.4765062187088687  ::  9.206449  ::  [1.2632877826690674, -0.14795055985450745, 0.05546777695417404]
1.4775942464993106  ::  9.221707  ::  [1.2758533954620361, -0.14827585220336914, 0.05546609312295914]
1.4800345450237093  ::  9.236963  ::  [1.284233570098877, -0.14849193394184113, 0.055466435849666595]
1.4800345450237093  ::  9.253078  ::  [1.292612075805664, -0.1487080603837967, 0.05546638369560242]
1.4814533033803678  ::  9.26825  ::  [1.3051807880401611, -0.14903302490711212, 0.055466730147600174]
1.481982536319338  ::  9.284077  ::  [1.3135594129562378, -0.14924907684326172, 0.05546724796295166]
1.4813290793148381  ::  9.300543  ::  [1.3345030546188354, -0.1497906893491745, 0.05546710640192032]
1.4813290793148381  ::  9.315552  ::  [1.3345030546188354, -0.1497906893491745, 0.05546710640192032]
1.4779469617369183  ::  9.331705  ::  [1.34707772731781, -0.15011091530323029, 0.055468685925006866]
1.4779469617369183  ::  9.346991  ::  [1.3596456050872803, -0.15043558180332184, 0.05546826869249344]
1.4755946018980837  ::  9.361911  ::  [1.3722115755081177, -0.1507643461227417, 0.05546572059392929]
1.4755946018980837  ::  9.37744  ::  [1.380609154701233, -0.15097598731517792, 0.055465810000896454]
1.4755096514202817  ::  9.392875  ::  [1.3931583166122437, -0.15130288898944855, 0.05546547845005989]
1.4774746114671296  ::  9.408019  ::  [1.4015464782714844, -0.15152005851268768, 0.05546677112579346]
1.4774746114671296  ::  9.423519  ::  [1.4141145944595337, -0.15184429287910461, 0.055466096848249435]
1.4787023379704394  ::  9.439528  ::  [1.4224920272827148, -0.15206097066402435, 0.05546621233224869]
1.4804885391601035  ::  9.454682  ::  [1.4350595474243164, -0.1523856669664383, 0.05546628683805466]
1.4813624832087477  ::  9.470058  ::  [1.4476277828216553, -0.1527102142572403, 0.055467166006565094]
1.481037729058055  ::  9.485608  ::  [1.456010103225708, -0.1529250293970108, 0.055467717349529266]
1.481037729058055  ::  9.500817  ::  [1.4685804843902588, -0.15325060486793518, 0.05546179786324501]
1.4781246533770445  ::  9.516382  ::  [1.4769461154937744, -0.153464674949646, 0.05546054244041443]
1.4781246533770445  ::  9.531368  ::  [1.4895256757736206, -0.1537884622812271, 0.05546680465340614]
1.4755306755963205  ::  9.547355  ::  [1.497908592224121, -0.15400631725788116, 0.05546913295984268]
1.4772999080347655  ::  9.562646  ::  [1.51046884059906, -0.15432873368263245, 0.055464278906583786]
1.4772999080347655  ::  9.57822  ::  [1.5230367183685303, -0.15465088188648224, 0.05546226352453232]
1.4808351712604817  ::  9.594232  ::  [1.5314265489578247, -0.15486986935138702, 0.055461812764406204]
1.4822066519014792  ::  9.60972  ::  [1.5523756742477417, -0.1554132103919983, 0.0554661750793457]
1.4832940393616862  ::  9.625381  ::  [1.5523756742477417, -0.1554132103919983, 0.0554661750793457]
1.4832940393616862  ::  9.640267  ::  [1.5607558488845825, -0.15562985837459564, 0.05546640232205391]
1.4846940146981273  ::  9.656299  ::  [1.5733228921890259, -0.15595707297325134, 0.055465541779994965]
1.484649831911934  ::  9.672017  ::  [1.5817011594772339, -0.15617342293262482, 0.05546734482049942]
1.484649831911934  ::  9.687446  ::  [1.5942703485488892, -0.1564997434616089, 0.0554678775370121]
1.4831294744913712  ::  9.70262  ::  [1.606838345527649, -0.1568254679441452, 0.05546753481030464]
1.4820918193460582  ::  9.718464  ::  [1.6152220964431763, -0.15704147517681122, 0.05546778440475464]
1.4792778881297188  ::  9.733808  ::  [1.6278060674667358, -0.15736256539821625, 0.05546574667096138]
1.4785108792302675  ::  9.749215  ::  [1.6361656188964844, -0.15757974982261658, 0.05546377971768379]
1.4785898532925459  ::  9.764508  ::  [1.6487356424331665, -0.15790382027626038, 0.055463384836912155]
1.4785898532925459  ::  9.780519  ::  [1.6571276187896729, -0.15812194347381592, 0.055464498698711395]
1.47944330677368  ::  9.796604  ::  [1.6654999256134033, -0.15833881497383118, 0.05546662583947182]
1.4824715351752287  ::  9.812562  ::  [1.678067684173584, -0.15866462886333466, 0.05546622723340988]
1.4824715351752287  ::  9.828269  ::  [1.686450719833374, -0.15888148546218872, 0.055464908480644226]
1.4835044945654874  ::  9.844343  ::  [1.6948260068893433, -0.15909868478775024, 0.05546645075082779]
1.4856172641748426  ::  9.859469  ::  [1.707395076751709, -0.1594235748052597, 0.05546767637133598]
1.4848106615225465  ::  9.874143  ::  [1.7199585437774658, -0.159748375415802, 0.05546701326966286]
1.4848106615225465  ::  9.88901  ::  [1.7283453941345215, -0.1599626988172531, 0.055466361343860626]
1.4825557386010901  ::  9.904767  ::  [1.7409064769744873, -0.16028422117233276, 0.055466122925281525]
1.4847862222519226  ::  9.920328  ::  [1.7492923736572266, -0.16050493717193604, 0.05546185001730919]
1.4847862222519226  ::  9.936333  ::  [1.7576682567596436, -0.16071805357933044, 0.05546100065112114]
1.4838126001300784  ::  9.951938  ::  [1.7702478170394897, -0.16104570031166077, 0.0554685965180397]
1.4834544420854758  ::  9.9675  ::  [1.778640866279602, -0.16126284003257751, 0.055466774851083755]
1.4848551644738572  ::  9.983404  ::  [1.8037644624710083, -0.1619158834218979, 0.05546632036566734]
1.4861822488852496  ::  9.999371  ::  [1.8121435642242432, -0.1621338427066803, 0.055466361343860626]
1.4881408056297507  ::  10.014638  ::  [1.8121435642242432, -0.1621338427066803, 0.055466361343860626]
1.4881408056297507  ::  10.029898  ::  [1.8247112035751343, -0.16246002912521362, 0.055466391146183014]
1.4895511329716526  ::  10.045697  ::  [1.8372830152511597, -0.16278626024723053, 0.05546685680747032]
1.4897745015018533  ::  10.061607  ::  [1.8456611633300781, -0.16300353407859802, 0.055467747151851654]
1.4876537277645643  ::  10.076246  ::  [1.8582242727279663, -0.16332855820655823, 0.05546310171484947]
1.4876537277645643  ::  10.091881  ::  [1.870792031288147, -0.16365183889865875, 0.055466167628765106]
1.484575980491533  ::  10.10731  ::  [1.8791769742965698, -0.16386717557907104, 0.05546797066926956]
1.483519222160885  ::  10.122655  ::  [1.8917427062988281, -0.164192795753479, 0.055465325713157654]
1.4831656531496311  ::  10.138213  ::  [1.9001193046569824, -0.16441413760185242, 0.055463746190071106]
1.4831083435936265  ::  10.154035  ::  [1.9085099697113037, -0.16463012993335724, 0.0554685965180397]
1.4843784386141317  ::  10.169657  ::  [1.92108154296875, -0.164956197142601, 0.05546693876385689]
1.4843784386141317  ::  10.185158  ::  [1.9336402416229248, -0.16527777910232544, 0.055452872067689896]
1.4864718915947406  ::  10.20015  ::  [1.9545915126800537, -0.16582989692687988, 0.05546616017818451]
1.4879324848600655  ::  10.2156  ::  [1.9545915126800537, -0.16582989692687988, 0.05546616017818451]
1.4879324848600655  ::  10.23088  ::  [1.9671623706817627, -0.16615650057792664, 0.05546707287430763]
1.486746059656893  ::  10.246288  ::  [1.9797333478927612, -0.16648176312446594, 0.055468056350946426]
1.486746059656893  ::  10.26217  ::  [1.9880993366241455, -0.16669079661369324, 0.05545974522829056]
1.48564490509664  ::  10.277347  ::  [2.000676393508911, -0.1670204997062683, 0.0554640106856823]
1.4845323313138685  ::  10.292586  ::  [2.009056806564331, -0.1672360599040985, 0.05546783655881882]
1.4836323471690134  ::  10.308127  ::  [2.017451286315918, -0.16745713353157043, 0.05546325072646141]
1.481277959617769  ::  10.323525  ::  [2.030010938644409, -0.16777704656124115, 0.05546831339597702]
1.481277959617769  ::  10.339264  ::  [2.042574167251587, -0.16810111701488495, 0.05546499043703079]
1.481461520951713  ::  10.355262  ::  [2.050960063934326, -0.16831831634044647, 0.05546683818101883]
1.4842010671391228  ::  10.370706  ::  [2.071906089782715, -0.16886207461357117, 0.055466074496507645]
1.4842010671391228  ::  10.386809  ::  [2.071906089782715, -0.16886207461357117, 0.055466074496507645]
1.4878488150427327  ::  10.402716  ::  [2.08447265625, -0.16918979585170746, 0.05546549707651138]
1.4878488150427327  ::  10.418679  ::  [2.09704327583313, -0.1695178747177124, 0.05546712130308151]
1.4883924554119834  ::  10.434454  ::  [2.1096134185791016, -0.16984307765960693, 0.055467747151851654]
1.4875909754015648  ::  10.449719  ::  [2.1305689811706543, -0.1703876107931137, 0.05546322092413902]
1.4858716887214256  ::  10.465571  ::  [2.1305689811706543, -0.1703876107931137, 0.05546322092413902]
1.484324544152712  ::  10.480352  ::  [2.143132448196411, -0.170711949467659, 0.05546853691339493]
1.4824841283365109  ::  10.496427  ::  [2.151508331298828, -0.17093007266521454, 0.0554671548306942]
1.4824841283365109  ::  10.511682  ::  [2.164083480834961, -0.17125748097896576, 0.05546872690320015]
1.4767104840537344  ::  10.527205  ::  [2.176652431488037, -0.1715783327817917, 0.05546347051858902]
1.4765674769679873  ::  10.5424  ::  [2.1850333213806152, -0.17179898917675018, 0.055466677993535995]
1.4791055325748816  ::  10.557556  ::  [2.1976027488708496, -0.17212402820587158, 0.055466428399086]
1.4791055325748816  ::  10.572809  ::  [2.205982208251953, -0.17233996093273163, 0.055465079843997955]
1.481755432529435  ::  10.588838  ::  [2.21855092048645, -0.17266517877578735, 0.055465634912252426]
1.4824589420139465  ::  10.604472  ::  [2.2269277572631836, -0.17288142442703247, 0.055466510355472565]
1.4824589420139465  ::  10.620518  ::  [2.2394967079162598, -0.1732066124677658, 0.055467862635850906]
1.482203770415423  ::  10.636021  ::  [2.2478740215301514, -0.1734228879213333, 0.055466827005147934]
1.4812568287200243  ::  10.651209  ::  [2.2604589462280273, -0.1737469732761383, 0.05546834319829941]
1.4778742842552812  ::  10.667145  ::  [2.2730185985565186, -0.17407095432281494, 0.05546935647726059]
1.4768643767534713  ::  10.683138  ::  [2.2939658164978027, -0.17460066080093384, 0.05546555668115616]
1.4834932887863803  ::  10.698644  ::  [2.2939658164978027, -0.17460066080093384, 0.05546555668115616]
1.4834932887863803  ::  10.713979  ::  [2.3023533821105957, -0.17481815814971924, 0.05546834319829941]
1.4835210364298834  ::  10.729433  ::  [2.31492280960083, -0.17514483630657196, 0.055467408150434494]
1.4858907919067605  ::  10.744778  ::  [2.32749080657959, -0.17547060549259186, 0.05546637251973152]
1.4876180827148333  ::  10.759631  ::  [2.33587384223938, -0.17568840086460114, 0.05546582490205765]
1.4884152938570208  ::  10.774788  ::  [2.348436117172241, -0.1760147362947464, 0.05546579509973526]
1.4884152938570208  ::  10.790556  ::  [2.356815814971924, -0.1762312352657318, 0.05546608939766884]
1.4888045079180057  ::  10.806037  ::  [2.3651795387268066, -0.17644329369068146, 0.05545961111783981]
1.4884417608400544  ::  10.821985  ::  [2.377767324447632, -0.17677465081214905, 0.055467940866947174]
1.4843940199831758  ::  10.837566  ::  [2.3861536979675293, -0.17699162662029266, 0.0554598905146122]
1.4843940199831758  ::  10.853434  ::  [2.3987011909484863, -0.1773090660572052, 0.055459074676036835]
1.4731197255410118  ::  10.8688  ::  [2.4070959091186523, -0.17752224206924438, 0.05546414107084274]
1.4719257230967289  ::  10.884054  ::  [2.4196789264678955, -0.17784671485424042, 0.05546768009662628]
1.4713210379117714  ::  10.900627  ::  [2.440622568130493, -0.1783747524023056, 0.055467668920755386]
1.4713210379117714  ::  10.915081  ::  [2.440622568130493, -0.1783747524023056, 0.055467668920755386]
1.472831576935402  ::  10.930959  ::  [2.453191041946411, -0.17869921028614044, 0.05546684190630913]
1.4747676153999831  ::  10.9461  ::  [2.461568832397461, -0.17891532182693481, 0.055466435849666595]
1.4747676153999831  ::  10.961926  ::  [2.474132776260376, -0.17923973500728607, 0.055465515702962875]
1.476371322472761  ::  10.976865  ::  [2.4867043495178223, -0.1795627623796463, 0.05546622723340988]
1.4774841096989442  ::  10.992019  ::  [2.495084285736084, -0.17977836728096008, 0.055467016994953156]
1.4767677936097392  ::  11.007233  ::  [2.5076537132263184, -0.18010148406028748, 0.05546749383211136]
1.4758121007344662  ::  11.022889  ::  [2.52022385597229, -0.18042433261871338, 0.05546862632036209]
1.4758121007344662  ::  11.038837  ::  [2.5286002159118652, -0.18064181506633759, 0.05546311289072037]
1.4742287775074927  ::  11.054808  ::  [2.541168451309204, -0.18095476925373077, 0.055464811623096466]
1.4727515356560659  ::  11.070793  ::  [2.5495550632476807, -0.18116872012615204, 0.055468522012233734]
1.4714975556131338  ::  11.086728  ::  [2.5621321201324463, -0.18149292469024658, 0.05546816065907478]
1.472810019150834  ::  11.102339  ::  [2.570495367050171, -0.18170394003391266, 0.05545971915125847]
1.477369917473758  ::  11.1177  ::  [2.578887701034546, -0.18192553520202637, 0.05546439811587334]
1.4800055167197368  ::  11.132702  ::  [2.5998330116271973, -0.18246833980083466, 0.05546531826257706]
1.4800055167197368  ::  11.148815  ::  [2.5998330116271973, -0.18246833980083466, 0.05546531826257706]
1.4830925487811708  ::  11.164083  ::  [2.6082119941711426, -0.18268471956253052, 0.05546560510993004]
1.4830925487811708  ::  11.179602  ::  [2.6207797527313232, -0.1830098032951355, 0.05546598508954048]
1.4840986143015726  ::  11.195588  ::  [2.633350372314453, -0.18333552777767181, 0.055466942489147186]
1.485810537184013  ::  11.210956  ::  [2.6417317390441895, -0.18355263769626617, 0.05546281859278679]
1.485810537184013  ::  11.226872  ::  [2.6543006896972656, -0.18387749791145325, 0.05546840652823448]
1.4844738478191002  ::  11.242077  ::  [2.6626737117767334, -0.18409091234207153, 0.05546579509973526]
1.4826700375479822  ::  11.257681  ::  [2.6752538681030273, -0.18441908061504364, 0.05546935275197029]
1.4816269395956743  ::  11.272788  ::  [2.6836438179016113, -0.18463504314422607, 0.05546657368540764]
1.4804949424624505  ::  11.288774  ::  [2.696204423904419, -0.18496084213256836, 0.055468399077653885]
1.4804949424624505  ::  11.304573  ::  [2.7045834064483643, -0.18517817556858063, 0.055467117577791214]
1.481381372950671  ::  11.320078  ::  [2.717151165008545, -0.18550339341163635, 0.05546604096889496]
1.4835873106091737  ::  11.336154  ::  [2.7255425453186035, -0.18572193384170532, 0.05546465143561363]
1.4835873106091737  ::  11.352122  ::  [2.7380943298339844, -0.18604710698127747, 0.05546417459845543]
1.4864351793279518  ::  11.368033  ::  [2.750664710998535, -0.18637146055698395, 0.05546564608812332]
1.4866151121238993  ::  11.383923  ::  [2.771615743637085, -0.18691463768482208, 0.05546808987855911]
1.4858112842359534  ::  11.400038  ::  [2.7841849327087402, -0.18724210560321808, 0.05546692758798599]
1.4839077958916354  ::  11.415704  ::  [2.7841849327087402, -0.18724210560321808, 0.05546692758798599]
1.482516358291657  ::  11.431808  ::  [2.7967512607574463, -0.18756544589996338, 0.055468183010816574]
1.482516358291657  ::  11.44747  ::  [2.8051419258117676, -0.1877819299697876, 0.05546829104423523]
1.4804134070792334  ::  11.463001  ::  [2.817713737487793, -0.18810856342315674, 0.055467844009399414]
1.4860294234025706  ::  11.478152  ::  [2.830282688140869, -0.18843072652816772, 0.05546271428465843]
1.4864233332186099  ::  11.494093  ::  [2.8386597633361816, -0.1886512041091919, 0.055466849356889725]
1.4864233332186099  ::  11.509677  ::  [2.8470447063446045, -0.1888701468706131, 0.055466167628765106]
1.488124583930472  ::  11.525556  ::  [2.8596012592315674, -0.18919618427753448, 0.05546426773071289]
1.4899202833519507  ::  11.54107  ::  [2.87217378616333, -0.18952473998069763, 0.05546579509973526]
1.4921531148803102  ::  11.557093  ::  [2.884737253189087, -0.18985073268413544, 0.05546395108103752]
1.4921531148803102  ::  11.572945  ::  [2.8973124027252197, -0.19017700850963593, 0.05546722561120987]
1.4907957215044758  ::  11.588479  ::  [2.905683755874634, -0.19039443135261536, 0.05546604469418526]
1.4894060981734956  ::  11.60442  ::  [2.9182538986206055, -0.19071978330612183, 0.05546635761857033]
1.4823245793863675  ::  11.620227  ::  [2.926633596420288, -0.19093851745128632, 0.055466633290052414]
1.4810383693882896  ::  11.635373  ::  [2.93920636177063, -0.1912633776664734, 0.0554598830640316]
1.4803754141519752  ::  11.650431  ::  [2.9475910663604736, -0.19148066639900208, 0.05546174198389053]
1.4803239742897885  ::  11.666041  ::  [2.9685397148132324, -0.1920219212770462, 0.0554654635488987]
1.4807416830462172  ::  11.681526  ::  [2.9685397148132324, -0.1920219212770462, 0.0554654635488987]
1.481825762133545  ::  11.696615  ::  [2.981107711791992, -0.19235076010227203, 0.05546554550528526]
1.481825762133545  ::  11.712591  ::  [2.989492654800415, -0.19256481528282166, 0.0554623156785965]
1.4852873873822723  ::  11.728394  ::  [3.0020642280578613, -0.1928901970386505, 0.05546092987060547]
1.4862447878048375  ::  11.7432  ::  [3.010430335998535, -0.19310803711414337, 0.05546427145600319]
1.486306579672485  ::  11.75875  ::  [3.0230062007904053, -0.19343304634094238, 0.05546627193689346]
1.485977983540384  ::  11.774592  ::  [3.0313830375671387, -0.1936511993408203, 0.05546685308218002]
1.485977983540384  ::  11.789749  ::  [3.0397660732269287, -0.19386695325374603, 0.05546816810965538]
1.484430412084847  ::  11.805054  ::  [3.052327871322632, -0.19418849050998688, 0.055464185774326324]
1.4834049232139932  ::  11.820732  ::  [3.0607073307037354, -0.1944115161895752, 0.055467765778303146]
1.4817981212117477  ::  11.83669  ::  [3.0732805728912354, -0.19473399221897125, 0.05546797439455986]
1.4808781801079116  ::  11.852765  ::  [3.0816650390625, -0.19495122134685516, 0.055467866361141205]
1.4799520491451401  ::  11.868522  ::  [3.094240665435791, -0.1952778697013855, 0.05546699836850166]
1.4804474513033776  ::  11.884341  ::  [3.1068098545074463, -0.19560177624225616, 0.05546236410737038]
1.4822180711239976  ::  11.90067  ::  [3.127739906311035, -0.19614148139953613, 0.05545945465564728]
1.4835580688617895  ::  11.915675  ::  [3.127739906311035, -0.19614148139953613, 0.05545945465564728]
1.4835580688617895  ::  11.931251  ::  [3.1361234188079834, -0.1963546872138977, 0.05546433478593826]
1.485048224039616  ::  11.94659  ::  [3.148695945739746, -0.19668170809745789, 0.055467166006565094]
1.4853364793669317  ::  11.961635  ::  [3.157073736190796, -0.19689476490020752, 0.055463578552007675]
1.4841604061692202  ::  11.976842  ::  [3.1696417331695557, -0.1972169131040573, 0.0554630346596241]
1.4841604061692202  ::  11.992822  ::  [3.178018808364868, -0.1974371373653412, 0.055467717349529266]
1.48315252637982  ::  12.008338  ::  [3.1864023208618164, -0.19765278697013855, 0.05546828731894493]
1.4820227704024176  ::  12.023801  ::  [3.194784641265869, -0.1978697031736374, 0.05546904355287552]
1.4803484135604126  ::  12.039553  ::  [3.2031500339508057, -0.19808684289455414, 0.05546166002750397]
1.4779979747122818  ::  12.054805  ::  [3.2115478515625, -0.19830405712127686, 0.055465131998062134]
1.4779979747122818  ::  12.070348  ::  [3.2199206352233887, -0.1985272914171219, 0.05546595901250839]
1.478256668127096  ::  12.086019  ::  [3.2324929237365723, -0.19886592030525208, 0.05546646937727928]
1.478256668127096  ::  12.100791  ::  [3.240861654281616, -0.19908320903778076, 0.055464666336774826]
1.4811140350776886  ::  12.116626  ::  [3.261810541152954, -0.19962605834007263, 0.05546191707253456]
1.482568011597255  ::  12.132333  ::  [3.261810541152954, -0.19962605834007263, 0.05546191707253456]
1.482568011597255  ::  12.147295  ::  [3.2743797302246094, -0.19995269179344177, 0.055465273559093475]
1.4838313831502958  ::  12.16296  ::  [3.282761335372925, -0.20016898214817047, 0.05546599254012108]
1.4838313831502958  ::  12.178789  ::  [3.291156053543091, -0.2003852128982544, 0.05546622723340988]
1.4819294956315647  ::  12.194392  ::  [3.3037242889404297, -0.20071029663085938, 0.05546169355511665]
1.4819294956315647  ::  12.210275  ::  [3.3162691593170166, -0.20103470981121063, 0.05546421930193901]
1.4811902343756165  ::  12.225678  ::  [3.3246614933013916, -0.2012501060962677, 0.05546591803431511]
1.4790262383474861  ::  12.241554  ::  [3.337238073348999, -0.20157283544540405, 0.055463287979364395]
1.4790262383474861  ::  12.257654  ::  [3.3456027507781982, -0.20178748667240143, 0.0554647296667099]
1.4802835267632974  ::  12.273107  ::  [3.358180046081543, -0.20211297273635864, 0.0554657056927681]
1.4807273823376423  ::  12.288992  ::  [3.3665614128112793, -0.20234248042106628, 0.05546634644269943]
1.4828906313138324  ::  12.304998  ::  [3.379124164581299, -0.2026674598455429, 0.05546245723962784]
1.4850824817071717  ::  12.320409  ::  [3.3875041007995605, -0.20288482308387756, 0.05546184629201889]
1.4865438220244371  ::  12.336209  ::  [3.400088310241699, -0.20321185886859894, 0.05546541139483452]
1.4865438220244371  ::  12.351153  ::  [3.4126415252685547, -0.20353879034519196, 0.05546625703573227]
1.4866665519860858  ::  12.366238  ::  [3.42521595954895, -0.20386306941509247, 0.05546818673610687]
1.4822180711239976  ::  12.381767  ::  [3.4335899353027344, -0.20408351719379425, 0.055464573204517365]
1.4822180711239976  ::  12.397321  ::  [3.4461612701416016, -0.20440475642681122, 0.05546761304140091]
1.4814837190665155  ::  12.413333  ::  [3.454538345336914, -0.20462962985038757, 0.05545958876609802]
1.479498055008746  ::  12.429147  ::  [3.467107057571411, -0.20495598018169403, 0.05546196177601814]
1.478224011285127  ::  12.44486  ::  [3.4754867553710938, -0.20517048239707947, 0.05546552315354347]
